Parameter,Value
network_capacity_type,MEDIUM
LINK_LENGTH_METERS,250.0
relay_connectivity_config,MINIMAL
ew_location,"(10000.0, 0.0)"
ew_power_W,100.0
BANDWIDTH_MHZ_RANGE,"(400, 1200)"
EW_JAMMER_BW_AREA_SELECTION,random
start_point,"(0.0, 0.0)"
end_point,"(10000.0, 0.0)"
step_size_m,10.0
max_steps,1000
logging_enabled,True
csv_output_enabled,True
csv_filename,swarm_simulation_log_v3.csv
EW_JAMMER_ACTUAL_BW_AREA,2

step,leader_pos_x,leader_pos_y,connected_drones_count,edge_u,edge_v,is_active,current_capacity,required_safety_capacity,bw_area,is_ew_susceptible
1,10.0,0.0,13,M1,R1,True,7830535.74603555,1000000.0,1,False
1,10.0,0.0,13,M1,R2,True,4599136.010844586,1000000.0,2,True
1,10.0,0.0,13,M1,R3,True,6768677.673822663,1000000.0,4,False
1,10.0,0.0,13,M1,R4,True,7043863.120225582,1000000.0,3,False
1,10.0,0.0,13,R1,S1,True,4567327.146216803,500000.0,2,True
1,10.0,0.0,13,R1,S2,True,7043863.120225582,500000.0,3,False
1,10.0,0.0,13,R2,S3,True,7830535.74603555,500000.0,1,False
1,10.0,0.0,13,R2,S4,True,6768677.67382266,500000.0,4,False
1,10.0,0.0,13,R3,A1,True,4661894.881523294,500000.0,2,True
1,10.0,0.0,13,R3,A2,True,7043863.120225582,500000.0,3,False
1,10.0,0.0,13,R4,A3,True,7830535.74603555,500000.0,1,False
1,10.0,0.0,13,R4,A4,True,6768677.67382266,500000.0,4,False
2,20.0,0.0,13,M1,R1,True,7830535.74603555,1000000.0,1,False
2,20.0,0.0,13,M1,R2,True,4597708.59076085,1000000.0,2,True
2,20.0,0.0,13,M1,R3,True,6768677.673822663,1000000.0,4,False
2,20.0,0.0,13,M1,R4,True,7043863.120225582,1000000.0,3,False
2,20.0,0.0,13,R1,S1,True,4565866.4218019545,500000.0,2,True
2,20.0,0.0,13,R1,S2,True,7043863.120225582,500000.0,3,False
2,20.0,0.0,13,R2,S3,True,7830535.74603555,500000.0,1,False
2,20.0,0.0,13,R2,S4,True,6768677.67382266,500000.0,4,False
2,20.0,0.0,13,R3,A1,True,4660532.530857982,500000.0,2,True
2,20.0,0.0,13,R3,A2,True,7043863.120225582,500000.0,3,False
2,20.0,0.0,13,R4,A3,True,7830535.74603555,500000.0,1,False
2,20.0,0.0,13,R4,A4,True,6768677.67382266,500000.0,4,False
3,30.0,0.0,13,M1,R1,True,7830535.74603555,1000000.0,1,False
3,30.0,0.0,13,M1,R2,True,4596279.6690354515,1000000.0,2,True
3,30.0,0.0,13,M1,R3,True,6768677.673822663,1000000.0,4,False
3,30.0,0.0,13,M1,R4,True,7043863.120225582,1000000.0,3,False
3,30.0,0.0,13,R1,S1,True,4564404.13019024,500000.0,2,True
3,30.0,0.0,13,R1,S2,True,7043863.120225582,500000.0,3,False
3,30.0,0.0,13,R2,S3,True,7830535.74603555,500000.0,1,False
3,30.0,0.0,13,R2,S4,True,6768677.67382266,500000.0,4,False
3,30.0,0.0,13,R3,A1,True,4659168.805209665,500000.0,2,True
3,30.0,0.0,13,R3,A2,True,7043863.120225582,500000.0,3,False
3,30.0,0.0,13,R4,A3,True,7830535.74603555,500000.0,1,False
3,30.0,0.0,13,R4,A4,True,6768677.67382266,500000.0,4,False
4,40.0,0.0,13,M1,R1,True,7830535.74603555,1000000.0,1,False
4,40.0,0.0,13,M1,R2,True,4594849.242696455,1000000.0,2,True
4,40.0,0.0,13,M1,R3,True,6768677.673822663,1000000.0,4,False
4,40.0,0.0,13,M1,R4,True,7043863.120225582,1000000.0,3,False
4,40.0,0.0,13,R1,S1,True,4562940.26821321,500000.0,2,True
4,40.0,0.0,13,R1,S2,True,7043863.120225582,500000.0,3,False
4,40.0,0.0,13,R2,S3,True,7830535.74603555,500000.0,1,False
4,40.0,0.0,13,R2,S4,True,6768677.67382266,500000.0,4,False
4,40.0,0.0,13,R3,A1,True,4657803.7019822495,500000.0,2,True
4,40.0,0.0,13,R3,A2,True,7043863.120225582,500000.0,3,False
4,40.0,0.0,13,R4,A3,True,7830535.74603555,500000.0,1,False
4,40.0,0.0,13,R4,A4,True,6768677.67382266,500000.0,4,False
5,50.0,0.0,13,M1,R1,True,7830535.74603555,1000000.0,1,False
5,50.0,0.0,13,M1,R2,True,4593417.308762953,1000000.0,2,True
5,50.0,0.0,13,M1,R3,True,6768677.673822663,1000000.0,4,False
5,50.0,0.0,13,M1,R4,True,7043863.120225582,1000000.0,3,False
5,50.0,0.0,13,R1,S1,True,4561474.832692666,500000.0,2,True
5,50.0,0.0,13,R1,S2,True,7043863.120225582,500000.0,3,False
5,50.0,0.0,13,R2,S3,True,7830535.74603555,500000.0,1,False
5,50.0,0.0,13,R2,S4,True,6768677.67382266,500000.0,4,False
5,50.0,0.0,13,R3,A1,True,4656437.21857218,500000.0,2,True
5,50.0,0.0,13,R3,A2,True,7043863.120225582,500000.0,3,False
5,50.0,0.0,13,R4,A3,True,7830535.74603555,500000.0,1,False
5,50.0,0.0,13,R4,A4,True,6768677.67382266,500000.0,4,False
6,60.0,0.0,13,M1,R1,True,7830535.74603555,1000000.0,1,False
6,60.0,0.0,13,M1,R2,True,4591983.864245042,1000000.0,2,True
6,60.0,0.0,13,M1,R3,True,6768677.673822663,1000000.0,4,False
6,60.0,0.0,13,M1,R4,True,7043863.120225582,1000000.0,3,False
6,60.0,0.0,13,R1,S1,True,4560007.820440615,500000.0,2,True
6,60.0,0.0,13,R1,S2,True,7043863.120225582,500000.0,3,False
6,60.0,0.0,13,R2,S3,True,7830535.74603555,500000.0,1,False
6,60.0,0.0,13,R2,S4,True,6768677.67382266,500000.0,4,False
6,60.0,0.0,13,R3,A1,True,4655069.352368384,500000.0,2,True
6,60.0,0.0,13,R3,A2,True,7043863.120225582,500000.0,3,False
6,60.0,0.0,13,R4,A3,True,7830535.74603555,500000.0,1,False
6,60.0,0.0,13,R4,A4,True,6768677.67382266,500000.0,4,False
7,70.0,0.0,13,M1,R1,True,7830535.74603555,1000000.0,1,False
7,70.0,0.0,13,M1,R2,True,4590548.906143791,1000000.0,2,True
7,70.0,0.0,13,M1,R3,True,6768677.673822663,1000000.0,4,False
7,70.0,0.0,13,M1,R4,True,7043863.120225582,1000000.0,3,False
7,70.0,0.0,13,R1,S1,True,4558539.228259233,500000.0,2,True
7,70.0,0.0,13,R1,S2,True,7043863.120225582,500000.0,3,False
7,70.0,0.0,13,R2,S3,True,7830535.74603555,500000.0,1,False
7,70.0,0.0,13,R2,S4,True,6768677.67382266,500000.0,4,False
7,70.0,0.0,13,R3,A1,True,4653700.100752263,500000.0,2,True
7,70.0,0.0,13,R3,A2,True,7043863.120225582,500000.0,3,False
7,70.0,0.0,13,R4,A3,True,7830535.74603555,500000.0,1,False
7,70.0,0.0,13,R4,A4,True,6768677.67382266,500000.0,4,False
8,80.0,0.0,13,M1,R1,True,7830535.74603555,1000000.0,1,False
8,80.0,0.0,13,M1,R2,True,4589112.431451188,1000000.0,2,True
8,80.0,0.0,13,M1,R3,True,6768677.673822663,1000000.0,4,False
8,80.0,0.0,13,M1,R4,True,7043863.120225582,1000000.0,3,False
8,80.0,0.0,13,R1,S1,True,4557069.052940843,500000.0,2,True
8,80.0,0.0,13,R1,S2,True,7043863.120225582,500000.0,3,False
8,80.0,0.0,13,R2,S3,True,7830535.74603555,500000.0,1,False
8,80.0,0.0,13,R2,S4,True,6768677.67382266,500000.0,4,False
8,80.0,0.0,13,R3,A1,True,4652329.461097654,500000.0,2,True
8,80.0,0.0,13,R3,A2,True,7043863.120225582,500000.0,3,False
8,80.0,0.0,13,R4,A3,True,7830535.74603555,500000.0,1,False
8,80.0,0.0,13,R4,A4,True,6768677.67382266,500000.0,4,False
9,90.0,0.0,13,M1,R1,True,7830535.74603555,1000000.0,1,False
9,90.0,0.0,13,M1,R2,True,4587674.437150111,1000000.0,2,True
9,90.0,0.0,13,M1,R3,True,6768677.673822663,1000000.0,4,False
9,90.0,0.0,13,M1,R4,True,7043863.120225582,1000000.0,3,False
9,90.0,0.0,13,R1,S1,True,4555597.291267843,500000.0,2,True
9,90.0,0.0,13,R1,S2,True,7043863.120225582,500000.0,3,False
9,90.0,0.0,13,R2,S3,True,7830535.74603555,500000.0,1,False
9,90.0,0.0,13,R2,S4,True,6768677.67382266,500000.0,4,False
9,90.0,0.0,13,R3,A1,True,4650957.430770814,500000.0,2,True
9,90.0,0.0,13,R3,A2,True,7043863.120225582,500000.0,3,False
9,90.0,0.0,13,R4,A3,True,7830535.74603555,500000.0,1,False
9,90.0,0.0,13,R4,A4,True,6768677.67382266,500000.0,4,False
10,100.0,0.0,13,M1,R1,True,7830535.74603555,1000000.0,1,False
10,100.0,0.0,13,M1,R2,True,4586234.920214299,1000000.0,2,True
10,100.0,0.0,13,M1,R3,True,6768677.673822663,1000000.0,4,False
10,100.0,0.0,13,M1,R4,True,7043863.120225582,1000000.0,3,False
10,100.0,0.0,13,R1,S1,True,4554123.940012684,500000.0,2,True
10,100.0,0.0,13,R1,S2,True,7043863.120225582,500000.0,3,False
10,100.0,0.0,13,R2,S3,True,7830535.74603555,500000.0,1,False
10,100.0,0.0,13,R2,S4,True,6768677.67382266,500000.0,4,False
10,100.0,0.0,13,R3,A1,True,4649584.007130367,500000.0,2,True
10,100.0,0.0,13,R3,A2,True,7043863.120225582,500000.0,3,False
10,100.0,0.0,13,R4,A3,True,7830535.74603555,500000.0,1,False
10,100.0,0.0,13,R4,A4,True,6768677.67382266,500000.0,4,False
11,110.0,0.0,13,M1,R1,True,7830535.74603555,1000000.0,1,False
11,110.0,0.0,13,M1,R2,True,4584793.8776083,1000000.0,2,True
11,110.0,0.0,13,M1,R3,True,6768677.673822663,1000000.0,4,False
11,110.0,0.0,13,M1,R4,True,7043863.120225582,1000000.0,3,False
11,110.0,0.0,13,R1,S1,True,4552648.995937827,500000.0,2,True
11,110.0,0.0,13,R1,S2,True,7043863.120225582,500000.0,3,False
11,110.0,0.0,13,R2,S3,True,7830535.74603555,500000.0,1,False
11,110.0,0.0,13,R2,S4,True,6768677.67382266,500000.0,4,False
11,110.0,0.0,13,R3,A1,True,4648209.187527292,500000.0,2,True
11,110.0,0.0,13,R3,A2,True,7043863.120225582,500000.0,3,False
11,110.0,0.0,13,R4,A3,True,7830535.74603555,500000.0,1,False
11,110.0,0.0,13,R4,A4,True,6768677.67382266,500000.0,4,False
12,120.0,0.0,13,M1,R1,True,7830535.74603555,1000000.0,1,False
12,120.0,0.0,13,M1,R2,True,4583351.306287453,1000000.0,2,True
12,120.0,0.0,13,M1,R3,True,6768677.673822663,1000000.0,4,False
12,120.0,0.0,13,M1,R4,True,7043863.120225582,1000000.0,3,False
12,120.0,0.0,13,R1,S1,True,4551172.455795699,500000.0,2,True
12,120.0,0.0,13,R1,S2,True,7043863.120225582,500000.0,3,False
12,120.0,0.0,13,R2,S3,True,7830535.74603555,500000.0,1,False
12,120.0,0.0,13,R2,S4,True,6768677.67382266,500000.0,4,False
12,120.0,0.0,13,R3,A1,True,4646832.969304888,500000.0,2,True
12,120.0,0.0,13,R3,A2,True,7043863.120225582,500000.0,3,False
12,120.0,0.0,13,R4,A3,True,7830535.74603555,500000.0,1,False
12,120.0,0.0,13,R4,A4,True,6768677.67382266,500000.0,4,False
13,130.0,0.0,13,M1,R1,True,7830535.74603555,1000000.0,1,False
13,130.0,0.0,13,M1,R2,True,4581907.203197828,1000000.0,2,True
13,130.0,0.0,13,M1,R3,True,6768677.673822663,1000000.0,4,False
13,130.0,0.0,13,M1,R4,True,7043863.120225582,1000000.0,3,False
13,130.0,0.0,13,R1,S1,True,4549694.316328654,500000.0,2,True
13,130.0,0.0,13,R1,S2,True,7043863.120225582,500000.0,3,False
13,130.0,0.0,13,R2,S3,True,7830535.74603555,500000.0,1,False
13,130.0,0.0,13,R2,S4,True,6768677.67382266,500000.0,4,False
13,130.0,0.0,13,R3,A1,True,4645455.349798752,500000.0,2,True
13,130.0,0.0,13,R3,A2,True,7043863.120225582,500000.0,3,False
13,130.0,0.0,13,R4,A3,True,7830535.74603555,500000.0,1,False
13,130.0,0.0,13,R4,A4,True,6768677.67382266,500000.0,4,False
14,140.0,0.0,13,M1,R1,True,7830535.74603555,1000000.0,1,False
14,140.0,0.0,13,M1,R2,True,4580461.565276207,1000000.0,2,True
14,140.0,0.0,13,M1,R3,True,6768677.673822663,1000000.0,4,False
14,140.0,0.0,13,M1,R4,True,7043863.120225582,1000000.0,3,False
14,140.0,0.0,13,R1,S1,True,4548214.574268927,500000.0,2,True
14,140.0,0.0,13,R1,S2,True,7043863.120225582,500000.0,3,False
14,140.0,0.0,13,R2,S3,True,7830535.74603555,500000.0,1,False
14,140.0,0.0,13,R2,S4,True,6768677.67382266,500000.0,4,False
14,140.0,0.0,13,R3,A1,True,4644076.326336733,500000.0,2,True
14,140.0,0.0,13,R3,A2,True,7043863.120225582,500000.0,3,False
14,140.0,0.0,13,R4,A3,True,7830535.74603555,500000.0,1,False
14,140.0,0.0,13,R4,A4,True,6768677.67382266,500000.0,4,False
15,150.0,0.0,13,M1,R1,True,7830535.74603555,1000000.0,1,False
15,150.0,0.0,13,M1,R2,True,4579014.38945005,1000000.0,2,True
15,150.0,0.0,13,M1,R3,True,6768677.673822663,1000000.0,4,False
15,150.0,0.0,13,M1,R4,True,7043863.120225582,1000000.0,3,False
15,150.0,0.0,13,R1,S1,True,4546733.226338602,500000.0,2,True
15,150.0,0.0,13,R1,S2,True,7043863.120225582,500000.0,3,False
15,150.0,0.0,13,R2,S3,True,7830535.74603555,500000.0,1,False
15,150.0,0.0,13,R2,S4,True,6768677.67382266,500000.0,4,False
15,150.0,0.0,13,R3,A1,True,4642695.89623892,500000.0,2,True
15,150.0,0.0,13,R3,A2,True,7043863.120225582,500000.0,3,False
15,150.0,0.0,13,R4,A3,True,7830535.74603555,500000.0,1,False
15,150.0,0.0,13,R4,A4,True,6768677.67382266,500000.0,4,False
16,160.0,0.0,13,M1,R1,True,7830535.74603555,1000000.0,1,False
16,160.0,0.0,13,M1,R2,True,4577565.672637421,1000000.0,2,True
16,160.0,0.0,13,M1,R3,True,6768677.673822663,1000000.0,4,False
16,160.0,0.0,13,M1,R4,True,7043863.120225582,1000000.0,3,False
16,160.0,0.0,13,R1,S1,True,4545250.269249552,500000.0,2,True
16,160.0,0.0,13,R1,S2,True,7043863.120225582,500000.0,3,False
16,160.0,0.0,13,R2,S3,True,7830535.74603555,500000.0,1,False
16,160.0,0.0,13,R2,S4,True,6768677.67382266,500000.0,4,False
16,160.0,0.0,13,R3,A1,True,4641314.05681759,500000.0,2,True
16,160.0,0.0,13,R3,A2,True,7043863.120225582,500000.0,3,False
16,160.0,0.0,13,R4,A3,True,7830535.74603555,500000.0,1,False
16,160.0,0.0,13,R4,A4,True,6768677.67382266,500000.0,4,False
17,170.0,0.0,13,M1,R1,True,7830535.74603555,1000000.0,1,False
17,170.0,0.0,13,M1,R2,True,4576115.411746992,1000000.0,2,True
17,170.0,0.0,13,M1,R3,True,6768677.673822663,1000000.0,4,False
17,170.0,0.0,13,M1,R4,True,7043863.120225582,1000000.0,3,False
17,170.0,0.0,13,R1,S1,True,4543765.699703414,500000.0,2,True
17,170.0,0.0,13,R1,S2,True,7043863.120225582,500000.0,3,False
17,170.0,0.0,13,R2,S3,True,7830535.74603555,500000.0,1,False
17,170.0,0.0,13,R2,S4,True,6768677.67382266,500000.0,4,False
17,170.0,0.0,13,R3,A1,True,4639930.8053772105,500000.0,2,True
17,170.0,0.0,13,R3,A2,True,7043863.120225582,500000.0,3,False
17,170.0,0.0,13,R4,A3,True,7830535.74603555,500000.0,1,False
17,170.0,0.0,13,R4,A4,True,6768677.67382266,500000.0,4,False
18,180.0,0.0,13,M1,R1,True,7830535.74603555,1000000.0,1,False
18,180.0,0.0,13,M1,R2,True,4574663.603677994,1000000.0,2,True
18,180.0,0.0,13,M1,R3,True,6768677.673822663,1000000.0,4,False
18,180.0,0.0,13,M1,R4,True,7043863.120225582,1000000.0,3,False
18,180.0,0.0,13,R1,S1,True,4542279.514391546,500000.0,2,True
18,180.0,0.0,13,R1,S2,True,7043863.120225582,500000.0,3,False
18,180.0,0.0,13,R2,S3,True,7830535.74603555,500000.0,1,False
18,180.0,0.0,13,R2,S4,True,6768677.67382266,500000.0,4,False
18,180.0,0.0,13,R3,A1,True,4638546.139214373,500000.0,2,True
18,180.0,0.0,13,R3,A2,True,7043863.120225582,500000.0,3,False
18,180.0,0.0,13,R4,A3,True,7830535.74603555,500000.0,1,False
18,180.0,0.0,13,R4,A4,True,6768677.67382266,500000.0,4,False
19,190.0,0.0,13,M1,R1,True,7830535.74603555,1000000.0,1,False
19,190.0,0.0,13,M1,R2,True,4573210.245320165,1000000.0,2,True
19,190.0,0.0,13,M1,R3,True,6768677.673822663,1000000.0,4,False
19,190.0,0.0,13,M1,R4,True,7043863.120225582,1000000.0,3,False
19,190.0,0.0,13,R1,S1,True,4540791.709994969,500000.0,2,True
19,190.0,0.0,13,R1,S2,True,7043863.120225582,500000.0,3,False
19,190.0,0.0,13,R2,S3,True,7830535.74603555,500000.0,1,False
19,190.0,0.0,13,R2,S4,True,6768677.67382266,500000.0,4,False
19,190.0,0.0,13,R3,A1,True,4637160.055617793,500000.0,2,True
19,190.0,0.0,13,R3,A2,True,7043863.120225582,500000.0,3,False
19,190.0,0.0,13,R4,A3,True,7830535.74603555,500000.0,1,False
19,190.0,0.0,13,R4,A4,True,6768677.67382266,500000.0,4,False
20,200.0,0.0,13,M1,R1,True,7830535.74603555,1000000.0,1,False
20,200.0,0.0,13,M1,R2,True,4571755.333553709,1000000.0,2,True
20,200.0,0.0,13,M1,R3,True,6768677.673822663,1000000.0,4,False
20,200.0,0.0,13,M1,R4,True,7043863.120225582,1000000.0,3,False
20,200.0,0.0,13,R1,S1,True,4539302.283184331,500000.0,2,True
20,200.0,0.0,13,R1,S2,True,7043863.120225582,500000.0,3,False
20,200.0,0.0,13,R2,S3,True,7830535.74603555,500000.0,1,False
20,200.0,0.0,13,R2,S4,True,6768677.67382266,500000.0,4,False
20,200.0,0.0,13,R3,A1,True,4635772.5518682515,500000.0,2,True
20,200.0,0.0,13,R3,A2,True,7043863.120225582,500000.0,3,False
20,200.0,0.0,13,R4,A3,True,7830535.74603555,500000.0,1,False
20,200.0,0.0,13,R4,A4,True,6768677.67382266,500000.0,4,False
21,210.0,0.0,13,M1,R1,True,7830535.74603555,1000000.0,1,False
21,210.0,0.0,13,M1,R2,True,4570298.865249282,1000000.0,2,True
21,210.0,0.0,13,M1,R3,True,6768677.673822663,1000000.0,4,False
21,210.0,0.0,13,M1,R4,True,7043863.120225582,1000000.0,3,False
21,210.0,0.0,13,R1,S1,True,4537811.230619882,500000.0,2,True
21,210.0,0.0,13,R1,S2,True,7043863.120225582,500000.0,3,False
21,210.0,0.0,13,R2,S3,True,7830535.74603555,500000.0,1,False
21,210.0,0.0,13,R2,S4,True,6768677.67382266,500000.0,4,False
21,210.0,0.0,13,R3,A1,True,4634383.62523859,500000.0,2,True
21,210.0,0.0,13,R3,A2,True,7043863.120225582,500000.0,3,False
21,210.0,0.0,13,R4,A3,True,7830535.74603555,500000.0,1,False
21,210.0,0.0,13,R4,A4,True,6768677.67382266,500000.0,4,False
22,220.0,0.0,13,M1,R1,True,7830535.74603555,1000000.0,1,False
22,220.0,0.0,13,M1,R2,True,4568840.837267938,1000000.0,2,True
22,220.0,0.0,13,M1,R3,True,6768677.673822663,1000000.0,4,False
22,220.0,0.0,13,M1,R4,True,7043863.120225582,1000000.0,3,False
22,220.0,0.0,13,R1,S1,True,4536318.548951403,500000.0,2,True
22,220.0,0.0,13,R1,S2,True,7043863.120225582,500000.0,3,False
22,220.0,0.0,13,R2,S3,True,7830535.74603555,500000.0,1,False
22,220.0,0.0,13,R2,S4,True,6768677.67382266,500000.0,4,False
22,220.0,0.0,13,R3,A1,True,4632993.272993656,500000.0,2,True
22,220.0,0.0,13,R3,A2,True,7043863.120225582,500000.0,3,False
22,220.0,0.0,13,R4,A3,True,7830535.74603555,500000.0,1,False
22,220.0,0.0,13,R4,A4,True,6768677.67382266,500000.0,4,False
23,230.0,0.0,13,M1,R1,True,7830535.74603555,1000000.0,1,False
23,230.0,0.0,13,M1,R2,True,4567381.246461075,1000000.0,2,True
23,230.0,0.0,13,M1,R3,True,6768677.673822663,1000000.0,4,False
23,230.0,0.0,13,M1,R4,True,7043863.120225582,1000000.0,3,False
23,230.0,0.0,13,R1,S1,True,4534824.234818176,500000.0,2,True
23,230.0,0.0,13,R1,S2,True,7043863.120225582,500000.0,3,False
23,230.0,0.0,13,R2,S3,True,7830535.74603555,500000.0,1,False
23,230.0,0.0,13,R2,S4,True,6768677.67382266,500000.0,4,False
23,230.0,0.0,13,R3,A1,True,4631601.4923902955,500000.0,2,True
23,230.0,0.0,13,R3,A2,True,7043863.120225582,500000.0,3,False
23,230.0,0.0,13,R4,A3,True,7830535.74603555,500000.0,1,False
23,230.0,0.0,13,R4,A4,True,6768677.67382266,500000.0,4,False
24,240.0,0.0,13,M1,R1,True,7830535.74603555,1000000.0,1,False
24,240.0,0.0,13,M1,R2,True,4565920.089670425,1000000.0,2,True
24,240.0,0.0,13,M1,R3,True,6768677.673822663,1000000.0,4,False
24,240.0,0.0,13,M1,R4,True,7043863.120225582,1000000.0,3,False
24,240.0,0.0,13,R1,S1,True,4533328.284848934,500000.0,2,True
24,240.0,0.0,13,R1,S2,True,7043863.120225582,500000.0,3,False
24,240.0,0.0,13,R2,S3,True,7830535.74603555,500000.0,1,False
24,240.0,0.0,13,R2,S4,True,6768677.67382266,500000.0,4,False
24,240.0,0.0,13,R3,A1,True,4630208.280677305,500000.0,2,True
24,240.0,0.0,13,R3,A2,True,7043863.120225582,500000.0,3,False
24,240.0,0.0,13,R4,A3,True,7830535.74603555,500000.0,1,False
24,240.0,0.0,13,R4,A4,True,6768677.67382266,500000.0,4,False
25,250.0,0.0,13,M1,R1,True,7830535.74603555,1000000.0,1,False
25,250.0,0.0,13,M1,R2,True,4564457.363727995,1000000.0,2,True
25,250.0,0.0,13,M1,R3,True,6768677.673822663,1000000.0,4,False
25,250.0,0.0,13,M1,R4,True,7043863.120225582,1000000.0,3,False
25,250.0,0.0,13,R1,S1,True,4531830.695661832,500000.0,2,True
25,250.0,0.0,13,R1,S2,True,7043863.120225582,500000.0,3,False
25,250.0,0.0,13,R2,S3,True,7830535.74603555,500000.0,1,False
25,250.0,0.0,13,R2,S4,True,6768677.67382266,500000.0,4,False
25,250.0,0.0,13,R3,A1,True,4628813.6350954,500000.0,2,True
25,250.0,0.0,13,R3,A2,True,7043863.120225582,500000.0,3,False
25,250.0,0.0,13,R4,A3,True,7830535.74603555,500000.0,1,False
25,250.0,0.0,13,R4,A4,True,6768677.67382266,500000.0,4,False
26,260.0,0.0,13,M1,R1,True,7830535.74603555,1000000.0,1,False
26,260.0,0.0,13,M1,R2,True,4562993.065456029,1000000.0,2,True
26,260.0,0.0,13,M1,R3,True,6768677.673822663,1000000.0,4,False
26,260.0,0.0,13,M1,R4,True,7043863.120225582,1000000.0,3,False
26,260.0,0.0,13,R1,S1,True,4530331.463864391,500000.0,2,True
26,260.0,0.0,13,R1,S2,True,7043863.120225582,500000.0,3,False
26,260.0,0.0,13,R2,S3,True,7830535.74603555,500000.0,1,False
26,260.0,0.0,13,R2,S4,True,6768677.67382266,500000.0,4,False
26,260.0,0.0,13,R3,A1,True,4627417.552877186,500000.0,2,True
26,260.0,0.0,13,R3,A2,True,7043863.120225582,500000.0,3,False
26,260.0,0.0,13,R4,A3,True,7830535.74603555,500000.0,1,False
26,260.0,0.0,13,R4,A4,True,6768677.67382266,500000.0,4,False
27,270.0,0.0,13,M1,R1,True,7830535.74603555,1000000.0,1,False
27,270.0,0.0,13,M1,R2,True,4561527.191666975,1000000.0,2,True
27,270.0,0.0,13,M1,R3,True,6768677.673822663,1000000.0,4,False
27,270.0,0.0,13,M1,R4,True,7043863.120225582,1000000.0,3,False
27,270.0,0.0,13,R1,S1,True,4528830.586053436,500000.0,2,True
27,270.0,0.0,13,R1,S2,True,7043863.120225582,500000.0,3,False
27,270.0,0.0,13,R2,S3,True,7830535.74603555,500000.0,1,False
27,270.0,0.0,13,R2,S4,True,6768677.67382266,500000.0,4,False
27,270.0,0.0,13,R3,A1,True,4626020.0312471455,500000.0,2,True
27,270.0,0.0,13,R3,A2,True,7043863.120225582,500000.0,3,False
27,270.0,0.0,13,R4,A3,True,7830535.74603555,500000.0,1,False
27,270.0,0.0,13,R4,A4,True,6768677.67382266,500000.0,4,False
28,280.0,0.0,13,M1,R1,True,7830535.74603555,1000000.0,1,False
28,280.0,0.0,13,M1,R2,True,4560059.739163427,1000000.0,2,True
28,280.0,0.0,13,M1,R3,True,6768677.673822663,1000000.0,4,False
28,280.0,0.0,13,M1,R4,True,7043863.120225582,1000000.0,3,False
28,280.0,0.0,13,R1,S1,True,4527328.0588150965,500000.0,2,True
28,280.0,0.0,13,R1,S2,True,7043863.120225582,500000.0,3,False
28,280.0,0.0,13,R2,S3,True,7830535.74603555,500000.0,1,False
28,280.0,0.0,13,R2,S4,True,6768677.67382266,500000.0,4,False
28,280.0,0.0,13,R3,A1,True,4624621.067421573,500000.0,2,True
28,280.0,0.0,13,R3,A2,True,7043863.120225582,500000.0,3,False
28,280.0,0.0,13,R4,A3,True,7830535.74603555,500000.0,1,False
28,280.0,0.0,13,R4,A4,True,6768677.67382266,500000.0,4,False
29,290.0,0.0,13,M1,R1,True,7830535.74603555,1000000.0,1,False
29,290.0,0.0,13,M1,R2,True,4558590.70473812,1000000.0,2,True
29,290.0,0.0,13,M1,R3,True,6768677.673822663,1000000.0,4,False
29,290.0,0.0,13,M1,R4,True,7043863.120225582,1000000.0,3,False
29,290.0,0.0,13,R1,S1,True,4525823.878724711,500000.0,2,True
29,290.0,0.0,13,R1,S2,True,7043863.120225582,500000.0,3,False
29,290.0,0.0,13,R2,S3,True,7830535.74603555,500000.0,1,False
29,290.0,0.0,13,R2,S4,True,6768677.67382266,500000.0,4,False
29,290.0,0.0,13,R3,A1,True,4623220.658608562,500000.0,2,True
29,290.0,0.0,13,R3,A2,True,7043863.120225582,500000.0,3,False
29,290.0,0.0,13,R4,A3,True,7830535.74603555,500000.0,1,False
29,290.0,0.0,13,R4,A4,True,6768677.67382266,500000.0,4,False
30,300.0,0.0,13,M1,R1,True,7830535.74603555,1000000.0,1,False
30,300.0,0.0,13,M1,R2,True,4557120.085173844,1000000.0,2,True
30,300.0,0.0,13,M1,R3,True,6768677.673822663,1000000.0,4,False
30,300.0,0.0,13,M1,R4,True,7043863.120225582,1000000.0,3,False
30,300.0,0.0,13,R1,S1,True,4524318.042346826,500000.0,2,True
30,300.0,0.0,13,R1,S2,True,7043863.120225582,500000.0,3,False
30,300.0,0.0,13,R2,S3,True,7830535.74603555,500000.0,1,False
30,300.0,0.0,13,R2,S4,True,6768677.67382266,500000.0,4,False
30,300.0,0.0,13,R3,A1,True,4621818.802007977,500000.0,2,True
30,300.0,0.0,13,R3,A2,True,7043863.120225582,500000.0,3,False
30,300.0,0.0,13,R4,A3,True,7830535.74603555,500000.0,1,False
30,300.0,0.0,13,R4,A4,True,6768677.67382266,500000.0,4,False
31,310.0,0.0,13,M1,R1,True,7830535.74603555,1000000.0,1,False
31,310.0,0.0,13,M1,R2,True,4555647.87724345,1000000.0,2,True
31,310.0,0.0,13,M1,R3,True,6768677.673822663,1000000.0,4,False
31,310.0,0.0,13,M1,R4,True,7043863.120225582,1000000.0,3,False
31,310.0,0.0,13,R1,S1,True,4522810.546235108,500000.0,2,True
31,310.0,0.0,13,R1,S2,True,7043863.120225582,500000.0,3,False
31,310.0,0.0,13,R2,S3,True,7830535.74603555,500000.0,1,False
31,310.0,0.0,13,R2,S4,True,6768677.67382266,500000.0,4,False
31,310.0,0.0,13,R3,A1,True,4620415.494811401,500000.0,2,True
31,310.0,0.0,13,R3,A2,True,7043863.120225582,500000.0,3,False
31,310.0,0.0,13,R4,A3,True,7830535.74603555,500000.0,1,False
31,310.0,0.0,13,R4,A4,True,6768677.67382266,500000.0,4,False
32,320.0,0.0,13,M1,R1,True,7830535.74603555,1000000.0,1,False
32,320.0,0.0,13,M1,R2,True,4554174.077709752,1000000.0,2,True
32,320.0,0.0,13,M1,R3,True,6768677.673822663,1000000.0,4,False
32,320.0,0.0,13,M1,R4,True,7043863.120225582,1000000.0,3,False
32,320.0,0.0,13,R1,S1,True,4521301.386932349,500000.0,2,True
32,320.0,0.0,13,R1,S2,True,7043863.120225582,500000.0,3,False
32,320.0,0.0,13,R2,S3,True,7830535.74603555,500000.0,1,False
32,320.0,0.0,13,R2,S4,True,6768677.67382266,500000.0,4,False
32,320.0,0.0,13,R3,A1,True,4619010.734202138,500000.0,2,True
32,320.0,0.0,13,R3,A2,True,7043863.120225582,500000.0,3,False
32,320.0,0.0,13,R4,A3,True,7830535.74603555,500000.0,1,False
32,320.0,0.0,13,R4,A4,True,6768677.67382266,500000.0,4,False
33,330.0,0.0,13,M1,R1,True,7830535.74603555,1000000.0,1,False
33,330.0,0.0,13,M1,R2,True,4552698.683325556,1000000.0,2,True
33,330.0,0.0,13,M1,R3,True,6768677.673822663,1000000.0,4,False
33,330.0,0.0,13,M1,R4,True,7043863.120225582,1000000.0,3,False
33,330.0,0.0,13,R1,S1,True,4519790.560970353,500000.0,2,True
33,330.0,0.0,13,R1,S2,True,7043863.120225582,500000.0,3,False
33,330.0,0.0,13,R2,S3,True,7830535.74603555,500000.0,1,False
33,330.0,0.0,13,R2,S4,True,6768677.67382266,500000.0,4,False
33,330.0,0.0,13,R3,A1,True,4617604.517355126,500000.0,2,True
33,330.0,0.0,13,R3,A2,True,7043863.120225582,500000.0,3,False
33,330.0,0.0,13,R4,A3,True,7830535.74603555,500000.0,1,False
33,330.0,0.0,13,R4,A4,True,6768677.67382266,500000.0,4,False
34,340.0,0.0,13,M1,R1,True,7830535.74603555,1000000.0,1,False
34,340.0,0.0,13,M1,R2,True,4551221.690833554,1000000.0,2,True
34,340.0,0.0,13,M1,R3,True,6768677.673822663,1000000.0,4,False
34,340.0,0.0,13,M1,R4,True,7043863.120225582,1000000.0,3,False
34,340.0,0.0,13,R1,S1,True,4518278.064869965,500000.0,2,True
34,340.0,0.0,13,R1,S2,True,7043863.120225582,500000.0,3,False
34,340.0,0.0,13,R2,S3,True,7830535.74603555,500000.0,1,False
34,340.0,0.0,13,R2,S4,True,6768677.67382266,500000.0,4,False
34,340.0,0.0,13,R3,A1,True,4616196.841436971,500000.0,2,True
34,340.0,0.0,13,R3,A2,True,7043863.120225582,500000.0,3,False
34,340.0,0.0,13,R4,A3,True,7830535.74603555,500000.0,1,False
34,340.0,0.0,13,R4,A4,True,6768677.67382266,500000.0,4,False
35,350.0,0.0,13,M1,R1,True,7830535.74603555,1000000.0,1,False
35,350.0,0.0,13,M1,R2,True,4549743.096966319,1000000.0,2,True
35,350.0,0.0,13,M1,R3,True,6768677.673822663,1000000.0,4,False
35,350.0,0.0,13,M1,R4,True,7043863.120225582,1000000.0,3,False
35,350.0,0.0,13,R1,S1,True,4516763.895140962,500000.0,2,True
35,350.0,0.0,13,R1,S2,True,7043863.120225582,500000.0,3,False
35,350.0,0.0,13,R2,S3,True,7830535.74603555,500000.0,1,False
35,350.0,0.0,13,R2,S4,True,6768677.67382266,500000.0,4,False
35,350.0,0.0,13,R3,A1,True,4614787.7036058605,500000.0,2,True
35,350.0,0.0,13,R3,A2,True,7043863.120225582,500000.0,3,False
35,350.0,0.0,13,R4,A3,True,7830535.74603555,500000.0,1,False
35,350.0,0.0,13,R4,A4,True,6768677.67382266,500000.0,4,False
36,360.0,0.0,13,M1,R1,True,7830535.74603555,1000000.0,1,False
36,360.0,0.0,13,M1,R2,True,4548262.89844624,1000000.0,2,True
36,360.0,0.0,13,M1,R3,True,6768677.673822663,1000000.0,4,False
36,360.0,0.0,13,M1,R4,True,7043863.120225582,1000000.0,3,False
36,360.0,0.0,13,R1,S1,True,4515248.0482820505,500000.0,2,True
36,360.0,0.0,13,R1,S2,True,7043863.120225582,500000.0,3,False
36,360.0,0.0,13,R2,S3,True,7830535.74603555,500000.0,1,False
36,360.0,0.0,13,R2,S4,True,6768677.67382266,500000.0,4,False
36,360.0,0.0,13,R3,A1,True,4613377.101011542,500000.0,2,True
36,360.0,0.0,13,R3,A2,True,7043863.120225582,500000.0,3,False
36,360.0,0.0,13,R4,A3,True,7830535.74603555,500000.0,1,False
36,360.0,0.0,13,R4,A4,True,6768677.67382266,500000.0,4,False
37,370.0,0.0,13,M1,R1,True,7830535.74603555,1000000.0,1,False
37,370.0,0.0,13,M1,R2,True,4546781.091985523,1000000.0,2,True
37,370.0,0.0,13,M1,R3,True,6768677.673822663,1000000.0,4,False
37,370.0,0.0,13,M1,R4,True,7043863.120225582,1000000.0,3,False
37,370.0,0.0,13,R1,S1,True,4513730.520780776,500000.0,2,True
37,370.0,0.0,13,R1,S2,True,7043863.120225582,500000.0,3,False
37,370.0,0.0,13,R2,S3,True,7830535.74603555,500000.0,1,False
37,370.0,0.0,13,R2,S4,True,6768677.67382266,500000.0,4,False
37,370.0,0.0,13,R3,A1,True,4611965.030795318,500000.0,2,True
37,370.0,0.0,13,R3,A2,True,7043863.120225582,500000.0,3,False
37,370.0,0.0,13,R4,A3,True,7830535.74603555,500000.0,1,False
37,370.0,0.0,13,R4,A4,True,6768677.67382266,500000.0,4,False
38,380.0,0.0,13,M1,R1,True,7830535.74603555,1000000.0,1,False
38,380.0,0.0,13,M1,R2,True,4545297.674286085,1000000.0,2,True
38,380.0,0.0,13,M1,R3,True,6768677.673822663,1000000.0,4,False
38,380.0,0.0,13,M1,R4,True,7043863.120225582,1000000.0,3,False
38,380.0,0.0,13,R1,S1,True,4512211.309113531,500000.0,2,True
38,380.0,0.0,13,R1,S2,True,7043863.120225582,500000.0,3,False
38,380.0,0.0,13,R2,S3,True,7830535.74603555,500000.0,1,False
38,380.0,0.0,13,R2,S4,True,6768677.67382266,500000.0,4,False
38,380.0,0.0,13,R3,A1,True,4610551.490089971,500000.0,2,True
38,380.0,0.0,13,R3,A2,True,7043863.120225582,500000.0,3,False
38,380.0,0.0,13,R4,A3,True,7830535.74603555,500000.0,1,False
38,380.0,0.0,13,R4,A4,True,6768677.67382266,500000.0,4,False
39,390.0,0.0,13,M1,R1,True,7830535.74603555,1000000.0,1,False
39,390.0,0.0,13,M1,R2,True,4543812.642039565,1000000.0,2,True
39,390.0,0.0,13,M1,R3,True,6768677.673822663,1000000.0,4,False
39,390.0,0.0,13,M1,R4,True,7043863.120225582,1000000.0,3,False
39,390.0,0.0,13,R1,S1,True,4510690.409745459,500000.0,2,True
39,390.0,0.0,13,R1,S2,True,7043863.120225582,500000.0,3,False
39,390.0,0.0,13,R2,S3,True,7830535.74603555,500000.0,1,False
39,390.0,0.0,13,R2,S4,True,6768677.67382266,500000.0,4,False
39,390.0,0.0,13,R3,A1,True,4609136.47601976,500000.0,2,True
39,390.0,0.0,13,R3,A2,True,7043863.120225582,500000.0,3,False
39,390.0,0.0,13,R4,A3,True,7830535.74603555,500000.0,1,False
39,390.0,0.0,13,R4,A4,True,6768677.67382266,500000.0,4,False
40,400.0,0.0,13,M1,R1,True,7830535.74603555,1000000.0,1,False
40,400.0,0.0,13,M1,R2,True,4542325.991927251,1000000.0,2,True
40,400.0,0.0,13,M1,R3,True,6768677.673822663,1000000.0,4,False
40,400.0,0.0,13,M1,R4,True,7043863.120225582,1000000.0,3,False
40,400.0,0.0,13,R1,S1,True,4509167.819130423,500000.0,2,True
40,400.0,0.0,13,R1,S2,True,7043863.120225582,500000.0,3,False
40,400.0,0.0,13,R2,S3,True,7830535.74603555,500000.0,1,False
40,400.0,0.0,13,R2,S4,True,6768677.67382266,500000.0,4,False
40,400.0,0.0,13,R3,A1,True,4607719.985700385,500000.0,2,True
40,400.0,0.0,13,R3,A2,True,7043863.120225582,500000.0,3,False
40,400.0,0.0,13,R4,A3,True,7830535.74603555,500000.0,1,False
40,400.0,0.0,13,R4,A4,True,6768677.67382266,500000.0,4,False
41,410.0,0.0,13,M1,R1,True,7830535.74603555,1000000.0,1,False
41,410.0,0.0,13,M1,R2,True,4540837.720620051,1000000.0,2,True
41,410.0,0.0,13,M1,R3,True,6768677.673822663,1000000.0,4,False
41,410.0,0.0,13,M1,R4,True,7043863.120225582,1000000.0,3,False
41,410.0,0.0,13,R1,S1,True,4507643.533710967,500000.0,2,True
41,410.0,0.0,13,R1,S2,True,7043863.120225582,500000.0,3,False
41,410.0,0.0,13,R2,S3,True,7830535.74603555,500000.0,1,False
41,410.0,0.0,13,R2,S4,True,6768677.67382266,500000.0,4,False
41,410.0,0.0,13,R3,A1,True,4606302.016238923,500000.0,2,True
41,410.0,0.0,13,R3,A2,True,7043863.120225582,500000.0,3,False
41,410.0,0.0,13,R4,A3,True,7830535.74603555,500000.0,1,False
41,410.0,0.0,13,R4,A4,True,6768677.67382266,500000.0,4,False
42,420.0,0.0,13,M1,R1,True,7830535.74603555,1000000.0,1,False
42,420.0,0.0,13,M1,R2,True,4539347.824778451,1000000.0,2,True
42,420.0,0.0,13,M1,R3,True,6768677.673822663,1000000.0,4,False
42,420.0,0.0,13,M1,R4,True,7043863.120225582,1000000.0,3,False
42,420.0,0.0,13,R1,S1,True,4506117.549918266,500000.0,2,True
42,420.0,0.0,13,R1,S2,True,7043863.120225582,500000.0,3,False
42,420.0,0.0,13,R2,S3,True,7830535.74603555,500000.0,1,False
42,420.0,0.0,13,R2,S4,True,6768677.67382266,500000.0,4,False
42,420.0,0.0,13,R3,A1,True,4604882.564733831,500000.0,2,True
42,420.0,0.0,13,R3,A2,True,7043863.120225582,500000.0,3,False
42,420.0,0.0,13,R4,A3,True,7830535.74603555,500000.0,1,False
42,420.0,0.0,13,R4,A4,True,6768677.67382266,500000.0,4,False
43,430.0,0.0,13,M1,R1,True,7830535.74603555,1000000.0,1,False
43,430.0,0.0,13,M1,R2,True,4537856.3010524465,1000000.0,2,True
43,430.0,0.0,13,M1,R3,True,6768677.673822663,1000000.0,4,False
43,430.0,0.0,13,M1,R4,True,7043863.120225582,1000000.0,3,False
43,430.0,0.0,13,R1,S1,True,4504589.864172056,500000.0,2,True
43,430.0,0.0,13,R1,S2,True,7043863.120225582,500000.0,3,False
43,430.0,0.0,13,R2,S3,True,7830535.74603555,500000.0,1,False
43,430.0,0.0,13,R2,S4,True,6768677.67382266,500000.0,4,False
43,430.0,0.0,13,R3,A1,True,4603461.628274897,500000.0,2,True
43,430.0,0.0,13,R3,A2,True,7043863.120225582,500000.0,3,False
43,430.0,0.0,13,R4,A3,True,7830535.74603555,500000.0,1,False
43,430.0,0.0,13,R4,A4,True,6768677.67382266,500000.0,4,False
44,440.0,0.0,13,M1,R1,True,7830535.74603555,1000000.0,1,False
44,440.0,0.0,13,M1,R2,True,4536363.146081539,1000000.0,2,True
44,440.0,0.0,13,M1,R3,True,6768677.673822663,1000000.0,4,False
44,440.0,0.0,13,M1,R4,True,7043863.120225582,1000000.0,3,False
44,440.0,0.0,13,R1,S1,True,4503060.472880611,500000.0,2,True
44,440.0,0.0,13,R1,S2,True,7043863.120225582,500000.0,3,False
44,440.0,0.0,13,R2,S3,True,7830535.74603555,500000.0,1,False
44,440.0,0.0,13,R2,S4,True,6768677.67382266,500000.0,4,False
44,440.0,0.0,13,R3,A1,True,4602039.203943196,500000.0,2,True
44,440.0,0.0,13,R3,A2,True,7043863.120225582,500000.0,3,False
44,440.0,0.0,13,R4,A3,True,7830535.74603555,500000.0,1,False
44,440.0,0.0,13,R4,A4,True,6768677.67382266,500000.0,4,False
45,450.0,0.0,13,M1,R1,True,7830535.74603555,1000000.0,1,False
45,450.0,0.0,13,M1,R2,True,4534868.356494658,1000000.0,2,True
45,450.0,0.0,13,M1,R3,True,6768677.673822663,1000000.0,4,False
45,450.0,0.0,13,M1,R4,True,7043863.120225582,1000000.0,3,False
45,450.0,0.0,13,R1,S1,True,4501529.3724406855,500000.0,2,True
45,450.0,0.0,13,R1,S2,True,7043863.120225582,500000.0,3,False
45,450.0,0.0,13,R2,S3,True,7830535.74603555,500000.0,1,False
45,450.0,0.0,13,R2,S4,True,6768677.67382266,500000.0,4,False
45,450.0,0.0,13,R3,A1,True,4600615.288811065,500000.0,2,True
45,450.0,0.0,13,R3,A2,True,7043863.120225582,500000.0,3,False
45,450.0,0.0,13,R4,A3,True,7830535.74603555,500000.0,1,False
45,450.0,0.0,13,R4,A4,True,6768677.67382266,500000.0,4,False
46,460.0,0.0,13,M1,R1,True,7830535.74603555,1000000.0,1,False
46,460.0,0.0,13,M1,R2,True,4533371.928910135,1000000.0,2,True
46,460.0,0.0,13,M1,R3,True,6768677.673822663,1000000.0,4,False
46,460.0,0.0,13,M1,R4,True,7043863.120225582,1000000.0,3,False
46,460.0,0.0,13,R1,S1,True,4499996.559237461,500000.0,2,True
46,460.0,0.0,13,R1,S2,True,7043863.120225582,500000.0,3,False
46,460.0,0.0,13,R2,S3,True,7830535.74603555,500000.0,1,False
46,460.0,0.0,13,R2,S4,True,6768677.67382266,500000.0,4,False
46,460.0,0.0,13,R3,A1,True,4599189.879942073,500000.0,2,True
46,460.0,0.0,13,R3,A2,True,7043863.120225582,500000.0,3,False
46,460.0,0.0,13,R4,A3,True,7830535.74603555,500000.0,1,False
46,460.0,0.0,13,R4,A4,True,6768677.67382266,500000.0,4,False
47,470.0,0.0,13,M1,R1,True,7830535.74603555,1000000.0,1,False
47,470.0,0.0,13,M1,R2,True,4531873.859935661,1000000.0,2,True
47,470.0,0.0,13,M1,R3,True,6768677.673822663,1000000.0,4,False
47,470.0,0.0,13,M1,R4,True,7043863.120225582,1000000.0,3,False
47,470.0,0.0,13,R1,S1,True,4498462.029644492,500000.0,2,True
47,470.0,0.0,13,R1,S2,True,7043863.120225582,500000.0,3,False
47,470.0,0.0,13,R2,S3,True,7830535.74603555,500000.0,1,False
47,470.0,0.0,13,R2,S4,True,6768677.67382266,500000.0,4,False
47,470.0,0.0,13,R3,A1,True,4597762.974390975,500000.0,2,True
47,470.0,0.0,13,R3,A2,True,7043863.120225582,500000.0,3,False
47,470.0,0.0,13,R4,A3,True,7830535.74603555,500000.0,1,False
47,470.0,0.0,13,R4,A4,True,6768677.67382266,500000.0,4,False
48,480.0,0.0,13,M1,R1,True,7830535.74603555,1000000.0,1,False
48,480.0,0.0,13,M1,R2,True,4530374.146168217,1000000.0,2,True
48,480.0,0.0,13,M1,R3,True,6768677.673822663,1000000.0,4,False
48,480.0,0.0,13,M1,R4,True,7043863.120225582,1000000.0,3,False
48,480.0,0.0,13,R1,S1,True,4496925.780023685,500000.0,2,True
48,480.0,0.0,13,R1,S2,True,7043863.120225582,500000.0,3,False
48,480.0,0.0,13,R2,S3,True,7830535.74603555,500000.0,1,False
48,480.0,0.0,13,R2,S4,True,6768677.67382266,500000.0,4,False
48,480.0,0.0,13,R3,A1,True,4596334.569203689,500000.0,2,True
48,480.0,0.0,13,R3,A2,True,7043863.120225582,500000.0,3,False
48,480.0,0.0,13,R4,A3,True,7830535.74603555,500000.0,1,False
48,480.0,0.0,13,R4,A4,True,6768677.67382266,500000.0,4,False
49,490.0,0.0,13,M1,R1,True,7830535.74603555,1000000.0,1,False
49,490.0,0.0,13,M1,R2,True,4528872.784194055,1000000.0,2,True
49,490.0,0.0,13,M1,R3,True,6768677.673822663,1000000.0,4,False
49,490.0,0.0,13,M1,R4,True,7043863.120225582,1000000.0,3,False
49,490.0,0.0,13,R1,S1,True,4495387.806725208,500000.0,2,True
49,490.0,0.0,13,R1,S2,True,7043863.120225582,500000.0,3,False
49,490.0,0.0,13,R2,S3,True,7830535.74603555,500000.0,1,False
49,490.0,0.0,13,R2,S4,True,6768677.67382266,500000.0,4,False
49,490.0,0.0,13,R3,A1,True,4594904.6614172375,500000.0,2,True
49,490.0,0.0,13,R3,A2,True,7043863.120225582,500000.0,3,False
49,490.0,0.0,13,R4,A3,True,7830535.74603555,500000.0,1,False
49,490.0,0.0,13,R4,A4,True,6768677.67382266,500000.0,4,False
50,500.0,0.0,13,M1,R1,True,7830535.74603555,1000000.0,1,False
50,500.0,0.0,13,M1,R2,True,4527369.770588647,1000000.0,2,True
50,500.0,0.0,13,M1,R3,True,6768677.673822663,1000000.0,4,False
50,500.0,0.0,13,M1,R4,True,7043863.120225582,1000000.0,3,False
50,500.0,0.0,13,R1,S1,True,4493848.106087462,500000.0,2,True
50,500.0,0.0,13,R1,S2,True,7043863.120225582,500000.0,3,False
50,500.0,0.0,13,R2,S3,True,7830535.74603555,500000.0,1,False
50,500.0,0.0,13,R2,S4,True,6768677.67382266,500000.0,4,False
50,500.0,0.0,13,R3,A1,True,4593473.248059738,500000.0,2,True
50,500.0,0.0,13,R3,A2,True,7043863.120225582,500000.0,3,False
50,500.0,0.0,13,R4,A3,True,7830535.74603555,500000.0,1,False
50,500.0,0.0,13,R4,A4,True,6768677.67382266,500000.0,4,False
51,510.0,0.0,13,M1,R1,True,7830535.74603555,1000000.0,1,False
51,510.0,0.0,13,M1,R2,True,4525865.101916633,1000000.0,2,True
51,510.0,0.0,13,M1,R3,True,6768677.673822663,1000000.0,4,False
51,510.0,0.0,13,M1,R4,True,7043863.120225582,1000000.0,3,False
51,510.0,0.0,13,R1,S1,True,4492306.674437037,500000.0,2,True
51,510.0,0.0,13,R1,S2,True,7043863.120225582,500000.0,3,False
51,510.0,0.0,13,R2,S3,True,7830535.74603555,500000.0,1,False
51,510.0,0.0,13,R2,S4,True,6768677.67382266,500000.0,4,False
51,510.0,0.0,13,R3,A1,True,4592040.3261503605,500000.0,2,True
51,510.0,0.0,13,R3,A2,True,7043863.120225582,500000.0,3,False
51,510.0,0.0,13,R4,A3,True,7830535.74603555,500000.0,1,False
51,510.0,0.0,13,R4,A4,True,6768677.67382266,500000.0,4,False
52,520.0,0.0,13,M1,R1,True,7830535.74603555,1000000.0,1,False
52,520.0,0.0,13,M1,R2,True,4524358.774731786,1000000.0,2,True
52,520.0,0.0,13,M1,R3,True,6768677.673822663,1000000.0,4,False
52,520.0,0.0,13,M1,R4,True,7043863.120225582,1000000.0,3,False
52,520.0,0.0,13,R1,S1,True,4490763.508088642,500000.0,2,True
52,520.0,0.0,13,R1,S2,True,7043863.120225582,500000.0,3,False
52,520.0,0.0,13,R2,S3,True,7830535.74603555,500000.0,1,False
52,520.0,0.0,13,R2,S4,True,6768677.67382266,500000.0,4,False
52,520.0,0.0,13,R3,A1,True,4590605.8926992845,500000.0,2,True
52,520.0,0.0,13,R3,A2,True,7043863.120225582,500000.0,3,False
52,520.0,0.0,13,R4,A3,True,7830535.74603555,500000.0,1,False
52,520.0,0.0,13,R4,A4,True,6768677.67382266,500000.0,4,False
53,530.0,0.0,13,M1,R1,True,7830535.74603555,1000000.0,1,False
53,530.0,0.0,13,M1,R2,True,4522850.785576951,1000000.0,2,True
53,530.0,0.0,13,M1,R3,True,6768677.673822663,1000000.0,4,False
53,530.0,0.0,13,M1,R4,True,7043863.120225582,1000000.0,3,False
53,530.0,0.0,13,R1,S1,True,4489218.603345069,500000.0,2,True
53,530.0,0.0,13,R1,S2,True,7043863.120225582,500000.0,3,False
53,530.0,0.0,13,R2,S3,True,7830535.74603555,500000.0,1,False
53,530.0,0.0,13,R2,S4,True,6768677.67382266,500000.0,4,False
53,530.0,0.0,13,R3,A1,True,4589169.944707663,500000.0,2,True
53,530.0,0.0,13,R3,A2,True,7043863.120225582,500000.0,3,False
53,530.0,0.0,13,R4,A3,True,7830535.74603555,500000.0,1,False
53,530.0,0.0,13,R4,A4,True,6768677.67382266,500000.0,4,False
54,540.0,0.0,13,M1,R1,True,7830535.74603555,1000000.0,1,False
54,540.0,0.0,13,M1,R2,True,4521341.130984014,1000000.0,2,True
54,540.0,0.0,13,M1,R3,True,6768677.673822663,1000000.0,4,False
54,540.0,0.0,13,M1,R4,True,7043863.120225582,1000000.0,3,False
54,540.0,0.0,13,R1,S1,True,4487671.956497141,500000.0,2,True
54,540.0,0.0,13,R1,S2,True,7043863.120225582,500000.0,3,False
54,540.0,0.0,13,R2,S3,True,7830535.74603555,500000.0,1,False
54,540.0,0.0,13,R2,S4,True,6768677.67382266,500000.0,4,False
54,540.0,0.0,13,R3,A1,True,4587732.479167586,500000.0,2,True
54,540.0,0.0,13,R3,A2,True,7043863.120225582,500000.0,3,False
54,540.0,0.0,13,R4,A3,True,7830535.74603555,500000.0,1,False
54,540.0,0.0,13,R4,A4,True,6768677.67382266,500000.0,4,False
55,550.0,0.0,13,M1,R1,True,7830535.74603555,1000000.0,1,False
55,550.0,0.0,13,M1,R2,True,4519829.807473834,1000000.0,2,True
55,550.0,0.0,13,M1,R3,True,6768677.673822663,1000000.0,4,False
55,550.0,0.0,13,M1,R4,True,7043863.120225582,1000000.0,3,False
55,550.0,0.0,13,R1,S1,True,4486123.563823649,500000.0,2,True
55,550.0,0.0,13,R1,S2,True,7043863.120225582,500000.0,3,False
55,550.0,0.0,13,R2,S3,True,7830535.74603555,500000.0,1,False
55,550.0,0.0,13,R2,S4,True,6768677.67382266,500000.0,4,False
55,550.0,0.0,13,R3,A1,True,4586293.4930620575,500000.0,2,True
55,550.0,0.0,13,R3,A2,True,7043863.120225582,500000.0,3,False
55,550.0,0.0,13,R4,A3,True,7830535.74603555,500000.0,1,False
55,550.0,0.0,13,R4,A4,True,6768677.67382266,500000.0,4,False
56,560.0,0.0,13,M1,R1,True,7830535.74603555,1000000.0,1,False
56,560.0,0.0,13,M1,R2,True,4518316.811556234,1000000.0,2,True
56,560.0,0.0,13,M1,R3,True,6768677.673822663,1000000.0,4,False
56,560.0,0.0,13,M1,R4,True,7043863.120225582,1000000.0,3,False
56,560.0,0.0,13,R1,S1,True,4484573.421591303,500000.0,2,True
56,560.0,0.0,13,R1,S2,True,7043863.120225582,500000.0,3,False
56,560.0,0.0,13,R2,S3,True,7830535.74603555,500000.0,1,False
56,560.0,0.0,13,R2,S4,True,6768677.67382266,500000.0,4,False
56,560.0,0.0,13,R3,A1,True,4584852.9833649425,500000.0,2,True
56,560.0,0.0,13,R3,A2,True,7043863.120225582,500000.0,3,False
56,560.0,0.0,13,R4,A3,True,7830535.74603555,500000.0,1,False
56,560.0,0.0,13,R4,A4,True,6768677.67382266,500000.0,4,False
57,570.0,0.0,13,M1,R1,True,7830535.74603555,1000000.0,1,False
57,570.0,0.0,13,M1,R2,True,4516802.13972992,1000000.0,2,True
57,570.0,0.0,13,M1,R3,True,6768677.673822663,1000000.0,4,False
57,570.0,0.0,13,M1,R4,True,7043863.120225582,1000000.0,3,False
57,570.0,0.0,13,R1,S1,True,4483021.526054693,500000.0,2,True
57,570.0,0.0,13,R1,S2,True,7043863.120225582,500000.0,3,False
57,570.0,0.0,13,R2,S3,True,7830535.74603555,500000.0,1,False
57,570.0,0.0,13,R2,S4,True,6768677.67382266,500000.0,4,False
57,570.0,0.0,13,R3,A1,True,4583410.94704094,500000.0,2,True
57,570.0,0.0,13,R3,A2,True,7043863.120225582,500000.0,3,False
57,570.0,0.0,13,R4,A3,True,7830535.74603555,500000.0,1,False
57,570.0,0.0,13,R4,A4,True,6768677.67382266,500000.0,4,False
58,580.0,0.0,13,M1,R1,True,7830535.74603555,1000000.0,1,False
58,580.0,0.0,13,M1,R2,True,4515285.788482436,1000000.0,2,True
58,580.0,0.0,13,M1,R3,True,6768677.673822663,1000000.0,4,False
58,580.0,0.0,13,M1,R4,True,7043863.120225582,1000000.0,3,False
58,580.0,0.0,13,R1,S1,True,4481467.873456227,500000.0,2,True
58,580.0,0.0,13,R1,S2,True,7043863.120225582,500000.0,3,False
58,580.0,0.0,13,R2,S3,True,7830535.74603555,500000.0,1,False
58,580.0,0.0,13,R2,S4,True,6768677.67382266,500000.0,4,False
58,580.0,0.0,13,R3,A1,True,4581967.381045537,500000.0,2,True
58,580.0,0.0,13,R3,A2,True,7043863.120225582,500000.0,3,False
58,580.0,0.0,13,R4,A3,True,7830535.74603555,500000.0,1,False
58,580.0,0.0,13,R4,A4,True,6768677.67382266,500000.0,4,False
59,590.0,0.0,13,M1,R1,True,7830535.74603555,1000000.0,1,False
59,590.0,0.0,13,M1,R2,True,4513767.754290144,1000000.0,2,True
59,590.0,0.0,13,M1,R3,True,6768677.673822663,1000000.0,4,False
59,590.0,0.0,13,M1,R4,True,7043863.120225582,1000000.0,3,False
59,590.0,0.0,13,R1,S1,True,4479912.46002033,500000.0,2,True
59,590.0,0.0,13,R1,S2,True,7043863.120225582,500000.0,3,False
59,590.0,0.0,13,R2,S3,True,7830535.74603555,500000.0,1,False
59,590.0,0.0,13,R2,S4,True,6768677.67382266,500000.0,4,False
59,590.0,0.0,13,R3,A1,True,4580522.282324981,500000.0,2,True
59,590.0,0.0,13,R3,A2,True,7043863.120225582,500000.0,3,False
59,590.0,0.0,13,R4,A3,True,7830535.74603555,500000.0,1,False
59,590.0,0.0,13,R4,A4,True,6768677.67382266,500000.0,4,False
60,600.0,0.0,13,M1,R1,True,7830535.74603555,1000000.0,1,False
60,600.0,0.0,13,M1,R2,True,4512248.033618135,1000000.0,2,True
60,600.0,0.0,13,M1,R3,True,6768677.673822663,1000000.0,4,False
60,600.0,0.0,13,M1,R4,True,7043863.120225582,1000000.0,3,False
60,600.0,0.0,13,R1,S1,True,4478355.281951546,500000.0,2,True
60,600.0,0.0,13,R1,S2,True,7043863.120225582,500000.0,3,False
60,600.0,0.0,13,R2,S3,True,7830535.74603555,500000.0,1,False
60,600.0,0.0,13,R2,S4,True,6768677.67382266,500000.0,4,False
60,600.0,0.0,13,R3,A1,True,4579075.647816239,500000.0,2,True
60,600.0,0.0,13,R3,A2,True,7043863.120225582,500000.0,3,False
60,600.0,0.0,13,R4,A3,True,7830535.74603555,500000.0,1,False
60,600.0,0.0,13,R4,A4,True,6768677.67382266,500000.0,4,False
61,610.0,0.0,13,M1,R1,True,7830535.74603555,1000000.0,1,False
61,610.0,0.0,13,M1,R2,True,4510726.622920241,1000000.0,2,True
61,610.0,0.0,13,M1,R3,True,6768677.673822663,1000000.0,4,False
61,610.0,0.0,13,M1,R4,True,7043863.120225582,1000000.0,3,False
61,610.0,0.0,13,R1,S1,True,4476796.335474392,500000.0,2,True
61,610.0,0.0,13,R1,S2,True,7043863.120225582,500000.0,3,False
61,610.0,0.0,13,R2,S3,True,7830535.74603555,500000.0,1,False
61,610.0,0.0,13,R2,S4,True,6768677.67382266,500000.0,4,False
61,610.0,0.0,13,R3,A1,True,4577627.474446955,500000.0,2,True
61,610.0,0.0,13,R3,A2,True,7043863.120225582,500000.0,3,False
61,610.0,0.0,13,R4,A3,True,7830535.74603555,500000.0,1,False
61,610.0,0.0,13,R4,A4,True,6768677.67382266,500000.0,4,False
62,620.0,0.0,13,M1,R1,True,7830535.74603555,1000000.0,1,False
62,620.0,0.0,13,M1,R2,True,4509203.518638907,1000000.0,2,True
62,620.0,0.0,13,M1,R3,True,6768677.673822663,1000000.0,4,False
62,620.0,0.0,13,M1,R4,True,7043863.120225582,1000000.0,3,False
62,620.0,0.0,13,R1,S1,True,4475235.616782006,500000.0,2,True
62,620.0,0.0,13,R1,S2,True,7043863.120225582,500000.0,3,False
62,620.0,0.0,13,R2,S3,True,7830535.74603555,500000.0,1,False
62,620.0,0.0,13,R2,S4,True,6768677.67382266,500000.0,4,False
62,620.0,0.0,13,R3,A1,True,4576177.75913542,500000.0,2,True
62,620.0,0.0,13,R3,A2,True,7043863.120225582,500000.0,3,False
62,620.0,0.0,13,R4,A3,True,7830535.74603555,500000.0,1,False
62,620.0,0.0,13,R4,A4,True,6768677.67382266,500000.0,4,False
63,630.0,0.0,13,M1,R1,True,7830535.74603555,1000000.0,1,False
63,630.0,0.0,13,M1,R2,True,4507678.717205218,1000000.0,2,True
63,630.0,0.0,13,M1,R3,True,6768677.673822663,1000000.0,4,False
63,630.0,0.0,13,M1,R4,True,7043863.120225582,1000000.0,3,False
63,630.0,0.0,13,R1,S1,True,4473673.122055095,500000.0,2,True
63,630.0,0.0,13,R1,S2,True,7043863.120225582,500000.0,3,False
63,630.0,0.0,13,R2,S3,True,7830535.74603555,500000.0,1,False
63,630.0,0.0,13,R2,S4,True,6768677.67382266,500000.0,4,False
63,630.0,0.0,13,R3,A1,True,4574726.498790524,500000.0,2,True
63,630.0,0.0,13,R3,A2,True,7043863.120225582,500000.0,3,False
63,630.0,0.0,13,R4,A3,True,7830535.74603555,500000.0,1,False
63,630.0,0.0,13,R4,A4,True,6768677.67382266,500000.0,4,False
64,640.0,0.0,13,M1,R1,True,7830535.74603555,1000000.0,1,False
64,640.0,0.0,13,M1,R2,True,4506152.215038801,1000000.0,2,True
64,640.0,0.0,13,M1,R3,True,6768677.673822663,1000000.0,4,False
64,640.0,0.0,13,M1,R4,True,7043863.120225582,1000000.0,3,False
64,640.0,0.0,13,R1,S1,True,4472108.847461847,500000.0,2,True
64,640.0,0.0,13,R1,S2,True,7043863.120225582,500000.0,3,False
64,640.0,0.0,13,R2,S3,True,7830535.74603555,500000.0,1,False
64,640.0,0.0,13,R2,S4,True,6768677.67382266,500000.0,4,False
64,640.0,0.0,13,R3,A1,True,4573273.690311734,500000.0,2,True
64,640.0,0.0,13,R3,A2,True,7043863.120225582,500000.0,3,False
64,640.0,0.0,13,R4,A3,True,7830535.74603555,500000.0,1,False
64,640.0,0.0,13,R4,A4,True,6768677.67382266,500000.0,4,False
65,650.0,0.0,13,M1,R1,True,7830535.74603555,1000000.0,1,False
65,650.0,0.0,13,M1,R2,True,4504624.008547795,1000000.0,2,True
65,650.0,0.0,13,M1,R3,True,6768677.673822663,1000000.0,4,False
65,650.0,0.0,13,M1,R4,True,7043863.120225582,1000000.0,3,False
65,650.0,0.0,13,R1,S1,True,4470542.789157903,500000.0,2,True
65,650.0,0.0,13,R1,S2,True,7043863.120225582,500000.0,3,False
65,650.0,0.0,13,R2,S3,True,7830535.74603555,500000.0,1,False
65,650.0,0.0,13,R2,S4,True,6768677.67382266,500000.0,4,False
65,650.0,0.0,13,R3,A1,True,4571819.330589035,500000.0,2,True
65,650.0,0.0,13,R3,A2,True,7043863.120225582,500000.0,3,False
65,650.0,0.0,13,R4,A3,True,7830535.74603555,500000.0,1,False
65,650.0,0.0,13,R4,A4,True,6768677.67382266,500000.0,4,False
66,660.0,0.0,13,M1,R1,True,7830535.74603555,1000000.0,1,False
66,660.0,0.0,13,M1,R2,True,4503094.094128811,1000000.0,2,True
66,660.0,0.0,13,M1,R3,True,6768677.673822663,1000000.0,4,False
66,660.0,0.0,13,M1,R4,True,7043863.120225582,1000000.0,3,False
66,660.0,0.0,13,R1,S1,True,4468974.94328629,500000.0,2,True
66,660.0,0.0,13,R1,S2,True,7043863.120225582,500000.0,3,False
66,660.0,0.0,13,R2,S3,True,7830535.74603555,500000.0,1,False
66,660.0,0.0,13,R2,S4,True,6768677.67382266,500000.0,4,False
66,660.0,0.0,13,R3,A1,True,4570363.416502911,500000.0,2,True
66,660.0,0.0,13,R3,A2,True,7043863.120225582,500000.0,3,False
66,660.0,0.0,13,R4,A3,True,7830535.74603555,500000.0,1,False
66,660.0,0.0,13,R4,A4,True,6768677.67382266,500000.0,4,False
67,670.0,0.0,13,M1,R1,True,7830535.74603555,1000000.0,1,False
67,670.0,0.0,13,M1,R2,True,4501562.46816686,1000000.0,2,True
67,670.0,0.0,13,M1,R3,True,6768677.673822663,1000000.0,4,False
67,670.0,0.0,13,M1,R4,True,7043863.120225582,1000000.0,3,False
67,670.0,0.0,13,R1,S1,True,4467405.305977366,500000.0,2,True
67,670.0,0.0,13,R1,S2,True,7043863.120225582,500000.0,3,False
67,670.0,0.0,13,R2,S3,True,7830535.74603555,500000.0,1,False
67,670.0,0.0,13,R2,S4,True,6768677.67382266,500000.0,4,False
67,670.0,0.0,13,R3,A1,True,4568905.944924293,500000.0,2,True
67,670.0,0.0,13,R3,A2,True,7043863.120225582,500000.0,3,False
67,670.0,0.0,13,R4,A3,True,7830535.74603555,500000.0,1,False
67,670.0,0.0,13,R4,A4,True,6768677.67382266,500000.0,4,False
68,680.0,0.0,13,M1,R1,True,7830535.74603555,1000000.0,1,False
68,680.0,0.0,13,M1,R2,True,4500029.12703532,1000000.0,2,True
68,680.0,0.0,13,M1,R3,True,6768677.673822663,1000000.0,4,False
68,680.0,0.0,13,M1,R4,True,7043863.120225582,1000000.0,3,False
68,680.0,0.0,13,R1,S1,True,4465833.873348768,500000.0,2,True
68,680.0,0.0,13,R1,S2,True,7043863.120225582,500000.0,3,False
68,680.0,0.0,13,R2,S3,True,7830535.74603555,500000.0,1,False
68,680.0,0.0,13,R2,S4,True,6768677.67382266,500000.0,4,False
68,680.0,0.0,13,R3,A1,True,4567446.912714525,500000.0,2,True
68,680.0,0.0,13,R3,A2,True,7043863.120225582,500000.0,3,False
68,680.0,0.0,13,R4,A3,True,7830535.74603555,500000.0,1,False
68,680.0,0.0,13,R4,A4,True,6768677.67382266,500000.0,4,False
69,690.0,0.0,13,M1,R1,True,7830535.74603555,1000000.0,1,False
69,690.0,0.0,13,M1,R2,True,4498494.06709588,1000000.0,2,True
69,690.0,0.0,13,M1,R3,True,6768677.673822663,1000000.0,4,False
69,690.0,0.0,13,M1,R4,True,7043863.120225582,1000000.0,3,False
69,690.0,0.0,13,R1,S1,True,4464260.641505354,500000.0,2,True
69,690.0,0.0,13,R1,S2,True,7043863.120225582,500000.0,3,False
69,690.0,0.0,13,R2,S3,True,7830535.74603555,500000.0,1,False
69,690.0,0.0,13,R2,S4,True,6768677.67382266,500000.0,4,False
69,690.0,0.0,13,R3,A1,True,4565986.31672533,500000.0,2,True
69,690.0,0.0,13,R3,A2,True,7043863.120225582,500000.0,3,False
69,690.0,0.0,13,R4,A3,True,7830535.74603555,500000.0,1,False
69,690.0,0.0,13,R4,A4,True,6768677.67382266,500000.0,4,False
70,700.0,0.0,13,M1,R1,True,7830535.74603555,1000000.0,1,False
70,700.0,0.0,13,M1,R2,True,4496957.284698492,1000000.0,2,True
70,700.0,0.0,13,M1,R3,True,6768677.673822663,1000000.0,4,False
70,700.0,0.0,13,M1,R4,True,7043863.120225582,1000000.0,3,False
70,700.0,0.0,13,R1,S1,True,4462685.606539152,500000.0,2,True
70,700.0,0.0,13,R1,S2,True,7043863.120225582,500000.0,3,False
70,700.0,0.0,13,R2,S3,True,7830535.74603555,500000.0,1,False
70,700.0,0.0,13,R2,S4,True,6768677.67382266,500000.0,4,False
70,700.0,0.0,13,R3,A1,True,4564524.153798751,500000.0,2,True
70,700.0,0.0,13,R3,A2,True,7043863.120225582,500000.0,3,False
70,700.0,0.0,13,R4,A3,True,7830535.74603555,500000.0,1,False
70,700.0,0.0,13,R4,A4,True,6768677.67382266,500000.0,4,False
71,710.0,0.0,13,M1,R1,True,7830535.74603555,1000000.0,1,False
71,710.0,0.0,13,M1,R2,True,4495418.776181313,1000000.0,2,True
71,710.0,0.0,13,M1,R3,True,6768677.673822663,1000000.0,4,False
71,710.0,0.0,13,M1,R4,True,7043863.120225582,1000000.0,3,False
71,710.0,0.0,13,R1,S1,True,4461108.764529286,500000.0,2,True
71,710.0,0.0,13,R1,S2,True,7043863.120225582,500000.0,3,False
71,710.0,0.0,13,R2,S3,True,7830535.74603555,500000.0,1,False
71,710.0,0.0,13,R2,S4,True,6768677.67382266,500000.0,4,False
71,710.0,0.0,13,R3,A1,True,4563060.420767138,500000.0,2,True
71,710.0,0.0,13,R3,A2,True,7043863.120225582,500000.0,3,False
71,710.0,0.0,13,R4,A3,True,7830535.74603555,500000.0,1,False
71,710.0,0.0,13,R4,A4,True,6768677.67382266,500000.0,4,False
72,720.0,0.0,13,M1,R1,True,7830535.74603555,1000000.0,1,False
72,720.0,0.0,13,M1,R2,True,4493878.537870672,1000000.0,2,True
72,720.0,0.0,13,M1,R3,True,6768677.673822663,1000000.0,4,False
72,720.0,0.0,13,M1,R4,True,7043863.120225582,1000000.0,3,False
72,720.0,0.0,13,R1,S1,True,4459530.111541955,500000.0,2,True
72,720.0,0.0,13,R1,S2,True,7043863.120225582,500000.0,3,False
72,720.0,0.0,13,R2,S3,True,7830535.74603555,500000.0,1,False
72,720.0,0.0,13,R2,S4,True,6768677.67382266,500000.0,4,False
72,720.0,0.0,13,R3,A1,True,4561595.114453086,500000.0,2,True
72,720.0,0.0,13,R3,A2,True,7043863.120225582,500000.0,3,False
72,720.0,0.0,13,R4,A3,True,7830535.74603555,500000.0,1,False
72,720.0,0.0,13,R4,A4,True,6768677.67382266,500000.0,4,False
73,730.0,0.0,13,M1,R1,True,7830535.74603555,1000000.0,1,False
73,730.0,0.0,13,M1,R2,True,4492336.566081002,1000000.0,2,True
73,730.0,0.0,13,M1,R3,True,6768677.673822663,1000000.0,4,False
73,730.0,0.0,13,M1,R4,True,7043863.120225582,1000000.0,3,False
73,730.0,0.0,13,R1,S1,True,4457949.643630329,500000.0,2,True
73,730.0,0.0,13,R1,S2,True,7043863.120225582,500000.0,3,False
73,730.0,0.0,13,R2,S3,True,7830535.74603555,500000.0,1,False
73,730.0,0.0,13,R2,S4,True,6768677.67382266,500000.0,4,False
73,730.0,0.0,13,R3,A1,True,4560128.231669417,500000.0,2,True
73,730.0,0.0,13,R3,A2,True,7043863.120225582,500000.0,3,False
73,730.0,0.0,13,R4,A3,True,7830535.74603555,500000.0,1,False
73,730.0,0.0,13,R4,A4,True,6768677.67382266,500000.0,4,False
74,740.0,0.0,13,M1,R1,True,7830535.74603555,1000000.0,1,False
74,740.0,0.0,13,M1,R2,True,4490792.8571147835,1000000.0,2,True
74,740.0,0.0,13,M1,R3,True,6768677.673822663,1000000.0,4,False
74,740.0,0.0,13,M1,R4,True,7043863.120225582,1000000.0,3,False
74,740.0,0.0,13,R1,S1,True,4456367.356834536,500000.0,2,True
74,740.0,0.0,13,R1,S2,True,7043863.120225582,500000.0,3,False
74,740.0,0.0,13,R2,S3,True,7830535.74603555,500000.0,1,False
74,740.0,0.0,13,R2,S4,True,6768677.67382266,500000.0,4,False
74,740.0,0.0,13,R3,A1,True,4558659.769219119,500000.0,2,True
74,740.0,0.0,13,R3,A2,True,7043863.120225582,500000.0,3,False
74,740.0,0.0,13,R4,A3,True,7830535.74603555,500000.0,1,False
74,740.0,0.0,13,R4,A4,True,6768677.67382266,500000.0,4,False
75,750.0,0.0,13,M1,R1,True,7830535.74603555,1000000.0,1,False
75,750.0,0.0,13,M1,R2,True,4489247.407262524,1000000.0,2,True
75,750.0,0.0,13,M1,R3,True,6768677.673822663,1000000.0,4,False
75,750.0,0.0,13,M1,R4,True,7043863.120225582,1000000.0,3,False
75,750.0,0.0,13,R1,S1,True,4454783.247181574,500000.0,2,True
75,750.0,0.0,13,R1,S2,True,7043863.120225582,500000.0,3,False
75,750.0,0.0,13,R2,S3,True,7830535.74603555,500000.0,1,False
75,750.0,0.0,13,R2,S4,True,6768677.67382266,500000.0,4,False
75,750.0,0.0,13,R3,A1,True,4557189.723895319,500000.0,2,True
75,750.0,0.0,13,R3,A2,True,7043863.120225582,500000.0,3,False
75,750.0,0.0,13,R4,A3,True,7830535.74603555,500000.0,1,False
75,750.0,0.0,13,R4,A4,True,6768677.67382266,500000.0,4,False
76,760.0,0.0,13,M1,R1,True,7830535.74603555,1000000.0,1,False
76,760.0,0.0,13,M1,R2,True,4487700.212802668,1000000.0,2,True
76,760.0,0.0,13,M1,R3,True,6768677.673822663,1000000.0,4,False
76,760.0,0.0,13,M1,R4,True,7043863.120225582,1000000.0,3,False
76,760.0,0.0,13,R1,S1,True,4453197.310685268,500000.0,2,True
76,760.0,0.0,13,R1,S2,True,7043863.120225582,500000.0,3,False
76,760.0,0.0,13,R2,S3,True,7830535.74603555,500000.0,1,False
76,760.0,0.0,13,R2,S4,True,6768677.67382266,500000.0,4,False
76,760.0,0.0,13,R3,A1,True,4555718.092481221,500000.0,2,True
76,760.0,0.0,13,R3,A2,True,7043863.120225582,500000.0,3,False
76,760.0,0.0,13,R4,A3,True,7830535.74603555,500000.0,1,False
76,760.0,0.0,13,R4,A4,True,6768677.67382266,500000.0,4,False
77,770.0,0.0,13,M1,R1,True,7830535.74603555,1000000.0,1,False
77,770.0,0.0,13,M1,R2,True,4486151.270001573,1000000.0,2,True
77,770.0,0.0,13,M1,R3,True,6768677.673822663,1000000.0,4,False
77,770.0,0.0,13,M1,R4,True,7043863.120225582,1000000.0,3,False
77,770.0,0.0,13,R1,S1,True,4451609.5433462085,500000.0,2,True
77,770.0,0.0,13,R1,S2,True,7043863.120225582,500000.0,3,False
77,770.0,0.0,13,R2,S3,True,7830535.74603555,500000.0,1,False
77,770.0,0.0,13,R2,S4,True,6768677.67382266,500000.0,4,False
77,770.0,0.0,13,R3,A1,True,4554244.871750107,500000.0,2,True
77,770.0,0.0,13,R3,A2,True,7043863.120225582,500000.0,3,False
77,770.0,0.0,13,R4,A3,True,7830535.74603555,500000.0,1,False
77,770.0,0.0,13,R4,A4,True,6768677.67382266,500000.0,4,False
78,780.0,0.0,13,M1,R1,True,7830535.74603555,1000000.0,1,False
78,780.0,0.0,13,M1,R2,True,4484600.575113443,1000000.0,2,True
78,780.0,0.0,13,M1,R3,True,6768677.673822663,1000000.0,4,False
78,780.0,0.0,13,M1,R4,True,7043863.120225582,1000000.0,3,False
78,780.0,0.0,13,R1,S1,True,4450019.941151694,500000.0,2,True
78,780.0,0.0,13,R1,S2,True,7043863.120225582,500000.0,3,False
78,780.0,0.0,13,R2,S3,True,7830535.74603555,500000.0,1,False
78,780.0,0.0,13,R2,S4,True,6768677.67382266,500000.0,4,False
78,780.0,0.0,13,R3,A1,True,4552770.058465258,500000.0,2,True
78,780.0,0.0,13,R3,A2,True,7043863.120225582,500000.0,3,False
78,780.0,0.0,13,R4,A3,True,7830535.74603555,500000.0,1,False
78,780.0,0.0,13,R4,A4,True,6768677.67382266,500000.0,4,False
79,790.0,0.0,13,M1,R1,True,7830535.74603555,1000000.0,1,False
79,790.0,0.0,13,M1,R2,True,4483048.124380275,1000000.0,2,True
79,790.0,0.0,13,M1,R3,True,6768677.673822663,1000000.0,4,False
79,790.0,0.0,13,M1,R4,True,7043863.120225582,1000000.0,3,False
79,790.0,0.0,13,R1,S1,True,4448428.500075661,500000.0,2,True
79,790.0,0.0,13,R1,S2,True,7043863.120225582,500000.0,3,False
79,790.0,0.0,13,R2,S3,True,7830535.74603555,500000.0,1,False
79,790.0,0.0,13,R2,S4,True,6768677.67382266,500000.0,4,False
79,790.0,0.0,13,R3,A1,True,4551293.64937992,500000.0,2,True
79,790.0,0.0,13,R3,A2,True,7043863.120225582,500000.0,3,False
79,790.0,0.0,13,R4,A3,True,7830535.74603555,500000.0,1,False
79,790.0,0.0,13,R4,A4,True,6768677.67382266,500000.0,4,False
80,800.0,0.0,13,M1,R1,True,7830535.74603555,1000000.0,1,False
80,800.0,0.0,13,M1,R2,True,4481493.9140318185,1000000.0,2,True
80,800.0,0.0,13,M1,R3,True,6768677.673822663,1000000.0,4,False
80,800.0,0.0,13,M1,R4,True,7043863.120225582,1000000.0,3,False
80,800.0,0.0,13,R1,S1,True,4446835.21607865,500000.0,2,True
80,800.0,0.0,13,R1,S2,True,7043863.120225582,500000.0,3,False
80,800.0,0.0,13,R2,S3,True,7830535.74603555,500000.0,1,False
80,800.0,0.0,13,R2,S4,True,6768677.67382266,500000.0,4,False
80,800.0,0.0,13,R3,A1,True,4549815.641237279,500000.0,2,True
80,800.0,0.0,13,R3,A2,True,7043863.120225582,500000.0,3,False
80,800.0,0.0,13,R4,A3,True,7830535.74603555,500000.0,1,False
80,800.0,0.0,13,R4,A4,True,6768677.67382266,500000.0,4,False
81,810.0,0.0,13,M1,R1,True,7830535.74603555,1000000.0,1,False
81,810.0,0.0,13,M1,R2,True,4479937.940285512,1000000.0,2,True
81,810.0,0.0,13,M1,R3,True,6768677.673822663,1000000.0,4,False
81,810.0,0.0,13,M1,R4,True,7043863.120225582,1000000.0,3,False
81,810.0,0.0,13,R1,S1,True,4445240.085107714,500000.0,2,True
81,810.0,0.0,13,R1,S2,True,7043863.120225582,500000.0,3,False
81,810.0,0.0,13,R2,S3,True,7830535.74603555,500000.0,1,False
81,810.0,0.0,13,R2,S4,True,6768677.67382266,500000.0,4,False
81,810.0,0.0,13,R3,A1,True,4548336.030770398,500000.0,2,True
81,810.0,0.0,13,R3,A2,True,7043863.120225582,500000.0,3,False
81,810.0,0.0,13,R4,A3,True,7830535.74603555,500000.0,1,False
81,810.0,0.0,13,R4,A4,True,6768677.67382266,500000.0,4,False
82,820.0,0.0,13,M1,R1,True,7830535.74603555,1000000.0,1,False
82,820.0,0.0,13,M1,R2,True,4478380.199346429,1000000.0,2,True
82,820.0,0.0,13,M1,R3,True,6768677.673822663,1000000.0,4,False
82,820.0,0.0,13,M1,R4,True,7043863.120225582,1000000.0,3,False
82,820.0,0.0,13,R1,S1,True,4443643.103096389,500000.0,2,True
82,820.0,0.0,13,R1,S2,True,7043863.120225582,500000.0,3,False
82,820.0,0.0,13,R2,S3,True,7830535.74603555,500000.0,1,False
82,820.0,0.0,13,R2,S4,True,6768677.67382266,500000.0,4,False
82,820.0,0.0,13,R3,A1,True,4546854.8147021895,500000.0,2,True
82,820.0,0.0,13,R3,A2,True,7043863.120225582,500000.0,3,False
82,820.0,0.0,13,R4,A3,True,7830535.74603555,500000.0,1,False
82,820.0,0.0,13,R4,A4,True,6768677.67382266,500000.0,4,False
83,830.0,0.0,13,M1,R1,True,7830535.74603555,1000000.0,1,False
83,830.0,0.0,13,M1,R2,True,4476820.687407225,1000000.0,2,True
83,830.0,0.0,13,M1,R3,True,6768677.673822663,1000000.0,4,False
83,830.0,0.0,13,M1,R4,True,7043863.120225582,1000000.0,3,False
83,830.0,0.0,13,R1,S1,True,4442044.265964607,500000.0,2,True
83,830.0,0.0,13,R1,S2,True,7043863.120225582,500000.0,3,False
83,830.0,0.0,13,R2,S3,True,7830535.74603555,500000.0,1,False
83,830.0,0.0,13,R2,S4,True,6768677.67382266,500000.0,4,False
83,830.0,0.0,13,R3,A1,True,4545371.989745382,500000.0,2,True
83,830.0,0.0,13,R3,A2,True,7043863.120225582,500000.0,3,False
83,830.0,0.0,13,R4,A3,True,7830535.74603555,500000.0,1,False
83,830.0,0.0,13,R4,A4,True,6768677.67382266,500000.0,4,False
84,840.0,0.0,13,M1,R1,True,7830535.74603555,1000000.0,1,False
84,840.0,0.0,13,M1,R2,True,4475259.400648089,1000000.0,2,True
84,840.0,0.0,13,M1,R3,True,6768677.673822663,1000000.0,4,False
84,840.0,0.0,13,M1,R4,True,7043863.120225582,1000000.0,3,False
84,840.0,0.0,13,R1,S1,True,4440443.569618665,500000.0,2,True
84,840.0,0.0,13,R1,S2,True,7043863.120225582,500000.0,3,False
84,840.0,0.0,13,R2,S3,True,7830535.74603555,500000.0,1,False
84,840.0,0.0,13,R2,S4,True,6768677.67382266,500000.0,4,False
84,840.0,0.0,13,R3,A1,True,4543887.552602446,500000.0,2,True
84,840.0,0.0,13,R3,A2,True,7043863.120225582,500000.0,3,False
84,840.0,0.0,13,R4,A3,True,7830535.74603555,500000.0,1,False
84,840.0,0.0,13,R4,A4,True,6768677.67382266,500000.0,4,False
85,850.0,0.0,13,M1,R1,True,7830535.74603555,1000000.0,1,False
85,850.0,0.0,13,M1,R2,True,4473696.335236687,1000000.0,2,True
85,850.0,0.0,13,M1,R3,True,6768677.673822663,1000000.0,4,False
85,850.0,0.0,13,M1,R4,True,7043863.120225582,1000000.0,3,False
85,850.0,0.0,13,R1,S1,True,4438841.009951129,500000.0,2,True
85,850.0,0.0,13,R1,S2,True,7043863.120225582,500000.0,3,False
85,850.0,0.0,13,R2,S3,True,7830535.74603555,500000.0,1,False
85,850.0,0.0,13,R2,S4,True,6768677.67382266,500000.0,4,False
85,850.0,0.0,13,R3,A1,True,4542401.499965578,500000.0,2,True
85,850.0,0.0,13,R3,A2,True,7043863.120225582,500000.0,3,False
85,850.0,0.0,13,R4,A3,True,7830535.74603555,500000.0,1,False
85,850.0,0.0,13,R4,A4,True,6768677.67382266,500000.0,4,False
86,860.0,0.0,13,M1,R1,True,7830535.74603555,1000000.0,1,False
86,860.0,0.0,13,M1,R2,True,4472131.48732809,1000000.0,2,True
86,860.0,0.0,13,M1,R3,True,6768677.673822663,1000000.0,4,False
86,860.0,0.0,13,M1,R4,True,7043863.120225582,1000000.0,3,False
86,860.0,0.0,13,R1,S1,True,4437236.582840804,500000.0,2,True
86,860.0,0.0,13,R1,S2,True,7043863.120225582,500000.0,3,False
86,860.0,0.0,13,R2,S3,True,7830535.74603555,500000.0,1,False
86,860.0,0.0,13,R2,S4,True,6768677.67382266,500000.0,4,False
86,860.0,0.0,13,R3,A1,True,4540913.828516656,500000.0,2,True
86,860.0,0.0,13,R3,A2,True,7043863.120225582,500000.0,3,False
86,860.0,0.0,13,R4,A3,True,7830535.74603555,500000.0,1,False
86,860.0,0.0,13,R4,A4,True,6768677.67382266,500000.0,4,False
87,870.0,0.0,13,M1,R1,True,7830535.74603555,1000000.0,1,False
87,870.0,0.0,13,M1,R2,True,4470564.8530647615,1000000.0,2,True
87,870.0,0.0,13,M1,R3,True,6768677.673822663,1000000.0,4,False
87,870.0,0.0,13,M1,R4,True,7043863.120225582,1000000.0,3,False
87,870.0,0.0,13,R1,S1,True,4435630.2841526475,500000.0,2,True
87,870.0,0.0,13,R1,S2,True,7043863.120225582,500000.0,3,False
87,870.0,0.0,13,R2,S3,True,7830535.74603555,500000.0,1,False
87,870.0,0.0,13,R2,S4,True,6768677.67382266,500000.0,4,False
87,870.0,0.0,13,R3,A1,True,4539424.534927179,500000.0,2,True
87,870.0,0.0,13,R3,A2,True,7043863.120225582,500000.0,3,False
87,870.0,0.0,13,R4,A3,True,7830535.74603555,500000.0,1,False
87,870.0,0.0,13,R4,A4,True,6768677.67382266,500000.0,4,False
88,880.0,0.0,13,M1,R1,True,7830535.74603555,1000000.0,1,False
88,880.0,0.0,13,M1,R2,True,4468996.428576455,1000000.0,2,True
88,880.0,0.0,13,M1,R3,True,6768677.673822663,1000000.0,4,False
88,880.0,0.0,13,M1,R4,True,7043863.120225582,1000000.0,3,False
88,880.0,0.0,13,R1,S1,True,4434022.109737745,500000.0,2,True
88,880.0,0.0,13,R1,S2,True,7043863.120225582,500000.0,3,False
88,880.0,0.0,13,R2,S3,True,7830535.74603555,500000.0,1,False
88,880.0,0.0,13,R2,S4,True,6768677.67382266,500000.0,4,False
88,880.0,0.0,13,R3,A1,True,4537933.615858253,500000.0,2,True
88,880.0,0.0,13,R3,A2,True,7043863.120225582,500000.0,3,False
88,880.0,0.0,13,R4,A3,True,7830535.74603555,500000.0,1,False
88,880.0,0.0,13,R4,A4,True,6768677.67382266,500000.0,4,False
89,890.0,0.0,13,M1,R1,True,7830535.74603555,1000000.0,1,False
89,890.0,0.0,13,M1,R2,True,4467426.20998018,1000000.0,2,True
89,890.0,0.0,13,M1,R3,True,6768677.673822663,1000000.0,4,False
89,890.0,0.0,13,M1,R4,True,7043863.120225582,1000000.0,3,False
89,890.0,0.0,13,R1,S1,True,4432412.055433192,500000.0,2,True
89,890.0,0.0,13,R1,S2,True,7043863.120225582,500000.0,3,False
89,890.0,0.0,13,R2,S3,True,7830535.74603555,500000.0,1,False
89,890.0,0.0,13,R2,S4,True,6768677.67382266,500000.0,4,False
89,890.0,0.0,13,R3,A1,True,4536441.067960513,500000.0,2,True
89,890.0,0.0,13,R3,A2,True,7043863.120225582,500000.0,3,False
89,890.0,0.0,13,R4,A3,True,7830535.74603555,500000.0,1,False
89,890.0,0.0,13,R4,A4,True,6768677.67382266,500000.0,4,False
90,900.0,0.0,13,M1,R1,True,7830535.74603555,1000000.0,1,False
90,900.0,0.0,13,M1,R2,True,4465854.193380149,1000000.0,2,True
90,900.0,0.0,13,M1,R3,True,6768677.673822663,1000000.0,4,False
90,900.0,0.0,13,M1,R4,True,7043863.120225582,1000000.0,3,False
90,900.0,0.0,13,R1,S1,True,4430800.117062087,500000.0,2,True
90,900.0,0.0,13,R1,S2,True,7043863.120225582,500000.0,3,False
90,900.0,0.0,13,R2,S3,True,7830535.74603555,500000.0,1,False
90,900.0,0.0,13,R2,S4,True,6768677.67382266,500000.0,4,False
90,900.0,0.0,13,R3,A1,True,4534946.887874107,500000.0,2,True
90,900.0,0.0,13,R3,A2,True,7043863.120225582,500000.0,3,False
90,900.0,0.0,13,R4,A3,True,7830535.74603555,500000.0,1,False
90,900.0,0.0,13,R4,A4,True,6768677.67382266,500000.0,4,False
91,910.0,0.0,13,M1,R1,True,7830535.74603555,1000000.0,1,False
91,910.0,0.0,13,M1,R2,True,4464280.37486772,1000000.0,2,True
91,910.0,0.0,13,M1,R3,True,6768677.673822663,1000000.0,4,False
91,910.0,0.0,13,M1,R4,True,7043863.120225582,1000000.0,3,False
91,910.0,0.0,13,R1,S1,True,4429186.290433425,500000.0,2,True
91,910.0,0.0,13,R1,S2,True,7043863.120225582,500000.0,3,False
91,910.0,0.0,13,R2,S3,True,7830535.74603555,500000.0,1,False
91,910.0,0.0,13,R2,S4,True,6768677.67382266,500000.0,4,False
91,910.0,0.0,13,R3,A1,True,4533451.072228639,500000.0,2,True
91,910.0,0.0,13,R3,A2,True,7043863.120225582,500000.0,3,False
91,910.0,0.0,13,R4,A3,True,7830535.74603555,500000.0,1,False
91,910.0,0.0,13,R4,A4,True,6768677.67382266,500000.0,4,False
92,920.0,0.0,13,M1,R1,True,7830535.74603555,1000000.0,1,False
92,920.0,0.0,13,M1,R2,True,4462704.750521319,1000000.0,2,True
92,920.0,0.0,13,M1,R3,True,6768677.673822663,1000000.0,4,False
92,920.0,0.0,13,M1,R4,True,7043863.120225582,1000000.0,3,False
92,920.0,0.0,13,R1,S1,True,4427570.571342063,500000.0,2,True
92,920.0,0.0,13,R1,S2,True,7043863.120225582,500000.0,3,False
92,920.0,0.0,13,R2,S3,True,7830535.74603555,500000.0,1,False
92,920.0,0.0,13,R2,S4,True,6768677.67382266,500000.0,4,False
92,920.0,0.0,13,R3,A1,True,4531953.617643129,500000.0,2,True
92,920.0,0.0,13,R3,A2,True,7043863.120225582,500000.0,3,False
92,920.0,0.0,13,R4,A3,True,7830535.74603555,500000.0,1,False
92,920.0,0.0,13,R4,A4,True,6768677.67382266,500000.0,4,False
93,930.0,0.0,13,M1,R1,True,7830535.74603555,1000000.0,1,False
93,930.0,0.0,13,M1,R2,True,4461127.3164064195,1000000.0,2,True
93,930.0,0.0,13,M1,R3,True,6768677.673822663,1000000.0,4,False
93,930.0,0.0,13,M1,R4,True,7043863.120225582,1000000.0,3,False
93,930.0,0.0,13,R1,S1,True,4425952.955568654,500000.0,2,True
93,930.0,0.0,13,R1,S2,True,7043863.120225582,500000.0,3,False
93,930.0,0.0,13,R2,S3,True,7830535.74603555,500000.0,1,False
93,930.0,0.0,13,R2,S4,True,6768677.67382266,500000.0,4,False
93,930.0,0.0,13,R3,A1,True,4530454.520725975,500000.0,2,True
93,930.0,0.0,13,R3,A2,True,7043863.120225582,500000.0,3,False
93,930.0,0.0,13,R4,A3,True,7830535.74603555,500000.0,1,False
93,930.0,0.0,13,R4,A4,True,6768677.67382266,500000.0,4,False
94,940.0,0.0,13,M1,R1,True,7830535.74603555,1000000.0,1,False
94,940.0,0.0,13,M1,R2,True,4459548.068575465,1000000.0,2,True
94,940.0,0.0,13,M1,R3,True,6768677.673822663,1000000.0,4,False
94,940.0,0.0,13,M1,R4,True,7043863.120225582,1000000.0,3,False
94,940.0,0.0,13,R1,S1,True,4424333.438879563,500000.0,2,True
94,940.0,0.0,13,R1,S2,True,7043863.120225582,500000.0,3,False
94,940.0,0.0,13,R2,S3,True,7830535.74603555,500000.0,1,False
94,940.0,0.0,13,R2,S4,True,6768677.67382266,500000.0,4,False
94,940.0,0.0,13,R3,A1,True,4528953.778074876,500000.0,2,True
94,940.0,0.0,13,R3,A2,True,7043863.120225582,500000.0,3,False
94,940.0,0.0,13,R4,A3,True,7830535.74603555,500000.0,1,False
94,940.0,0.0,13,R4,A4,True,6768677.67382266,500000.0,4,False
95,950.0,0.0,13,M1,R1,True,7830535.74603555,1000000.0,1,False
95,950.0,0.0,13,M1,R2,True,4457967.003067799,1000000.0,2,True
95,950.0,0.0,13,M1,R3,True,6768677.673822663,1000000.0,4,False
95,950.0,0.0,13,M1,R4,True,7043863.120225582,1000000.0,3,False
95,950.0,0.0,13,R1,S1,True,4422712.017026813,500000.0,2,True
95,950.0,0.0,13,R1,S2,True,7043863.120225582,500000.0,3,False
95,950.0,0.0,13,R2,S3,True,7830535.74603555,500000.0,1,False
95,950.0,0.0,13,R2,S4,True,6768677.67382266,500000.0,4,False
95,950.0,0.0,13,R3,A1,True,4527451.386276847,500000.0,2,True
95,950.0,0.0,13,R3,A2,True,7043863.120225582,500000.0,3,False
95,950.0,0.0,13,R4,A3,True,7830535.74603555,500000.0,1,False
95,950.0,0.0,13,R4,A4,True,6768677.67382266,500000.0,4,False
96,960.0,0.0,13,M1,R1,True,7830535.74603555,1000000.0,1,False
96,960.0,0.0,13,M1,R2,True,4456384.115909633,1000000.0,2,True
96,960.0,0.0,13,M1,R3,True,6768677.673822663,1000000.0,4,False
96,960.0,0.0,13,M1,R4,True,7043863.120225582,1000000.0,3,False
96,960.0,0.0,13,R1,S1,True,4421088.685748038,500000.0,2,True
96,960.0,0.0,13,R1,S2,True,7043863.120225582,500000.0,3,False
96,960.0,0.0,13,R2,S3,True,7830535.74603555,500000.0,1,False
96,960.0,0.0,13,R2,S4,True,6768677.67382266,500000.0,4,False
96,960.0,0.0,13,R3,A1,True,4525947.341908111,500000.0,2,True
96,960.0,0.0,13,R3,A2,True,7043863.120225582,500000.0,3,False
96,960.0,0.0,13,R4,A3,True,7830535.74603555,500000.0,1,False
96,960.0,0.0,13,R4,A4,True,6768677.67382266,500000.0,4,False
97,970.0,0.0,13,M1,R1,True,7830535.74603555,1000000.0,1,False
97,970.0,0.0,13,M1,R2,True,4454799.403113977,1000000.0,2,True
97,970.0,0.0,13,M1,R3,True,6768677.673822663,1000000.0,4,False
97,970.0,0.0,13,M1,R4,True,7043863.120225582,1000000.0,3,False
97,970.0,0.0,13,R1,S1,True,4419463.440766394,500000.0,2,True
97,970.0,0.0,13,R1,S2,True,7043863.120225582,500000.0,3,False
97,970.0,0.0,13,R2,S3,True,7830535.74603555,500000.0,1,False
97,970.0,0.0,13,R2,S4,True,6768677.67382266,500000.0,4,False
97,970.0,0.0,13,R3,A1,True,4524441.6415340975,500000.0,2,True
97,970.0,0.0,13,R3,A2,True,7043863.120225582,500000.0,3,False
97,970.0,0.0,13,R4,A3,True,7830535.74603555,500000.0,1,False
97,970.0,0.0,13,R4,A4,True,6768677.67382266,500000.0,4,False
98,980.0,0.0,13,M1,R1,True,7830535.74603555,1000000.0,1,False
98,980.0,0.0,13,M1,R2,True,4453212.860680573,1000000.0,2,True
98,980.0,0.0,13,M1,R3,True,6768677.673822663,1000000.0,4,False
98,980.0,0.0,13,M1,R4,True,7043863.120225582,1000000.0,3,False
98,980.0,0.0,13,R1,S1,True,4417836.277790497,500000.0,2,True
98,980.0,0.0,13,R1,S2,True,7043863.120225582,500000.0,3,False
98,980.0,0.0,13,R2,S3,True,7830535.74603555,500000.0,1,False
98,980.0,0.0,13,R2,S4,True,6768677.67382266,500000.0,4,False
98,980.0,0.0,13,R3,A1,True,4522934.281709373,500000.0,2,True
98,980.0,0.0,13,R3,A2,True,7043863.120225582,500000.0,3,False
98,980.0,0.0,13,R4,A3,True,7830535.74603555,500000.0,1,False
98,980.0,0.0,13,R4,A4,True,6768677.67382266,500000.0,4,False
99,990.0,0.0,13,M1,R1,True,7830535.74603555,1000000.0,1,False
99,990.0,0.0,13,M1,R2,True,4451624.484595846,1000000.0,2,True
99,990.0,0.0,13,M1,R3,True,6768677.673822663,1000000.0,4,False
99,990.0,0.0,13,M1,R4,True,7043863.120225582,1000000.0,3,False
99,990.0,0.0,13,R1,S1,True,4416207.192514362,500000.0,2,True
99,990.0,0.0,13,R1,S2,True,7043863.120225582,500000.0,3,False
99,990.0,0.0,13,R2,S3,True,7830535.74603555,500000.0,1,False
99,990.0,0.0,13,R2,S4,True,6768677.67382266,500000.0,4,False
99,990.0,0.0,13,R3,A1,True,4521425.258977617,500000.0,2,True
99,990.0,0.0,13,R3,A2,True,7043863.120225582,500000.0,3,False
99,990.0,0.0,13,R4,A3,True,7830535.74603555,500000.0,1,False
99,990.0,0.0,13,R4,A4,True,6768677.67382266,500000.0,4,False
100,1000.0,0.0,13,M1,R1,True,7830535.74603555,1000000.0,1,False
100,1000.0,0.0,13,M1,R2,True,4450034.270832848,1000000.0,2,True
100,1000.0,0.0,13,M1,R3,True,6768677.673822663,1000000.0,4,False
100,1000.0,0.0,13,M1,R4,True,7043863.120225582,1000000.0,3,False
100,1000.0,0.0,13,R1,S1,True,4414576.180617362,500000.0,2,True
100,1000.0,0.0,13,R1,S2,True,7043863.120225582,500000.0,3,False
100,1000.0,0.0,13,R2,S3,True,7830535.74603555,500000.0,1,False
100,1000.0,0.0,13,R2,S4,True,6768677.67382266,500000.0,4,False
100,1000.0,0.0,13,R3,A1,True,4519914.569871548,500000.0,2,True
100,1000.0,0.0,13,R3,A2,True,7043863.120225582,500000.0,3,False
100,1000.0,0.0,13,R4,A3,True,7830535.74603555,500000.0,1,False
100,1000.0,0.0,13,R4,A4,True,6768677.67382266,500000.0,4,False
101,1010.0,0.0,13,M1,R1,True,7830535.74603555,1000000.0,1,False
101,1010.0,0.0,13,M1,R2,True,4448442.215351182,1000000.0,2,True
101,1010.0,0.0,13,M1,R3,True,6768677.673822663,1000000.0,4,False
101,1010.0,0.0,13,M1,R4,True,7043863.120225582,1000000.0,3,False
101,1010.0,0.0,13,R1,S1,True,4412943.237764104,500000.0,2,True
101,1010.0,0.0,13,R1,S2,True,7043863.120225582,500000.0,3,False
101,1010.0,0.0,13,R2,S3,True,7830535.74603555,500000.0,1,False
101,1010.0,0.0,13,R2,S4,True,6768677.67382266,500000.0,4,False
101,1010.0,0.0,13,R3,A1,True,4518402.210912895,500000.0,2,True
101,1010.0,0.0,13,R3,A2,True,7043863.120225582,500000.0,3,False
101,1010.0,0.0,13,R4,A3,True,7830535.74603555,500000.0,1,False
101,1010.0,0.0,13,R4,A4,True,6768677.67382266,500000.0,4,False
102,1020.0,0.0,13,M1,R1,True,7830535.74603555,1000000.0,1,False
102,1020.0,0.0,13,M1,R2,True,4446848.3140969705,1000000.0,2,True
102,1020.0,0.0,13,M1,R3,True,6768677.673822663,1000000.0,4,False
102,1020.0,0.0,13,M1,R4,True,7043863.120225582,1000000.0,3,False
102,1020.0,0.0,13,R1,S1,True,4411308.359604413,500000.0,2,True
102,1020.0,0.0,13,R1,S2,True,7043863.120225582,500000.0,3,False
102,1020.0,0.0,13,R2,S3,True,7830535.74603555,500000.0,1,False
102,1020.0,0.0,13,R2,S4,True,6768677.67382266,500000.0,4,False
102,1020.0,0.0,13,R3,A1,True,4516888.17861236,500000.0,2,True
102,1020.0,0.0,13,R3,A2,True,7043863.120225582,500000.0,3,False
102,1020.0,0.0,13,R4,A3,True,7830535.74603555,500000.0,1,False
102,1020.0,0.0,13,R4,A4,True,6768677.67382266,500000.0,4,False
103,1030.0,0.0,13,M1,R1,True,7830535.74603555,1000000.0,1,False
103,1030.0,0.0,13,M1,R2,True,4445252.5630027605,1000000.0,2,True
103,1030.0,0.0,13,M1,R3,True,6768677.673822663,1000000.0,4,False
103,1030.0,0.0,13,M1,R4,True,7043863.120225582,1000000.0,3,False
103,1030.0,0.0,13,R1,S1,True,4409671.541773244,500000.0,2,True
103,1030.0,0.0,13,R1,S2,True,7043863.120225582,500000.0,3,False
103,1030.0,0.0,13,R2,S3,True,7830535.74603555,500000.0,1,False
103,1030.0,0.0,13,R2,S4,True,6768677.67382266,500000.0,4,False
103,1030.0,0.0,13,R3,A1,True,4515372.469469546,500000.0,2,True
103,1030.0,0.0,13,R3,A2,True,7043863.120225582,500000.0,3,False
103,1030.0,0.0,13,R4,A3,True,7830535.74603555,500000.0,1,False
103,1030.0,0.0,13,R4,A4,True,6768677.67382266,500000.0,4,False
104,1040.0,0.0,13,M1,R1,True,7830535.74603555,1000000.0,1,False
104,1040.0,0.0,13,M1,R2,True,4443654.95798749,1000000.0,2,True
104,1040.0,0.0,13,M1,R3,True,6768677.673822663,1000000.0,4,False
104,1040.0,0.0,13,M1,R4,True,7043863.120225582,1000000.0,3,False
104,1040.0,0.0,13,R1,S1,True,4408032.779890613,500000.0,2,True
104,1040.0,0.0,13,R1,S2,True,7043863.120225582,500000.0,3,False
104,1040.0,0.0,13,R2,S3,True,7830535.74603555,500000.0,1,False
104,1040.0,0.0,13,R2,S4,True,6768677.67382266,500000.0,4,False
104,1040.0,0.0,13,R3,A1,True,4513855.079972935,500000.0,2,True
104,1040.0,0.0,13,R3,A2,True,7043863.120225582,500000.0,3,False
104,1040.0,0.0,13,R4,A3,True,7830535.74603555,500000.0,1,False
104,1040.0,0.0,13,R4,A4,True,6768677.67382266,500000.0,4,False
105,1050.0,0.0,13,M1,R1,True,7830535.74603555,1000000.0,1,False
105,1050.0,0.0,13,M1,R2,True,4442055.494956418,1000000.0,2,True
105,1050.0,0.0,13,M1,R3,True,6768677.673822663,1000000.0,4,False
105,1050.0,0.0,13,M1,R4,True,7043863.120225582,1000000.0,3,False
105,1050.0,0.0,13,R1,S1,True,4406392.069561533,500000.0,2,True
105,1050.0,0.0,13,R1,S2,True,7043863.120225582,500000.0,3,False
105,1050.0,0.0,13,R2,S3,True,7830535.74603555,500000.0,1,False
105,1050.0,0.0,13,R2,S4,True,6768677.67382266,500000.0,4,False
105,1050.0,0.0,13,R3,A1,True,4512336.006599813,500000.0,2,True
105,1050.0,0.0,13,R3,A2,True,7043863.120225582,500000.0,3,False
105,1050.0,0.0,13,R4,A3,True,7830535.74603555,500000.0,1,False
105,1050.0,0.0,13,R4,A4,True,6768677.67382266,500000.0,4,False
106,1060.0,0.0,13,M1,R1,True,7830535.74603555,1000000.0,1,False
106,1060.0,0.0,13,M1,R2,True,4440454.169801061,1000000.0,2,True
106,1060.0,0.0,13,M1,R3,True,6768677.673822663,1000000.0,4,False
106,1060.0,0.0,13,M1,R4,True,7043863.120225582,1000000.0,3,False
106,1060.0,0.0,13,R1,S1,True,4404749.406375959,500000.0,2,True
106,1060.0,0.0,13,R1,S2,True,7043863.120225582,500000.0,3,False
106,1060.0,0.0,13,R2,S3,True,7830535.74603555,500000.0,1,False
106,1060.0,0.0,13,R2,S4,True,6768677.67382266,500000.0,4,False
106,1060.0,0.0,13,R3,A1,True,4510815.245816264,500000.0,2,True
106,1060.0,0.0,13,R3,A2,True,7043863.120225582,500000.0,3,False
106,1060.0,0.0,13,R4,A3,True,7830535.74603555,500000.0,1,False
106,1060.0,0.0,13,R4,A4,True,6768677.67382266,500000.0,4,False
107,1070.0,0.0,13,M1,R1,True,7830535.74603555,1000000.0,1,False
107,1070.0,0.0,13,M1,R2,True,4438850.978399135,1000000.0,2,True
107,1070.0,0.0,13,M1,R3,True,6768677.673822663,1000000.0,4,False
107,1070.0,0.0,13,M1,R4,True,7043863.120225582,1000000.0,3,False
107,1070.0,0.0,13,R1,S1,True,4403104.785908687,500000.0,2,True
107,1070.0,0.0,13,R1,S2,True,7043863.120225582,500000.0,3,False
107,1070.0,0.0,13,R2,S3,True,7830535.74603555,500000.0,1,False
107,1070.0,0.0,13,R2,S4,True,6768677.67382266,500000.0,4,False
107,1070.0,0.0,13,R3,A1,True,4509292.794077066,500000.0,2,True
107,1070.0,0.0,13,R3,A2,True,7043863.120225582,500000.0,3,False
107,1070.0,0.0,13,R4,A3,True,7830535.74603555,500000.0,1,False
107,1070.0,0.0,13,R4,A4,True,6768677.67382266,500000.0,4,False
108,1080.0,0.0,13,M1,R1,True,7830535.74603555,1000000.0,1,False
108,1080.0,0.0,13,M1,R2,True,4437245.916614489,1000000.0,2,True
108,1080.0,0.0,13,M1,R3,True,6768677.673822663,1000000.0,4,False
108,1080.0,0.0,13,M1,R4,True,7043863.120225582,1000000.0,3,False
108,1080.0,0.0,13,R1,S1,True,4401458.203719316,500000.0,2,True
108,1080.0,0.0,13,R1,S2,True,7043863.120225582,500000.0,3,False
108,1080.0,0.0,13,R2,S3,True,7830535.74603555,500000.0,1,False
108,1080.0,0.0,13,R2,S4,True,6768677.67382266,500000.0,4,False
108,1080.0,0.0,13,R3,A1,True,4507768.647825713,500000.0,2,True
108,1080.0,0.0,13,R3,A2,True,7043863.120225582,500000.0,3,False
108,1080.0,0.0,13,R4,A3,True,7830535.74603555,500000.0,1,False
108,1080.0,0.0,13,R4,A4,True,6768677.67382266,500000.0,4,False
109,1090.0,0.0,13,M1,R1,True,7830535.74603555,1000000.0,1,False
109,1090.0,0.0,13,M1,R2,True,4435638.980297062,1000000.0,2,True
109,1090.0,0.0,13,M1,R3,True,6768677.673822663,1000000.0,4,False
109,1090.0,0.0,13,M1,R4,True,7043863.120225582,1000000.0,3,False
109,1090.0,0.0,13,R1,S1,True,4399809.6553521585,500000.0,2,True
109,1090.0,0.0,13,R1,S2,True,7043863.120225582,500000.0,3,False
109,1090.0,0.0,13,R2,S3,True,7830535.74603555,500000.0,1,False
109,1090.0,0.0,13,R2,S4,True,6768677.67382266,500000.0,4,False
109,1090.0,0.0,13,R3,A1,True,4506242.803494291,500000.0,2,True
109,1090.0,0.0,13,R3,A2,True,7043863.120225582,500000.0,3,False
109,1090.0,0.0,13,R4,A3,True,7830535.74603555,500000.0,1,False
109,1090.0,0.0,13,R4,A4,True,6768677.67382266,500000.0,4,False
110,1100.0,0.0,13,M1,R1,True,7830535.74603555,1000000.0,1,False
110,1100.0,0.0,13,M1,R2,True,4434030.165282777,1000000.0,2,True
110,1100.0,0.0,13,M1,R3,True,6768677.673822663,1000000.0,4,False
110,1100.0,0.0,13,M1,R4,True,7043863.120225582,1000000.0,3,False
110,1100.0,0.0,13,R1,S1,True,4398159.13633618,500000.0,2,True
110,1100.0,0.0,13,R1,S2,True,7043863.120225582,500000.0,3,False
110,1100.0,0.0,13,R2,S3,True,7830535.74603555,500000.0,1,False
110,1100.0,0.0,13,R2,S4,True,6768677.67382266,500000.0,4,False
110,1100.0,0.0,13,R3,A1,True,4504715.257503488,500000.0,2,True
110,1100.0,0.0,13,R3,A2,True,7043863.120225582,500000.0,3,False
110,1100.0,0.0,13,R4,A3,True,7830535.74603555,500000.0,1,False
110,1100.0,0.0,13,R4,A4,True,6768677.67382266,500000.0,4,False
111,1110.0,0.0,13,M1,R1,True,7830535.74603555,1000000.0,1,False
111,1110.0,0.0,13,M1,R2,True,4432419.467393535,1000000.0,2,True
111,1110.0,0.0,13,M1,R3,True,6768677.673822663,1000000.0,4,False
111,1110.0,0.0,13,M1,R4,True,7043863.120225582,1000000.0,3,False
111,1110.0,0.0,13,R1,S1,True,4396506.6421849355,500000.0,2,True
111,1110.0,0.0,13,R1,S2,True,7043863.120225582,500000.0,3,False
111,1110.0,0.0,13,R2,S3,True,7830535.74603555,500000.0,1,False
111,1110.0,0.0,13,R2,S4,True,6768677.67382266,500000.0,4,False
111,1110.0,0.0,13,R3,A1,True,4503186.006262523,500000.0,2,True
111,1110.0,0.0,13,R3,A2,True,7043863.120225582,500000.0,3,False
111,1110.0,0.0,13,R4,A3,True,7830535.74603555,500000.0,1,False
111,1110.0,0.0,13,R4,A4,True,6768677.67382266,500000.0,4,False
112,1120.0,0.0,13,M1,R1,True,7830535.74603555,1000000.0,1,False
112,1120.0,0.0,13,M1,R2,True,4430806.882437104,1000000.0,2,True
112,1120.0,0.0,13,M1,R3,True,6768677.673822663,1000000.0,4,False
112,1120.0,0.0,13,M1,R4,True,7043863.120225582,1000000.0,3,False
112,1120.0,0.0,13,R1,S1,True,4394852.168396483,500000.0,2,True
112,1120.0,0.0,13,R1,S2,True,7043863.120225582,500000.0,3,False
112,1120.0,0.0,13,R2,S3,True,7830535.74603555,500000.0,1,False
112,1120.0,0.0,13,R2,S4,True,6768677.67382266,500000.0,4,False
112,1120.0,0.0,13,R3,A1,True,4501655.046169092,500000.0,2,True
112,1120.0,0.0,13,R3,A2,True,7043863.120225582,500000.0,3,False
112,1120.0,0.0,13,R4,A3,True,7830535.74603555,500000.0,1,False
112,1120.0,0.0,13,R4,A4,True,6768677.67382266,500000.0,4,False
113,1130.0,0.0,13,M1,R1,True,7830535.74603555,1000000.0,1,False
113,1130.0,0.0,13,M1,R2,True,4429192.406207082,1000000.0,2,True
113,1130.0,0.0,13,M1,R3,True,6768677.673822663,1000000.0,4,False
113,1130.0,0.0,13,M1,R4,True,7043863.120225582,1000000.0,3,False
113,1130.0,0.0,13,R1,S1,True,4393195.710453317,500000.0,2,True
113,1130.0,0.0,13,R1,S2,True,7043863.120225582,500000.0,3,False
113,1130.0,0.0,13,R2,S3,True,7830535.74603555,500000.0,1,False
113,1130.0,0.0,13,R2,S4,True,6768677.67382266,500000.0,4,False
113,1130.0,0.0,13,R3,A1,True,4500122.373609325,500000.0,2,True
113,1130.0,0.0,13,R3,A2,True,7043863.120225582,500000.0,3,False
113,1130.0,0.0,13,R4,A3,True,7830535.74603555,500000.0,1,False
113,1130.0,0.0,13,R4,A4,True,6768677.67382266,500000.0,4,False
114,1140.0,0.0,13,M1,R1,True,7830535.74603555,1000000.0,1,False
114,1140.0,0.0,13,M1,R2,True,4427576.034482823,1000000.0,2,True
114,1140.0,0.0,13,M1,R3,True,6768677.673822663,1000000.0,4,False
114,1140.0,0.0,13,M1,R4,True,7043863.120225582,1000000.0,3,False
114,1140.0,0.0,13,R1,S1,True,4391537.263822289,500000.0,2,True
114,1140.0,0.0,13,R1,S2,True,7043863.120225582,500000.0,3,False
114,1140.0,0.0,13,R2,S3,True,7830535.74603555,500000.0,1,False
114,1140.0,0.0,13,R2,S4,True,6768677.67382266,500000.0,4,False
114,1140.0,0.0,13,R3,A1,True,4498587.984957746,500000.0,2,True
114,1140.0,0.0,13,R3,A2,True,7043863.120225582,500000.0,3,False
114,1140.0,0.0,13,R4,A3,True,7830535.74603555,500000.0,1,False
114,1140.0,0.0,13,R4,A4,True,6768677.67382266,500000.0,4,False
115,1150.0,0.0,13,M1,R1,True,7830535.74603555,1000000.0,1,False
115,1150.0,0.0,13,M1,R2,True,4425957.763029385,1000000.0,2,True
115,1150.0,0.0,13,M1,R3,True,6768677.673822663,1000000.0,4,False
115,1150.0,0.0,13,M1,R4,True,7043863.120225582,1000000.0,3,False
115,1150.0,0.0,13,R1,S1,True,4389876.823954577,500000.0,2,True
115,1150.0,0.0,13,R1,S2,True,7043863.120225582,500000.0,3,False
115,1150.0,0.0,13,R2,S3,True,7830535.74603555,500000.0,1,False
115,1150.0,0.0,13,R2,S4,True,6768677.67382266,500000.0,4,False
115,1150.0,0.0,13,R3,A1,True,4497051.876577197,500000.0,2,True
115,1150.0,0.0,13,R3,A2,True,7043863.120225582,500000.0,3,False
115,1150.0,0.0,13,R4,A3,True,7830535.74603555,500000.0,1,False
115,1150.0,0.0,13,R4,A4,True,6768677.67382266,500000.0,4,False
116,1160.0,0.0,13,M1,R1,True,7830535.74603555,1000000.0,1,False
116,1160.0,0.0,13,M1,R2,True,4424337.58759744,1000000.0,2,True
116,1160.0,0.0,13,M1,R3,True,6768677.673822663,1000000.0,4,False
116,1160.0,0.0,13,M1,R4,True,7043863.120225582,1000000.0,3,False
116,1160.0,0.0,13,R1,S1,True,4388214.386285552,500000.0,2,True
116,1160.0,0.0,13,R1,S2,True,7043863.120225582,500000.0,3,False
116,1160.0,0.0,13,R2,S3,True,7830535.74603555,500000.0,1,False
116,1160.0,0.0,13,R2,S4,True,6768677.67382266,500000.0,4,False
116,1160.0,0.0,13,R3,A1,True,4495514.0448188335,500000.0,2,True
116,1160.0,0.0,13,R3,A2,True,7043863.120225582,500000.0,3,False
116,1160.0,0.0,13,R4,A3,True,7830535.74603555,500000.0,1,False
116,1160.0,0.0,13,R4,A4,True,6768677.67382266,500000.0,4,False
117,1170.0,0.0,13,M1,R1,True,7830535.74603555,1000000.0,1,False
117,1170.0,0.0,13,M1,R2,True,4422715.5039232345,1000000.0,2,True
117,1170.0,0.0,13,M1,R3,True,6768677.673822663,1000000.0,4,False
117,1170.0,0.0,13,M1,R4,True,7043863.120225582,1000000.0,3,False
117,1170.0,0.0,13,R1,S1,True,4386549.946234748,500000.0,2,True
117,1170.0,0.0,13,R1,S2,True,7043863.120225582,500000.0,3,False
117,1170.0,0.0,13,R2,S3,True,7830535.74603555,500000.0,1,False
117,1170.0,0.0,13,R2,S4,True,6768677.67382266,500000.0,4,False
117,1170.0,0.0,13,R3,A1,True,4493974.486022007,500000.0,2,True
117,1170.0,0.0,13,R3,A2,True,7043863.120225582,500000.0,3,False
117,1170.0,0.0,13,R4,A3,True,7830535.74603555,500000.0,1,False
117,1170.0,0.0,13,R4,A4,True,6768677.67382266,500000.0,4,False
118,1180.0,0.0,13,M1,R1,True,7830535.74603555,1000000.0,1,False
118,1180.0,0.0,13,M1,R2,True,4421091.507728512,1000000.0,2,True
118,1180.0,0.0,13,M1,R3,True,6768677.673822663,1000000.0,4,False
118,1180.0,0.0,13,M1,R4,True,7043863.120225582,1000000.0,3,False
118,1180.0,0.0,13,R1,S1,True,4384883.499205769,500000.0,2,True
118,1180.0,0.0,13,R1,S2,True,7043863.120225582,500000.0,3,False
118,1180.0,0.0,13,R2,S3,True,7830535.74603555,500000.0,1,False
118,1180.0,0.0,13,R2,S4,True,6768677.67382266,500000.0,4,False
118,1180.0,0.0,13,R3,A1,True,4492433.196514283,500000.0,2,True
118,1180.0,0.0,13,R3,A2,True,7043863.120225582,500000.0,3,False
118,1180.0,0.0,13,R4,A3,True,7830535.74603555,500000.0,1,False
118,1180.0,0.0,13,R4,A4,True,6768677.67382266,500000.0,4,False
119,1190.0,0.0,13,M1,R1,True,7830535.74603555,1000000.0,1,False
119,1190.0,0.0,13,M1,R2,True,4419465.594720452,1000000.0,2,True
119,1190.0,0.0,13,M1,R3,True,6768677.673822663,1000000.0,4,False
119,1190.0,0.0,13,M1,R4,True,7043863.120225582,1000000.0,3,False
119,1190.0,0.0,13,R1,S1,True,4383215.040586231,500000.0,2,True
119,1190.0,0.0,13,R1,S2,True,7043863.120225582,500000.0,3,False
119,1190.0,0.0,13,R2,S3,True,7830535.74603555,500000.0,1,False
119,1190.0,0.0,13,R2,S4,True,6768677.67382266,500000.0,4,False
119,1190.0,0.0,13,R3,A1,True,4490890.17261135,500000.0,2,True
119,1190.0,0.0,13,R3,A2,True,7043863.120225582,500000.0,3,False
119,1190.0,0.0,13,R4,A3,True,7830535.74603555,500000.0,1,False
119,1190.0,0.0,13,R4,A4,True,6768677.67382266,500000.0,4,False
120,1200.0,0.0,13,M1,R1,True,7830535.74603555,1000000.0,1,False
120,1200.0,0.0,13,M1,R2,True,4417837.7605916,1000000.0,2,True
120,1200.0,0.0,13,M1,R3,True,6768677.673822663,1000000.0,4,False
120,1200.0,0.0,13,M1,R4,True,7043863.120225582,1000000.0,3,False
120,1200.0,0.0,13,R1,S1,True,4381544.565747667,500000.0,2,True
120,1200.0,0.0,13,R1,S2,True,7043863.120225582,500000.0,3,False
120,1200.0,0.0,13,R2,S3,True,7830535.74603555,500000.0,1,False
120,1200.0,0.0,13,R2,S4,True,6768677.67382266,500000.0,4,False
120,1200.0,0.0,13,R3,A1,True,4489345.410616981,500000.0,2,True
120,1200.0,0.0,13,R3,A2,True,7043863.120225582,500000.0,3,False
120,1200.0,0.0,13,R4,A3,True,7830535.74603555,500000.0,1,False
120,1200.0,0.0,13,R4,A4,True,6768677.67382266,500000.0,4,False
121,1210.0,0.0,13,M1,R1,True,7830535.74603555,1000000.0,1,False
121,1210.0,0.0,13,M1,R2,True,4416208.001019796,1000000.0,2,True
121,1210.0,0.0,13,M1,R3,True,6768677.673822663,1000000.0,4,False
121,1210.0,0.0,13,M1,R4,True,7043863.120225582,1000000.0,3,False
121,1210.0,0.0,13,R1,S1,True,4379872.070045482,500000.0,2,True
121,1210.0,0.0,13,R1,S2,True,7043863.120225582,500000.0,3,False
121,1210.0,0.0,13,R2,S3,True,7830535.74603555,500000.0,1,False
121,1210.0,0.0,13,R2,S4,True,6768677.67382266,500000.0,4,False
121,1210.0,0.0,13,R3,A1,True,4487798.906822973,500000.0,2,True
121,1210.0,0.0,13,R3,A2,True,7043863.120225582,500000.0,3,False
121,1210.0,0.0,13,R4,A3,True,7830535.74603555,500000.0,1,False
121,1210.0,0.0,13,R4,A4,True,6768677.67382266,500000.0,4,False
122,1220.0,0.0,13,M1,R1,True,7830535.74603555,1000000.0,1,False
122,1220.0,0.0,13,M1,R2,True,4414576.311668126,1000000.0,2,True
122,1220.0,0.0,13,M1,R3,True,6768677.673822663,1000000.0,4,False
122,1220.0,0.0,13,M1,R4,True,7043863.120225582,1000000.0,3,False
122,1220.0,0.0,13,R1,S1,True,4378197.54881884,500000.0,2,True
122,1220.0,0.0,13,R1,S2,True,7043863.120225582,500000.0,3,False
122,1220.0,0.0,13,R2,S3,True,7830535.74603555,500000.0,1,False
122,1220.0,0.0,13,R2,S4,True,6768677.67382266,500000.0,4,False
122,1220.0,0.0,13,R3,A1,True,4486250.657509113,500000.0,2,True
122,1220.0,0.0,13,R3,A2,True,7043863.120225582,500000.0,3,False
122,1220.0,0.0,13,R4,A3,True,7830535.74603555,500000.0,1,False
122,1220.0,0.0,13,R4,A4,True,6768677.67382266,500000.0,4,False
123,1230.0,0.0,13,M1,R1,True,7830535.74603555,1000000.0,1,False
123,1230.0,0.0,13,M1,R2,True,4412942.688184842,1000000.0,2,True
123,1230.0,0.0,13,M1,R3,True,6768677.673822663,1000000.0,4,False
123,1230.0,0.0,13,M1,R4,True,7043863.120225582,1000000.0,3,False
123,1230.0,0.0,13,R1,S1,True,4376520.997390619,500000.0,2,True
123,1230.0,0.0,13,R1,S2,True,7043863.120225582,500000.0,3,False
123,1230.0,0.0,13,R2,S3,True,7830535.74603555,500000.0,1,False
123,1230.0,0.0,13,R2,S4,True,6768677.67382266,500000.0,4,False
123,1230.0,0.0,13,R3,A1,True,4484700.658943107,500000.0,2,True
123,1230.0,0.0,13,R3,A2,True,7043863.120225582,500000.0,3,False
123,1230.0,0.0,13,R4,A3,True,7830535.74603555,500000.0,1,False
123,1230.0,0.0,13,R4,A4,True,6768677.67382266,500000.0,4,False
124,1240.0,0.0,13,M1,R1,True,7830535.74603555,1000000.0,1,False
124,1240.0,0.0,13,M1,R2,True,4411307.126203278,1000000.0,2,True
124,1240.0,0.0,13,M1,R3,True,6768677.673822663,1000000.0,4,False
124,1240.0,0.0,13,M1,R4,True,7043863.120225582,1000000.0,3,False
124,1240.0,0.0,13,R1,S1,True,4374842.411067325,500000.0,2,True
124,1240.0,0.0,13,R1,S2,True,7043863.120225582,500000.0,3,False
124,1240.0,0.0,13,R2,S3,True,7830535.74603555,500000.0,1,False
124,1240.0,0.0,13,R2,S4,True,6768677.67382266,500000.0,4,False
124,1240.0,0.0,13,R3,A1,True,4483148.907380537,500000.0,2,True
124,1240.0,0.0,13,R3,A2,True,7043863.120225582,500000.0,3,False
124,1240.0,0.0,13,R4,A3,True,7830535.74603555,500000.0,1,False
124,1240.0,0.0,13,R4,A4,True,6768677.67382266,500000.0,4,False
125,1250.0,0.0,13,M1,R1,True,7830535.74603555,1000000.0,1,False
125,1250.0,0.0,13,M1,R2,True,4409669.621341823,1000000.0,2,True
125,1250.0,0.0,13,M1,R3,True,6768677.673822663,1000000.0,4,False
125,1250.0,0.0,13,M1,R4,True,7043863.120225582,1000000.0,3,False
125,1250.0,0.0,13,R1,S1,True,4373161.785139016,500000.0,2,True
125,1250.0,0.0,13,R1,S2,True,7043863.120225582,500000.0,3,False
125,1250.0,0.0,13,R2,S3,True,7830535.74603555,500000.0,1,False
125,1250.0,0.0,13,R2,S4,True,6768677.67382266,500000.0,4,False
125,1250.0,0.0,13,R3,A1,True,4481595.399064806,500000.0,2,True
125,1250.0,0.0,13,R3,A2,True,7043863.120225582,500000.0,3,False
125,1250.0,0.0,13,R4,A3,True,7830535.74603555,500000.0,1,False
125,1250.0,0.0,13,R4,A4,True,6768677.67382266,500000.0,4,False
126,1260.0,0.0,13,M1,R1,True,7830535.74603555,1000000.0,1,False
126,1260.0,0.0,13,M1,R2,True,4408030.169203816,1000000.0,2,True
126,1260.0,0.0,13,M1,R3,True,6768677.673822663,1000000.0,4,False
126,1260.0,0.0,13,M1,R4,True,7043863.120225582,1000000.0,3,False
126,1260.0,0.0,13,R1,S1,True,4371479.114879226,500000.0,2,True
126,1260.0,0.0,13,R1,S2,True,7043863.120225582,500000.0,3,False
126,1260.0,0.0,13,R2,S3,True,7830535.74603555,500000.0,1,False
126,1260.0,0.0,13,R2,S4,True,6768677.67382266,500000.0,4,False
126,1260.0,0.0,13,R3,A1,True,4480040.130227095,500000.0,2,True
126,1260.0,0.0,13,R3,A2,True,7043863.120225582,500000.0,3,False
126,1260.0,0.0,13,R4,A3,True,7830535.74603555,500000.0,1,False
126,1260.0,0.0,13,R4,A4,True,6768677.67382266,500000.0,4,False
127,1270.0,0.0,13,M1,R1,True,7830535.74603555,1000000.0,1,False
127,1270.0,0.0,13,M1,R2,True,4406388.765377497,1000000.0,2,True
127,1270.0,0.0,13,M1,R3,True,6768677.673822663,1000000.0,4,False
127,1270.0,0.0,13,M1,R4,True,7043863.120225582,1000000.0,3,False
127,1270.0,0.0,13,R1,S1,True,4369794.39554488,500000.0,2,True
127,1270.0,0.0,13,R1,S2,True,7043863.120225582,500000.0,3,False
127,1270.0,0.0,13,R2,S3,True,7830535.74603555,500000.0,1,False
127,1270.0,0.0,13,R2,S4,True,6768677.67382266,500000.0,4,False
127,1270.0,0.0,13,R3,A1,True,4478483.097086299,500000.0,2,True
127,1270.0,0.0,13,R3,A2,True,7043863.120225582,500000.0,3,False
127,1270.0,0.0,13,R4,A3,True,7830535.74603555,500000.0,1,False
127,1270.0,0.0,13,R4,A4,True,6768677.67382266,500000.0,4,False
128,1280.0,0.0,13,M1,R1,True,7830535.74603555,1000000.0,1,False
128,1280.0,0.0,13,M1,R2,True,4404745.405435922,1000000.0,2,True
128,1280.0,0.0,13,M1,R3,True,6768677.673822663,1000000.0,4,False
128,1280.0,0.0,13,M1,R4,True,7043863.120225582,1000000.0,3,False
128,1280.0,0.0,13,R1,S1,True,4368107.62237623,500000.0,2,True
128,1280.0,0.0,13,R1,S2,True,7043863.120225582,500000.0,3,False
128,1280.0,0.0,13,R2,S3,True,7830535.74603555,500000.0,1,False
128,1280.0,0.0,13,R2,S4,True,6768677.67382266,500000.0,4,False
128,1280.0,0.0,13,R3,A1,True,4476924.295848969,500000.0,2,True
128,1280.0,0.0,13,R3,A2,True,7043863.120225582,500000.0,3,False
128,1280.0,0.0,13,R4,A3,True,7830535.74603555,500000.0,1,False
128,1280.0,0.0,13,R4,A4,True,6768677.67382266,500000.0,4,False
129,1290.0,0.0,13,M1,R1,True,7830535.74603555,1000000.0,1,False
129,1290.0,0.0,13,M1,R2,True,4403100.084936905,1000000.0,2,True
129,1290.0,0.0,13,M1,R3,True,6768677.673822663,1000000.0,4,False
129,1290.0,0.0,13,M1,R4,True,7043863.120225582,1000000.0,3,False
129,1290.0,0.0,13,R1,S1,True,4366418.790596767,500000.0,2,True
129,1290.0,0.0,13,R1,S2,True,7043863.120225582,500000.0,3,False
129,1290.0,0.0,13,R2,S3,True,7830535.74603555,500000.0,1,False
129,1290.0,0.0,13,R2,S4,True,6768677.67382266,500000.0,4,False
129,1290.0,0.0,13,R3,A1,True,4475363.722709275,500000.0,2,True
129,1290.0,0.0,13,R3,A2,True,7043863.120225582,500000.0,3,False
129,1290.0,0.0,13,R4,A3,True,7830535.74603555,500000.0,1,False
129,1290.0,0.0,13,R4,A4,True,6768677.67382266,500000.0,4,False
130,1300.0,0.0,13,M1,R1,True,7830535.74603555,1000000.0,1,False
130,1300.0,0.0,13,M1,R2,True,4401452.799422955,1000000.0,2,True
130,1300.0,0.0,13,M1,R3,True,6768677.673822663,1000000.0,4,False
130,1300.0,0.0,13,M1,R4,True,7043863.120225582,1000000.0,3,False
130,1300.0,0.0,13,R1,S1,True,4364727.895413152,500000.0,2,True
130,1300.0,0.0,13,R1,S2,True,7043863.120225582,500000.0,3,False
130,1300.0,0.0,13,R2,S3,True,7830535.74603555,500000.0,1,False
130,1300.0,0.0,13,R2,S4,True,6768677.67382266,500000.0,4,False
130,1300.0,0.0,13,R3,A1,True,4473801.373848932,500000.0,2,True
130,1300.0,0.0,13,R3,A2,True,7043863.120225582,500000.0,3,False
130,1300.0,0.0,13,R4,A3,True,7830535.74603555,500000.0,1,False
130,1300.0,0.0,13,R4,A4,True,6768677.67382266,500000.0,4,False
131,1310.0,0.0,13,M1,R1,True,7830535.74603555,1000000.0,1,False
131,1310.0,0.0,13,M1,R2,True,4399803.544421191,1000000.0,2,True
131,1310.0,0.0,13,M1,R3,True,6768677.673822663,1000000.0,4,False
131,1310.0,0.0,13,M1,R4,True,7043863.120225582,1000000.0,3,False
131,1310.0,0.0,13,R1,S1,True,4363034.932015127,500000.0,2,True
131,1310.0,0.0,13,R1,S2,True,7043863.120225582,500000.0,3,False
131,1310.0,0.0,13,R2,S3,True,7830535.74603555,500000.0,1,False
131,1310.0,0.0,13,R2,S4,True,6768677.67382266,500000.0,4,False
131,1310.0,0.0,13,R3,A1,True,4472237.245437174,500000.0,2,True
131,1310.0,0.0,13,R3,A2,True,7043863.120225582,500000.0,3,False
131,1310.0,0.0,13,R4,A3,True,7830535.74603555,500000.0,1,False
131,1310.0,0.0,13,R4,A4,True,6768677.67382266,500000.0,4,False
132,1320.0,0.0,13,M1,R1,True,7830535.74603555,1000000.0,1,False
132,1320.0,0.0,13,M1,R2,True,4398152.315443272,1000000.0,2,True
132,1320.0,0.0,13,M1,R3,True,6768677.673822663,1000000.0,4,False
132,1320.0,0.0,13,M1,R4,True,7043863.120225582,1000000.0,3,False
132,1320.0,0.0,13,R1,S1,True,4361339.895575435,500000.0,2,True
132,1320.0,0.0,13,R1,S2,True,7043863.120225582,500000.0,3,False
132,1320.0,0.0,13,R2,S3,True,7830535.74603555,500000.0,1,False
132,1320.0,0.0,13,R2,S4,True,6768677.67382266,500000.0,4,False
132,1320.0,0.0,13,R3,A1,True,4470671.333630662,500000.0,2,True
132,1320.0,0.0,13,R3,A2,True,7043863.120225582,500000.0,3,False
132,1320.0,0.0,13,R4,A3,True,7830535.74603555,500000.0,1,False
132,1320.0,0.0,13,R4,A4,True,6768677.67382266,500000.0,4,False
133,1330.0,0.0,13,M1,R1,True,7830535.74603555,1000000.0,1,False
133,1330.0,0.0,13,M1,R2,True,4396499.107985327,1000000.0,2,True
133,1330.0,0.0,13,M1,R3,True,6768677.673822663,1000000.0,4,False
133,1330.0,0.0,13,M1,R4,True,7043863.120225582,1000000.0,3,False
133,1330.0,0.0,13,R1,S1,True,4359642.781249746,500000.0,2,True
133,1330.0,0.0,13,R1,S2,True,7043863.120225582,500000.0,3,False
133,1330.0,0.0,13,R2,S3,True,7830535.74603555,500000.0,1,False
133,1330.0,0.0,13,R2,S4,True,6768677.67382266,500000.0,4,False
133,1330.0,0.0,13,R3,A1,True,4469103.63457347,500000.0,2,True
133,1330.0,0.0,13,R3,A2,True,7043863.120225582,500000.0,3,False
133,1330.0,0.0,13,R4,A3,True,7830535.74603555,500000.0,1,False
133,1330.0,0.0,13,R4,A4,True,6768677.67382266,500000.0,4,False
134,1340.0,0.0,13,M1,R1,True,7830535.74603555,1000000.0,1,False
134,1340.0,0.0,13,M1,R2,True,4394843.917527905,1000000.0,2,True
134,1340.0,0.0,13,M1,R3,True,6768677.673822663,1000000.0,4,False
134,1340.0,0.0,13,M1,R4,True,7043863.120225582,1000000.0,3,False
134,1340.0,0.0,13,R1,S1,True,4357943.584176574,500000.0,2,True
134,1340.0,0.0,13,R1,S2,True,7043863.120225582,500000.0,3,False
134,1340.0,0.0,13,R2,S3,True,7830535.74603555,500000.0,1,False
134,1340.0,0.0,13,R2,S4,True,6768677.67382266,500000.0,4,False
134,1340.0,0.0,13,R3,A1,True,4467534.144396982,500000.0,2,True
134,1340.0,0.0,13,R3,A2,True,7043863.120225582,500000.0,3,False
134,1340.0,0.0,13,R4,A3,True,7830535.74603555,500000.0,1,False
134,1340.0,0.0,13,R4,A4,True,6768677.67382266,500000.0,4,False
135,1350.0,0.0,13,M1,R1,True,7830535.74603555,1000000.0,1,False
135,1350.0,0.0,13,M1,R2,True,4393186.739535874,1000000.0,2,True
135,1350.0,0.0,13,M1,R3,True,6768677.673822663,1000000.0,4,False
135,1350.0,0.0,13,M1,R4,True,7043863.120225582,1000000.0,3,False
135,1350.0,0.0,13,R1,S1,True,4356242.299477211,500000.0,2,True
135,1350.0,0.0,13,R1,S2,True,7043863.120225582,500000.0,3,False
135,1350.0,0.0,13,R2,S3,True,7830535.74603555,500000.0,1,False
135,1350.0,0.0,13,R2,S4,True,6768677.67382266,500000.0,4,False
135,1350.0,0.0,13,R3,A1,True,4465962.8592199,500000.0,2,True
135,1350.0,0.0,13,R3,A2,True,7043863.120225582,500000.0,3,False
135,1350.0,0.0,13,R4,A3,True,7830535.74603555,500000.0,1,False
135,1350.0,0.0,13,R4,A4,True,6768677.67382266,500000.0,4,False
136,1360.0,0.0,13,M1,R1,True,7830535.74603555,1000000.0,1,False
136,1360.0,0.0,13,M1,R2,True,4391527.569458345,1000000.0,2,True
136,1360.0,0.0,13,M1,R3,True,6768677.673822663,1000000.0,4,False
136,1360.0,0.0,13,M1,R4,True,7043863.120225582,1000000.0,3,False
136,1360.0,0.0,13,R1,S1,True,4354538.922255616,500000.0,2,True
136,1360.0,0.0,13,R1,S2,True,7043863.120225582,500000.0,3,False
136,1360.0,0.0,13,R2,S3,True,7830535.74603555,500000.0,1,False
136,1360.0,0.0,13,R2,S4,True,6768677.67382266,500000.0,4,False
136,1360.0,0.0,13,R3,A1,True,4464389.775148122,500000.0,2,True
136,1360.0,0.0,13,R3,A2,True,7043863.120225582,500000.0,3,False
136,1360.0,0.0,13,R4,A3,True,7830535.74603555,500000.0,1,False
136,1360.0,0.0,13,R4,A4,True,6768677.67382266,500000.0,4,False
137,1370.0,0.0,13,M1,R1,True,7830535.74603555,1000000.0,1,False
137,1370.0,0.0,13,M1,R2,True,4389866.402728645,1000000.0,2,True
137,1370.0,0.0,13,M1,R3,True,6768677.673822663,1000000.0,4,False
137,1370.0,0.0,13,M1,R4,True,7043863.120225582,1000000.0,3,False
137,1370.0,0.0,13,R1,S1,True,4352833.447598351,500000.0,2,True
137,1370.0,0.0,13,R1,S2,True,7043863.120225582,500000.0,3,False
137,1370.0,0.0,13,R2,S3,True,7830535.74603555,500000.0,1,False
137,1370.0,0.0,13,R2,S4,True,6768677.67382266,500000.0,4,False
137,1370.0,0.0,13,R3,A1,True,4462814.888274735,500000.0,2,True
137,1370.0,0.0,13,R3,A2,True,7043863.120225582,500000.0,3,False
137,1370.0,0.0,13,R4,A3,True,7830535.74603555,500000.0,1,False
137,1370.0,0.0,13,R4,A4,True,6768677.67382266,500000.0,4,False
138,1380.0,0.0,13,M1,R1,True,7830535.74603555,1000000.0,1,False
138,1380.0,0.0,13,M1,R2,True,4388203.234764187,1000000.0,2,True
138,1380.0,0.0,13,M1,R3,True,6768677.673822663,1000000.0,4,False
138,1380.0,0.0,13,M1,R4,True,7043863.120225582,1000000.0,3,False
138,1380.0,0.0,13,R1,S1,True,4351125.870574503,500000.0,2,True
138,1380.0,0.0,13,R1,S2,True,7043863.120225582,500000.0,3,False
138,1380.0,0.0,13,R2,S3,True,7830535.74603555,500000.0,1,False
138,1380.0,0.0,13,R2,S4,True,6768677.67382266,500000.0,4,False
138,1380.0,0.0,13,R3,A1,True,4461238.194679922,500000.0,2,True
138,1380.0,0.0,13,R3,A2,True,7043863.120225582,500000.0,3,False
138,1380.0,0.0,13,R4,A3,True,7830535.74603555,500000.0,1,False
138,1380.0,0.0,13,R4,A4,True,6768677.67382266,500000.0,4,False
139,1390.0,0.0,13,M1,R1,True,7830535.74603555,1000000.0,1,False
139,1390.0,0.0,13,M1,R2,True,4386538.060966429,1000000.0,2,True
139,1390.0,0.0,13,M1,R3,True,6768677.673822663,1000000.0,4,False
139,1390.0,0.0,13,M1,R4,True,7043863.120225582,1000000.0,3,False
139,1390.0,0.0,13,R1,S1,True,4349416.186235591,500000.0,2,True
139,1390.0,0.0,13,R1,S2,True,7043863.120225582,500000.0,3,False
139,1390.0,0.0,13,R2,S3,True,7830535.74603555,500000.0,1,False
139,1390.0,0.0,13,R2,S4,True,6768677.67382266,500000.0,4,False
139,1390.0,0.0,13,R3,A1,True,4459659.690430943,500000.0,2,True
139,1390.0,0.0,13,R3,A2,True,7043863.120225582,500000.0,3,False
139,1390.0,0.0,13,R4,A3,True,7830535.74603555,500000.0,1,False
139,1390.0,0.0,13,R4,A4,True,6768677.67382266,500000.0,4,False
140,1400.0,0.0,13,M1,R1,True,7830535.74603555,1000000.0,1,False
140,1400.0,0.0,13,M1,R2,True,4384870.876720799,1000000.0,2,True
140,1400.0,0.0,13,M1,R3,True,6768677.673822663,1000000.0,4,False
140,1400.0,0.0,13,M1,R4,True,7043863.120225582,1000000.0,3,False
140,1400.0,0.0,13,R1,S1,True,4347704.389615486,500000.0,2,True
140,1400.0,0.0,13,R1,S2,True,7043863.120225582,500000.0,3,False
140,1400.0,0.0,13,R2,S3,True,7830535.74603555,500000.0,1,False
140,1400.0,0.0,13,R2,S4,True,6768677.67382266,500000.0,4,False
140,1400.0,0.0,13,R3,A1,True,4458079.371582044,500000.0,2,True
140,1400.0,0.0,13,R3,A2,True,7043863.120225582,500000.0,3,False
140,1400.0,0.0,13,R4,A3,True,7830535.74603555,500000.0,1,False
140,1400.0,0.0,13,R4,A4,True,6768677.67382266,500000.0,4,False
141,1410.0,0.0,13,M1,R1,True,7830535.74603555,1000000.0,1,False
141,1410.0,0.0,13,M1,R2,True,4383201.677396601,1000000.0,2,True
141,1410.0,0.0,13,M1,R3,True,6768677.673822663,1000000.0,4,False
141,1410.0,0.0,13,M1,R4,True,7043863.120225582,1000000.0,3,False
141,1410.0,0.0,13,R1,S1,True,4345990.475730337,500000.0,2,True
141,1410.0,0.0,13,R1,S2,True,7043863.120225582,500000.0,3,False
141,1410.0,0.0,13,R2,S3,True,7830535.74603555,500000.0,1,False
141,1410.0,0.0,13,R2,S4,True,6768677.67382266,500000.0,4,False
141,1410.0,0.0,13,R3,A1,True,4456497.234174422,500000.0,2,True
141,1410.0,0.0,13,R3,A2,True,7043863.120225582,500000.0,3,False
141,1410.0,0.0,13,R4,A3,True,7830535.74603555,500000.0,1,False
141,1410.0,0.0,13,R4,A4,True,6768677.67382266,500000.0,4,False
142,1420.0,0.0,13,M1,R1,True,7830535.74603555,1000000.0,1,False
142,1420.0,0.0,13,M1,R2,True,4381530.45834697,1000000.0,2,True
142,1420.0,0.0,13,M1,R3,True,6768677.673822663,1000000.0,4,False
142,1420.0,0.0,13,M1,R4,True,7043863.120225582,1000000.0,3,False
142,1420.0,0.0,13,R1,S1,True,4344274.439578461,500000.0,2,True
142,1420.0,0.0,13,R1,S2,True,7043863.120225582,500000.0,3,False
142,1420.0,0.0,13,R2,S3,True,7830535.74603555,500000.0,1,False
142,1420.0,0.0,13,R2,S4,True,6768677.67382266,500000.0,4,False
142,1420.0,0.0,13,R3,A1,True,4454913.27423616,500000.0,2,True
142,1420.0,0.0,13,R3,A2,True,7043863.120225582,500000.0,3,False
142,1420.0,0.0,13,R4,A3,True,7830535.74603555,500000.0,1,False
142,1420.0,0.0,13,R4,A4,True,6768677.67382266,500000.0,4,False
143,1430.0,0.0,13,M1,R1,True,7830535.74603555,1000000.0,1,False
143,1430.0,0.0,13,M1,R2,True,4379857.21490877,1000000.0,2,True
143,1430.0,0.0,13,M1,R3,True,6768677.673822663,1000000.0,4,False
143,1430.0,0.0,13,M1,R4,True,7043863.120225582,1000000.0,3,False
143,1430.0,0.0,13,R1,S1,True,4342556.276140295,500000.0,2,True
143,1430.0,0.0,13,R1,S2,True,7043863.120225582,500000.0,3,False
143,1430.0,0.0,13,R2,S3,True,7830535.74603555,500000.0,1,False
143,1430.0,0.0,13,R2,S4,True,6768677.67382266,500000.0,4,False
143,1430.0,0.0,13,R3,A1,True,4453327.487782163,500000.0,2,True
143,1430.0,0.0,13,R3,A2,True,7043863.120225582,500000.0,3,False
143,1430.0,0.0,13,R4,A3,True,7830535.74603555,500000.0,1,False
143,1430.0,0.0,13,R4,A4,True,6768677.67382266,500000.0,4,False
144,1440.0,0.0,13,M1,R1,True,7830535.74603555,1000000.0,1,False
144,1440.0,0.0,13,M1,R2,True,4378181.942402528,1000000.0,2,True
144,1440.0,0.0,13,M1,R3,True,6768677.673822663,1000000.0,4,False
144,1440.0,0.0,13,M1,R4,True,7043863.120225582,1000000.0,3,False
144,1440.0,0.0,13,R1,S1,True,4340835.980378271,500000.0,2,True
144,1440.0,0.0,13,R1,S2,True,7043863.120225582,500000.0,3,False
144,1440.0,0.0,13,R2,S3,True,7830535.74603555,500000.0,1,False
144,1440.0,0.0,13,R2,S4,True,6768677.67382266,500000.0,4,False
144,1440.0,0.0,13,R3,A1,True,4451739.870814108,500000.0,2,True
144,1440.0,0.0,13,R3,A2,True,7043863.120225582,500000.0,3,False
144,1440.0,0.0,13,R4,A3,True,7830535.74603555,500000.0,1,False
144,1440.0,0.0,13,R4,A4,True,6768677.67382266,500000.0,4,False
145,1450.0,0.0,13,M1,R1,True,7830535.74603555,1000000.0,1,False
145,1450.0,0.0,13,M1,R2,True,4376504.636132356,1000000.0,2,True
145,1450.0,0.0,13,M1,R3,True,6768677.673822663,1000000.0,4,False
145,1450.0,0.0,13,M1,R4,True,7043863.120225582,1000000.0,3,False
145,1450.0,0.0,13,R1,S1,True,4339113.54723677,500000.0,2,True
145,1450.0,0.0,13,R1,S2,True,7043863.120225582,500000.0,3,False
145,1450.0,0.0,13,R2,S3,True,7830535.74603555,500000.0,1,False
145,1450.0,0.0,13,R2,S4,True,6768677.67382266,500000.0,4,False
145,1450.0,0.0,13,R3,A1,True,4450150.419320384,500000.0,2,True
145,1450.0,0.0,13,R3,A2,True,7043863.120225582,500000.0,3,False
145,1450.0,0.0,13,R4,A3,True,7830535.74603555,500000.0,1,False
145,1450.0,0.0,13,R4,A4,True,6768677.67382266,500000.0,4,False
146,1460.0,0.0,13,M1,R1,True,7830535.74603555,1000000.0,1,False
146,1460.0,0.0,13,M1,R2,True,4374825.29138588,1000000.0,2,True
146,1460.0,0.0,13,M1,R3,True,6768677.673822663,1000000.0,4,False
146,1460.0,0.0,13,M1,R4,True,7043863.120225582,1000000.0,3,False
146,1460.0,0.0,13,R1,S1,True,4337388.971642004,500000.0,2,True
146,1460.0,0.0,13,R1,S2,True,7043863.120225582,500000.0,3,False
146,1460.0,0.0,13,R2,S3,True,7830535.74603555,500000.0,1,False
146,1460.0,0.0,13,R2,S4,True,6768677.67382266,500000.0,4,False
146,1460.0,0.0,13,R3,A1,True,4448559.129276039,500000.0,2,True
146,1460.0,0.0,13,R3,A2,True,7043863.120225582,500000.0,3,False
146,1460.0,0.0,13,R4,A3,True,7830535.74603555,500000.0,1,False
146,1460.0,0.0,13,R4,A4,True,6768677.67382266,500000.0,4,False
147,1470.0,0.0,13,M1,R1,True,7830535.74603555,1000000.0,1,False
147,1470.0,0.0,13,M1,R2,True,4373143.903434166,1000000.0,2,True
147,1470.0,0.0,13,M1,R3,True,6768677.673822663,1000000.0,4,False
147,1470.0,0.0,13,M1,R4,True,7043863.120225582,1000000.0,3,False
147,1470.0,0.0,13,R1,S1,True,4335662.248501937,500000.0,2,True
147,1470.0,0.0,13,R1,S2,True,7043863.120225582,500000.0,3,False
147,1470.0,0.0,13,R2,S3,True,7830535.74603555,500000.0,1,False
147,1470.0,0.0,13,R2,S4,True,6768677.67382266,500000.0,4,False
147,1470.0,0.0,13,R3,A1,True,4446965.996642703,500000.0,2,True
147,1470.0,0.0,13,R3,A2,True,7043863.120225582,500000.0,3,False
147,1470.0,0.0,13,R4,A3,True,7830535.74603555,500000.0,1,False
147,1470.0,0.0,13,R4,A4,True,6768677.67382266,500000.0,4,False
148,1480.0,0.0,13,M1,R1,True,7830535.74603555,1000000.0,1,False
148,1480.0,0.0,13,M1,R2,True,4371460.46753162,1000000.0,2,True
148,1480.0,0.0,13,M1,R3,True,6768677.673822663,1000000.0,4,False
148,1480.0,0.0,13,M1,R4,True,7043863.120225582,1000000.0,3,False
148,1480.0,0.0,13,R1,S1,True,4333933.372706204,500000.0,2,True
148,1480.0,0.0,13,R1,S2,True,7043863.120225582,500000.0,3,False
148,1480.0,0.0,13,R2,S3,True,7830535.74603555,500000.0,1,False
148,1480.0,0.0,13,R2,S4,True,6768677.67382266,500000.0,4,False
148,1480.0,0.0,13,R3,A1,True,4445371.017368542,500000.0,2,True
148,1480.0,0.0,13,R3,A2,True,7043863.120225582,500000.0,3,False
148,1480.0,0.0,13,R4,A3,True,7830535.74603555,500000.0,1,False
148,1480.0,0.0,13,R4,A4,True,6768677.67382266,500000.0,4,False
149,1490.0,0.0,13,M1,R1,True,7830535.74603555,1000000.0,1,False
149,1490.0,0.0,13,M1,R2,True,4369774.978915935,1000000.0,2,True
149,1490.0,0.0,13,M1,R3,True,6768677.673822663,1000000.0,4,False
149,1490.0,0.0,13,M1,R4,True,7043863.120225582,1000000.0,3,False
149,1490.0,0.0,13,R1,S1,True,4332202.339126037,500000.0,2,True
149,1490.0,0.0,13,R1,S2,True,7043863.120225582,500000.0,3,False
149,1490.0,0.0,13,R2,S3,True,7830535.74603555,500000.0,1,False
149,1490.0,0.0,13,R2,S4,True,6768677.67382266,500000.0,4,False
149,1490.0,0.0,13,R3,A1,True,4443774.187388201,500000.0,2,True
149,1490.0,0.0,13,R3,A2,True,7043863.120225582,500000.0,3,False
149,1490.0,0.0,13,R4,A3,True,7830535.74603555,500000.0,1,False
149,1490.0,0.0,13,R4,A4,True,6768677.67382266,500000.0,4,False
150,1500.0,0.0,13,M1,R1,True,7830535.74603555,1000000.0,1,False
150,1500.0,0.0,13,M1,R2,True,4368087.432808009,1000000.0,2,True
150,1500.0,0.0,13,M1,R3,True,6768677.673822663,1000000.0,4,False
150,1500.0,0.0,13,M1,R4,True,7043863.120225582,1000000.0,3,False
150,1500.0,0.0,13,R1,S1,True,4330469.142614146,500000.0,2,True
150,1500.0,0.0,13,R1,S2,True,7043863.120225582,500000.0,3,False
150,1500.0,0.0,13,R2,S3,True,7830535.74603555,500000.0,1,False
150,1500.0,0.0,13,R2,S4,True,6768677.67382266,500000.0,4,False
150,1500.0,0.0,13,R3,A1,True,4442175.502622739,500000.0,2,True
150,1500.0,0.0,13,R3,A2,True,7043863.120225582,500000.0,3,False
150,1500.0,0.0,13,R4,A3,True,7830535.74603555,500000.0,1,False
150,1500.0,0.0,13,R4,A4,True,6768677.67382266,500000.0,4,False
151,1510.0,0.0,13,M1,R1,True,7830535.74603555,1000000.0,1,False
151,1510.0,0.0,13,M1,R2,True,4366397.8244118355,1000000.0,2,True
151,1510.0,0.0,13,M1,R3,True,6768677.673822663,1000000.0,4,False
151,1510.0,0.0,13,M1,R4,True,7043863.120225582,1000000.0,3,False
151,1510.0,0.0,13,R1,S1,True,4328733.778004649,500000.0,2,True
151,1510.0,0.0,13,R1,S2,True,7043863.120225582,500000.0,3,False
151,1510.0,0.0,13,R2,S3,True,7830535.74603555,500000.0,1,False
151,1510.0,0.0,13,R2,S4,True,6768677.67382266,500000.0,4,False
151,1510.0,0.0,13,R3,A1,True,4440574.958979562,500000.0,2,True
151,1510.0,0.0,13,R3,A2,True,7043863.120225582,500000.0,3,False
151,1510.0,0.0,13,R4,A3,True,7830535.74603555,500000.0,1,False
151,1510.0,0.0,13,R4,A4,True,6768677.67382266,500000.0,4,False
152,1520.0,0.0,13,M1,R1,True,7830535.74603555,1000000.0,1,False
152,1520.0,0.0,13,M1,R2,True,4364706.148914484,1000000.0,2,True
152,1520.0,0.0,13,M1,R3,True,6768677.673822663,1000000.0,4,False
152,1520.0,0.0,13,M1,R4,True,7043863.120225582,1000000.0,3,False
152,1520.0,0.0,13,R1,S1,True,4326996.240112968,500000.0,2,True
152,1520.0,0.0,13,R1,S2,True,7043863.120225582,500000.0,3,False
152,1520.0,0.0,13,R2,S3,True,7830535.74603555,500000.0,1,False
152,1520.0,0.0,13,R2,S4,True,6768677.67382266,500000.0,4,False
152,1520.0,0.0,13,R3,A1,True,4438972.552352376,500000.0,2,True
152,1520.0,0.0,13,R3,A2,True,7043863.120225582,500000.0,3,False
152,1520.0,0.0,13,R4,A3,True,7830535.74603555,500000.0,1,False
152,1520.0,0.0,13,R4,A4,True,6768677.67382266,500000.0,4,False
153,1530.0,0.0,13,M1,R1,True,7830535.74603555,1000000.0,1,False
153,1530.0,0.0,13,M1,R2,True,4363012.401485956,1000000.0,2,True
153,1530.0,0.0,13,M1,R3,True,6768677.673822663,1000000.0,4,False
153,1530.0,0.0,13,M1,R4,True,7043863.120225582,1000000.0,3,False
153,1530.0,0.0,13,R1,S1,True,4325256.523735767,500000.0,2,True
153,1530.0,0.0,13,R1,S2,True,7043863.120225582,500000.0,3,False
153,1530.0,0.0,13,R2,S3,True,7830535.74603555,500000.0,1,False
153,1530.0,0.0,13,R2,S4,True,6768677.67382266,500000.0,4,False
153,1530.0,0.0,13,R3,A1,True,4437368.278621118,500000.0,2,True
153,1530.0,0.0,13,R3,A2,True,7043863.120225582,500000.0,3,False
153,1530.0,0.0,13,R4,A3,True,7830535.74603555,500000.0,1,False
153,1530.0,0.0,13,R4,A4,True,6768677.67382266,500000.0,4,False
154,1540.0,0.0,13,M1,R1,True,7830535.74603555,1000000.0,1,False
154,1540.0,0.0,13,M1,R2,True,4361316.577279143,1000000.0,2,True
154,1540.0,0.0,13,M1,R3,True,6768677.673822663,1000000.0,4,False
154,1540.0,0.0,13,M1,R4,True,7043863.120225582,1000000.0,3,False
154,1540.0,0.0,13,R1,S1,True,4323514.623650835,500000.0,2,True
154,1540.0,0.0,13,R1,S2,True,7043863.120225582,500000.0,3,False
154,1540.0,0.0,13,R2,S3,True,7830535.74603555,500000.0,1,False
154,1540.0,0.0,13,R2,S4,True,6768677.67382266,500000.0,4,False
154,1540.0,0.0,13,R3,A1,True,4435762.133651876,500000.0,2,True
154,1540.0,0.0,13,R3,A2,True,7043863.120225582,500000.0,3,False
154,1540.0,0.0,13,R4,A3,True,7830535.74603555,500000.0,1,False
154,1540.0,0.0,13,R4,A4,True,6768677.67382266,500000.0,4,False
155,1550.0,0.0,13,M1,R1,True,7830535.74603555,1000000.0,1,False
155,1550.0,0.0,13,M1,R2,True,4359618.671429735,1000000.0,2,True
155,1550.0,0.0,13,M1,R3,True,6768677.673822663,1000000.0,4,False
155,1550.0,0.0,13,M1,R4,True,7043863.120225582,1000000.0,3,False
155,1550.0,0.0,13,R1,S1,True,4321770.534617002,500000.0,2,True
155,1550.0,0.0,13,R1,S2,True,7043863.120225582,500000.0,3,False
155,1550.0,0.0,13,R2,S3,True,7830535.74603555,500000.0,1,False
155,1550.0,0.0,13,R2,S4,True,6768677.67382266,500000.0,4,False
155,1550.0,0.0,13,R3,A1,True,4434154.113296879,500000.0,2,True
155,1550.0,0.0,13,R3,A2,True,7043863.120225582,500000.0,3,False
155,1550.0,0.0,13,R4,A3,True,7830535.74603555,500000.0,1,False
155,1550.0,0.0,13,R4,A4,True,6768677.67382266,500000.0,4,False
156,1560.0,0.0,13,M1,R1,True,7830535.74603555,1000000.0,1,False
156,1560.0,0.0,13,M1,R2,True,4357918.679056149,1000000.0,2,True
156,1560.0,0.0,13,M1,R3,True,6768677.673822663,1000000.0,4,False
156,1560.0,0.0,13,M1,R4,True,7043863.120225582,1000000.0,3,False
156,1560.0,0.0,13,R1,S1,True,4320024.251374055,500000.0,2,True
156,1560.0,0.0,13,R1,S2,True,7043863.120225582,500000.0,3,False
156,1560.0,0.0,13,R2,S3,True,7830535.74603555,500000.0,1,False
156,1560.0,0.0,13,R2,S4,True,6768677.67382266,500000.0,4,False
156,1560.0,0.0,13,R3,A1,True,4432544.21339438,500000.0,2,True
156,1560.0,0.0,13,R3,A2,True,7043863.120225582,500000.0,3,False
156,1560.0,0.0,13,R4,A3,True,7830535.74603555,500000.0,1,False
156,1560.0,0.0,13,R4,A4,True,6768677.67382266,500000.0,4,False
157,1570.0,0.0,13,M1,R1,True,7830535.74603555,1000000.0,1,False
157,1570.0,0.0,13,M1,R2,True,4356216.595259422,1000000.0,2,True
157,1570.0,0.0,13,M1,R3,True,6768677.673822663,1000000.0,4,False
157,1570.0,0.0,13,M1,R4,True,7043863.120225582,1000000.0,3,False
157,1570.0,0.0,13,R1,S1,True,4318275.768642637,500000.0,2,True
157,1570.0,0.0,13,R1,S2,True,7043863.120225582,500000.0,3,False
157,1570.0,0.0,13,R2,S3,True,7830535.74603555,500000.0,1,False
157,1570.0,0.0,13,R2,S4,True,6768677.67382266,500000.0,4,False
157,1570.0,0.0,13,R3,A1,True,4430932.42976862,500000.0,2,True
157,1570.0,0.0,13,R3,A2,True,7043863.120225582,500000.0,3,False
157,1570.0,0.0,13,R4,A3,True,7830535.74603555,500000.0,1,False
157,1570.0,0.0,13,R4,A4,True,6768677.67382266,500000.0,4,False
158,1580.0,0.0,13,M1,R1,True,7830535.74603555,1000000.0,1,False
158,1580.0,0.0,13,M1,R2,True,4354512.415123155,1000000.0,2,True
158,1580.0,0.0,13,M1,R3,True,6768677.673822663,1000000.0,4,False
158,1580.0,0.0,13,M1,R4,True,7043863.120225582,1000000.0,3,False
158,1580.0,0.0,13,R1,S1,True,4316525.081124161,500000.0,2,True
158,1580.0,0.0,13,R1,S2,True,7043863.120225582,500000.0,3,False
158,1580.0,0.0,13,R2,S3,True,7830535.74603555,500000.0,1,False
158,1580.0,0.0,13,R2,S4,True,6768677.67382266,500000.0,4,False
158,1580.0,0.0,13,R3,A1,True,4429318.758229758,500000.0,2,True
158,1580.0,0.0,13,R3,A2,True,7043863.120225582,500000.0,3,False
158,1580.0,0.0,13,R4,A3,True,7830535.74603555,500000.0,1,False
158,1580.0,0.0,13,R4,A4,True,6768677.67382266,500000.0,4,False
159,1590.0,0.0,13,M1,R1,True,7830535.74603555,1000000.0,1,False
159,1590.0,0.0,13,M1,R2,True,4352806.13371342,1000000.0,2,True
159,1590.0,0.0,13,M1,R3,True,6768677.673822663,1000000.0,4,False
159,1590.0,0.0,13,M1,R4,True,7043863.120225582,1000000.0,3,False
159,1590.0,0.0,13,R1,S1,True,4314772.183500715,500000.0,2,True
159,1590.0,0.0,13,R1,S2,True,7043863.120225582,500000.0,3,False
159,1590.0,0.0,13,R2,S3,True,7830535.74603555,500000.0,1,False
159,1590.0,0.0,13,R2,S4,True,6768677.67382266,500000.0,4,False
159,1590.0,0.0,13,R3,A1,True,4427703.19457381,500000.0,2,True
159,1590.0,0.0,13,R3,A2,True,7043863.120225582,500000.0,3,False
159,1590.0,0.0,13,R4,A3,True,7830535.74603555,500000.0,1,False
159,1590.0,0.0,13,R4,A4,True,6768677.67382266,500000.0,4,False
160,1600.0,0.0,13,M1,R1,True,7830535.74603555,1000000.0,1,False
160,1600.0,0.0,13,M1,R2,True,4351097.746078679,1000000.0,2,True
160,1600.0,0.0,13,M1,R3,True,6768677.673822663,1000000.0,4,False
160,1600.0,0.0,13,M1,R4,True,7043863.120225582,1000000.0,3,False
160,1600.0,0.0,13,R1,S1,True,4313017.070434957,500000.0,2,True
160,1600.0,0.0,13,R1,S2,True,7043863.120225582,500000.0,3,False
160,1600.0,0.0,13,R2,S3,True,7830535.74603555,500000.0,1,False
160,1600.0,0.0,13,R2,S4,True,6768677.67382266,500000.0,4,False
160,1600.0,0.0,13,R3,A1,True,4426085.734582607,500000.0,2,True
160,1600.0,0.0,13,R3,A2,True,7043863.120225582,500000.0,3,False
160,1600.0,0.0,13,R4,A3,True,7830535.74603555,500000.0,1,False
160,1600.0,0.0,13,R4,A4,True,6768677.67382266,500000.0,4,False
161,1610.0,0.0,13,M1,R1,True,7830535.74603555,1000000.0,1,False
161,1610.0,0.0,13,M1,R2,True,4349387.247249691,1000000.0,2,True
161,1610.0,0.0,13,M1,R3,True,6768677.673822663,1000000.0,4,False
161,1610.0,0.0,13,M1,R4,True,7043863.120225582,1000000.0,3,False
161,1610.0,0.0,13,R1,S1,True,4311259.736570037,500000.0,2,True
161,1610.0,0.0,13,R1,S2,True,7043863.120225582,500000.0,3,False
161,1610.0,0.0,13,R2,S3,True,7830535.74603555,500000.0,1,False
161,1610.0,0.0,13,R2,S4,True,6768677.67382266,500000.0,4,False
161,1610.0,0.0,13,R3,A1,True,4424466.374023673,500000.0,2,True
161,1610.0,0.0,13,R3,A2,True,7043863.120225582,500000.0,3,False
161,1610.0,0.0,13,R4,A3,True,7830535.74603555,500000.0,1,False
161,1610.0,0.0,13,R4,A4,True,6768677.67382266,500000.0,4,False
162,1620.0,0.0,13,M1,R1,True,7830535.74603555,1000000.0,1,False
162,1620.0,0.0,13,M1,R2,True,4347674.632239444,1000000.0,2,True
162,1620.0,0.0,13,M1,R3,True,6768677.673822663,1000000.0,4,False
162,1620.0,0.0,13,M1,R4,True,7043863.120225582,1000000.0,3,False
162,1620.0,0.0,13,R1,S1,True,4309500.176529502,500000.0,2,True
162,1620.0,0.0,13,R1,S2,True,7043863.120225582,500000.0,3,False
162,1620.0,0.0,13,R2,S3,True,7830535.74603555,500000.0,1,False
162,1620.0,0.0,13,R2,S4,True,6768677.67382266,500000.0,4,False
162,1620.0,0.0,13,R3,A1,True,4422845.108650229,500000.0,2,True
162,1620.0,0.0,13,R3,A2,True,7043863.120225582,500000.0,3,False
162,1620.0,0.0,13,R4,A3,True,7830535.74603555,500000.0,1,False
162,1620.0,0.0,13,R4,A4,True,6768677.67382266,500000.0,4,False
163,1630.0,0.0,13,M1,R1,True,7830535.74603555,1000000.0,1,False
163,1630.0,0.0,13,M1,R2,True,4345959.896043049,1000000.0,2,True
163,1630.0,0.0,13,M1,R3,True,6768677.673822663,1000000.0,4,False
163,1630.0,0.0,13,M1,R4,True,7043863.120225582,1000000.0,3,False
163,1630.0,0.0,13,R1,S1,True,4307738.384917182,500000.0,2,True
163,1630.0,0.0,13,R1,S2,True,7043863.120225582,500000.0,3,False
163,1630.0,0.0,13,R2,S3,True,7830535.74603555,500000.0,1,False
163,1630.0,0.0,13,R2,S4,True,6768677.67382266,500000.0,4,False
163,1630.0,0.0,13,R3,A1,True,4421221.93420108,500000.0,2,True
163,1630.0,0.0,13,R3,A2,True,7043863.120225582,500000.0,3,False
163,1630.0,0.0,13,R4,A3,True,7830535.74603555,500000.0,1,False
163,1630.0,0.0,13,R4,A4,True,6768677.67382266,500000.0,4,False
164,1640.0,0.0,13,M1,R1,True,7830535.74603555,1000000.0,1,False
164,1640.0,0.0,13,M1,R2,True,4344243.033637682,1000000.0,2,True
164,1640.0,0.0,13,M1,R3,True,6768677.673822663,1000000.0,4,False
164,1640.0,0.0,13,M1,R4,True,7043863.120225582,1000000.0,3,False
164,1640.0,0.0,13,R1,S1,True,4305974.356317113,500000.0,2,True
164,1640.0,0.0,13,R1,S2,True,7043863.120225582,500000.0,3,False
164,1640.0,0.0,13,R2,S3,True,7830535.74603555,500000.0,1,False
164,1640.0,0.0,13,R2,S4,True,6768677.67382266,500000.0,4,False
164,1640.0,0.0,13,R3,A1,True,4419596.846400569,500000.0,2,True
164,1640.0,0.0,13,R3,A2,True,7043863.120225582,500000.0,3,False
164,1640.0,0.0,13,R4,A3,True,7830535.74603555,500000.0,1,False
164,1640.0,0.0,13,R4,A4,True,6768677.67382266,500000.0,4,False
165,1650.0,0.0,13,M1,R1,True,7830535.74603555,1000000.0,1,False
165,1650.0,0.0,13,M1,R2,True,4342524.0399824735,1000000.0,2,True
165,1650.0,0.0,13,M1,R3,True,6768677.673822663,1000000.0,4,False
165,1650.0,0.0,13,M1,R4,True,7043863.120225582,1000000.0,3,False
165,1650.0,0.0,13,R1,S1,True,4304208.085293439,500000.0,2,True
165,1650.0,0.0,13,R1,S2,True,7043863.120225582,500000.0,3,False
165,1650.0,0.0,13,R2,S3,True,7830535.74603555,500000.0,1,False
165,1650.0,0.0,13,R2,S4,True,6768677.67382266,500000.0,4,False
165,1650.0,0.0,13,R3,A1,True,4417969.840958521,500000.0,2,True
165,1650.0,0.0,13,R3,A2,True,7043863.120225582,500000.0,3,False
165,1650.0,0.0,13,R4,A3,True,7830535.74603555,500000.0,1,False
165,1650.0,0.0,13,R4,A4,True,6768677.67382266,500000.0,4,False
166,1660.0,0.0,13,M1,R1,True,7830535.74603555,1000000.0,1,False
166,1660.0,0.0,13,M1,R2,True,4340802.910018433,1000000.0,2,True
166,1660.0,0.0,13,M1,R3,True,6768677.673822663,1000000.0,4,False
166,1660.0,0.0,13,M1,R4,True,7043863.120225582,1000000.0,3,False
166,1660.0,0.0,13,R1,S1,True,4302439.566390296,500000.0,2,True
166,1660.0,0.0,13,R1,S2,True,7043863.120225582,500000.0,3,False
166,1660.0,0.0,13,R2,S3,True,7830535.74603555,500000.0,1,False
166,1660.0,0.0,13,R2,S4,True,6768677.67382266,500000.0,4,False
166,1660.0,0.0,13,R3,A1,True,4416340.913570149,500000.0,2,True
166,1660.0,0.0,13,R3,A2,True,7043863.120225582,500000.0,3,False
166,1660.0,0.0,13,R4,A3,True,7830535.74603555,500000.0,1,False
166,1660.0,0.0,13,R4,A4,True,6768677.67382266,500000.0,4,False
167,1670.0,0.0,13,M1,R1,True,7830535.74603555,1000000.0,1,False
167,1670.0,0.0,13,M1,R2,True,4339079.638668369,1000000.0,2,True
167,1670.0,0.0,13,M1,R3,True,6768677.673822663,1000000.0,4,False
167,1670.0,0.0,13,M1,R4,True,7043863.120225582,1000000.0,3,False
167,1670.0,0.0,13,R1,S1,True,4300668.794131741,500000.0,2,True
167,1670.0,0.0,13,R1,S2,True,7043863.120225582,500000.0,3,False
167,1670.0,0.0,13,R2,S3,True,7830535.74603555,500000.0,1,False
167,1670.0,0.0,13,R2,S4,True,6768677.67382266,500000.0,4,False
167,1670.0,0.0,13,R3,A1,True,4414710.059916022,500000.0,2,True
167,1670.0,0.0,13,R3,A2,True,7043863.120225582,500000.0,3,False
167,1670.0,0.0,13,R4,A3,True,7830535.74603555,500000.0,1,False
167,1670.0,0.0,13,R4,A4,True,6768677.67382266,500000.0,4,False
168,1680.0,0.0,13,M1,R1,True,7830535.74603555,1000000.0,1,False
168,1680.0,0.0,13,M1,R2,True,4337354.220836777,1000000.0,2,True
168,1680.0,0.0,13,M1,R3,True,6768677.673822663,1000000.0,4,False
168,1680.0,0.0,13,M1,R4,True,7043863.120225582,1000000.0,3,False
168,1680.0,0.0,13,R1,S1,True,4298895.763021619,500000.0,2,True
168,1680.0,0.0,13,R1,S2,True,7043863.120225582,500000.0,3,False
168,1680.0,0.0,13,R2,S3,True,7830535.74603555,500000.0,1,False
168,1680.0,0.0,13,R2,S4,True,6768677.67382266,500000.0,4,False
168,1680.0,0.0,13,R3,A1,True,4413077.2756619705,500000.0,2,True
168,1680.0,0.0,13,R3,A2,True,7043863.120225582,500000.0,3,False
168,1680.0,0.0,13,R4,A3,True,7830535.74603555,500000.0,1,False
168,1680.0,0.0,13,R4,A4,True,6768677.67382266,500000.0,4,False
169,1690.0,0.0,13,M1,R1,True,7830535.74603555,1000000.0,1,False
169,1690.0,0.0,13,M1,R2,True,4335626.651409795,1000000.0,2,True
169,1690.0,0.0,13,M1,R3,True,6768677.673822663,1000000.0,4,False
169,1690.0,0.0,13,M1,R4,True,7043863.120225582,1000000.0,3,False
169,1690.0,0.0,13,R1,S1,True,4297120.467543514,500000.0,2,True
169,1690.0,0.0,13,R1,S2,True,7043863.120225582,500000.0,3,False
169,1690.0,0.0,13,R2,S3,True,7830535.74603555,500000.0,1,False
169,1690.0,0.0,13,R2,S4,True,6768677.67382266,500000.0,4,False
169,1690.0,0.0,13,R3,A1,True,4411442.556459024,500000.0,2,True
169,1690.0,0.0,13,R3,A2,True,7043863.120225582,500000.0,3,False
169,1690.0,0.0,13,R4,A3,True,7830535.74603555,500000.0,1,False
169,1690.0,0.0,13,R4,A4,True,6768677.67382266,500000.0,4,False
170,1700.0,0.0,13,M1,R1,True,7830535.74603555,1000000.0,1,False
170,1700.0,0.0,13,M1,R2,True,4333896.925255059,1000000.0,2,True
170,1700.0,0.0,13,M1,R3,True,6768677.673822663,1000000.0,4,False
170,1700.0,0.0,13,M1,R4,True,7043863.120225582,1000000.0,3,False
170,1700.0,0.0,13,R1,S1,True,4295342.902160599,500000.0,2,True
170,1700.0,0.0,13,R1,S2,True,7043863.120225582,500000.0,3,False
170,1700.0,0.0,13,R2,S3,True,7830535.74603555,500000.0,1,False
170,1700.0,0.0,13,R2,S4,True,6768677.67382266,500000.0,4,False
170,1700.0,0.0,13,R3,A1,True,4409805.89794337,500000.0,2,True
170,1700.0,0.0,13,R3,A2,True,7043863.120225582,500000.0,3,False
170,1700.0,0.0,13,R4,A3,True,7830535.74603555,500000.0,1,False
170,1700.0,0.0,13,R4,A4,True,6768677.67382266,500000.0,4,False
171,1710.0,0.0,13,M1,R1,True,7830535.74603555,1000000.0,1,False
171,1710.0,0.0,13,M1,R2,True,4332165.037221669,1000000.0,2,True
171,1710.0,0.0,13,M1,R3,True,6768677.673822663,1000000.0,4,False
171,1710.0,0.0,13,M1,R4,True,7043863.120225582,1000000.0,3,False
171,1710.0,0.0,13,R1,S1,True,4293563.061315565,500000.0,2,True
171,1710.0,0.0,13,R1,S2,True,7043863.120225582,500000.0,3,False
171,1710.0,0.0,13,R2,S3,True,7830535.74603555,500000.0,1,False
171,1710.0,0.0,13,R2,S4,True,6768677.67382266,500000.0,4,False
171,1710.0,0.0,13,R3,A1,True,4408167.295736254,500000.0,2,True
171,1710.0,0.0,13,R3,A2,True,7043863.120225582,500000.0,3,False
171,1710.0,0.0,13,R4,A3,True,7830535.74603555,500000.0,1,False
171,1710.0,0.0,13,R4,A4,True,6768677.67382266,500000.0,4,False
172,1720.0,0.0,13,M1,R1,True,7830535.74603555,1000000.0,1,False
172,1720.0,0.0,13,M1,R2,True,4330430.982140062,1000000.0,2,True
172,1720.0,0.0,13,M1,R3,True,6768677.673822663,1000000.0,4,False
172,1720.0,0.0,13,M1,R4,True,7043863.120225582,1000000.0,3,False
172,1720.0,0.0,13,R1,S1,True,4291780.939430511,500000.0,2,True
172,1720.0,0.0,13,R1,S2,True,7043863.120225582,500000.0,3,False
172,1720.0,0.0,13,R2,S3,True,7830535.74603555,500000.0,1,False
172,1720.0,0.0,13,R2,S4,True,6768677.67382266,500000.0,4,False
172,1720.0,0.0,13,R3,A1,True,4406526.745443919,500000.0,2,True
172,1720.0,0.0,13,R3,A2,True,7043863.120225582,500000.0,3,False
172,1720.0,0.0,13,R4,A3,True,7830535.74603555,500000.0,1,False
172,1720.0,0.0,13,R4,A4,True,6768677.67382266,500000.0,4,False
173,1730.0,0.0,13,M1,R1,True,7830535.74603555,1000000.0,1,False
173,1730.0,0.0,13,M1,R2,True,4328694.754821938,1000000.0,2,True
173,1730.0,0.0,13,M1,R3,True,6768677.673822663,1000000.0,4,False
173,1730.0,0.0,13,M1,R4,True,7043863.120225582,1000000.0,3,False
173,1730.0,0.0,13,R1,S1,True,4289996.530906842,500000.0,2,True
173,1730.0,0.0,13,R1,S2,True,7043863.120225582,500000.0,3,False
173,1730.0,0.0,13,R2,S3,True,7830535.74603555,500000.0,1,False
173,1730.0,0.0,13,R2,S4,True,6768677.67382266,500000.0,4,False
173,1730.0,0.0,13,R3,A1,True,4404884.242657552,500000.0,2,True
173,1730.0,0.0,13,R3,A2,True,7043863.120225582,500000.0,3,False
173,1730.0,0.0,13,R4,A3,True,7830535.74603555,500000.0,1,False
173,1730.0,0.0,13,R4,A4,True,6768677.67382266,500000.0,4,False
174,1740.0,0.0,13,M1,R1,True,7830535.74603555,1000000.0,1,False
174,1740.0,0.0,13,M1,R2,True,4326956.35006016,1000000.0,2,True
174,1740.0,0.0,13,M1,R3,True,6768677.673822663,1000000.0,4,False
174,1740.0,0.0,13,M1,R4,True,7043863.120225582,1000000.0,3,False
174,1740.0,0.0,13,R1,S1,True,4288209.83012517,500000.0,2,True
174,1740.0,0.0,13,R1,S2,True,7043863.120225582,500000.0,3,False
174,1740.0,0.0,13,R2,S3,True,7830535.74603555,500000.0,1,False
174,1740.0,0.0,13,R2,S4,True,6768677.67382266,500000.0,4,False
174,1740.0,0.0,13,R3,A1,True,4403239.782953214,500000.0,2,True
174,1740.0,0.0,13,R3,A2,True,7043863.120225582,500000.0,3,False
174,1740.0,0.0,13,R4,A3,True,7830535.74603555,500000.0,1,False
174,1740.0,0.0,13,R4,A4,True,6768677.67382266,500000.0,4,False
175,1750.0,0.0,13,M1,R1,True,7830535.74603555,1000000.0,1,False
175,1750.0,0.0,13,M1,R2,True,4325215.762628684,1000000.0,2,True
175,1750.0,0.0,13,M1,R3,True,6768677.673822663,1000000.0,4,False
175,1750.0,0.0,13,M1,R4,True,7043863.120225582,1000000.0,3,False
175,1750.0,0.0,13,R1,S1,True,4286420.831445214,500000.0,2,True
175,1750.0,0.0,13,R1,S2,True,7043863.120225582,500000.0,3,False
175,1750.0,0.0,13,R2,S3,True,7830535.74603555,500000.0,1,False
175,1750.0,0.0,13,R2,S4,True,6768677.67382266,500000.0,4,False
175,1750.0,0.0,13,R3,A1,True,4401593.3618917335,500000.0,2,True
175,1750.0,0.0,13,R3,A2,True,7043863.120225582,500000.0,3,False
175,1750.0,0.0,13,R4,A3,True,7830535.74603555,500000.0,1,False
175,1750.0,0.0,13,R4,A4,True,6768677.67382266,500000.0,4,False
176,1760.0,0.0,13,M1,R1,True,7830535.74603555,1000000.0,1,False
176,1760.0,0.0,13,M1,R2,True,4323472.987282434,1000000.0,2,True
176,1760.0,0.0,13,M1,R3,True,6768677.673822663,1000000.0,4,False
176,1760.0,0.0,13,M1,R4,True,7043863.120225582,1000000.0,3,False
176,1760.0,0.0,13,R1,S1,True,4284629.529205685,500000.0,2,True
176,1760.0,0.0,13,R1,S2,True,7043863.120225582,500000.0,3,False
176,1760.0,0.0,13,R2,S3,True,7830535.74603555,500000.0,1,False
176,1760.0,0.0,13,R2,S4,True,6768677.67382266,500000.0,4,False
176,1760.0,0.0,13,R3,A1,True,4399944.975018693,500000.0,2,True
176,1760.0,0.0,13,R3,A2,True,7043863.120225582,500000.0,3,False
176,1760.0,0.0,13,R4,A3,True,7830535.74603555,500000.0,1,False
176,1760.0,0.0,13,R4,A4,True,6768677.67382266,500000.0,4,False
177,1770.0,0.0,13,M1,R1,True,7830535.74603555,1000000.0,1,False
177,1770.0,0.0,13,M1,R2,True,4321728.018757241,1000000.0,2,True
177,1770.0,0.0,13,M1,R3,True,6768677.673822663,1000000.0,4,False
177,1770.0,0.0,13,M1,R4,True,7043863.120225582,1000000.0,3,False
177,1770.0,0.0,13,R1,S1,True,4282835.917724192,500000.0,2,True
177,1770.0,0.0,13,R1,S2,True,7043863.120225582,500000.0,3,False
177,1770.0,0.0,13,R2,S3,True,7830535.74603555,500000.0,1,False
177,1770.0,0.0,13,R2,S4,True,6768677.67382266,500000.0,4,False
177,1770.0,0.0,13,R3,A1,True,4398294.617864317,500000.0,2,True
177,1770.0,0.0,13,R3,A2,True,7043863.120225582,500000.0,3,False
177,1770.0,0.0,13,R4,A3,True,7830535.74603555,500000.0,1,False
177,1770.0,0.0,13,R4,A4,True,6768677.67382266,500000.0,4,False
178,1780.0,0.0,13,M1,R1,True,7830535.74603555,1000000.0,1,False
178,1780.0,0.0,13,M1,R2,True,4319980.851769739,1000000.0,2,True
178,1780.0,0.0,13,M1,R3,True,6768677.673822663,1000000.0,4,False
178,1780.0,0.0,13,M1,R4,True,7043863.120225582,1000000.0,3,False
178,1780.0,0.0,13,R1,S1,True,4281039.9912971435,500000.0,2,True
178,1780.0,0.0,13,R1,S2,True,7043863.120225582,500000.0,3,False
178,1780.0,0.0,13,R2,S3,True,7830535.74603555,500000.0,1,False
178,1780.0,0.0,13,R2,S4,True,6768677.67382266,500000.0,4,False
178,1780.0,0.0,13,R3,A1,True,4396642.285943431,500000.0,2,True
178,1780.0,0.0,13,R3,A2,True,7043863.120225582,500000.0,3,False
178,1780.0,0.0,13,R4,A3,True,7830535.74603555,500000.0,1,False
178,1780.0,0.0,13,R4,A4,True,6768677.67382266,500000.0,4,False
179,1790.0,0.0,13,M1,R1,True,7830535.74603555,1000000.0,1,False
179,1790.0,0.0,13,M1,R2,True,4318231.481017262,1000000.0,2,True
179,1790.0,0.0,13,M1,R3,True,6768677.673822663,1000000.0,4,False
179,1790.0,0.0,13,M1,R4,True,7043863.120225582,1000000.0,3,False
179,1790.0,0.0,13,R1,S1,True,4279241.744199622,500000.0,2,True
179,1790.0,0.0,13,R1,S2,True,7043863.120225582,500000.0,3,False
179,1790.0,0.0,13,R2,S3,True,7830535.74603555,500000.0,1,False
179,1790.0,0.0,13,R2,S4,True,6768677.67382266,500000.0,4,False
179,1790.0,0.0,13,R3,A1,True,4394987.974755359,500000.0,2,True
179,1790.0,0.0,13,R3,A2,True,7043863.120225582,500000.0,3,False
179,1790.0,0.0,13,R4,A3,True,7830535.74603555,500000.0,1,False
179,1790.0,0.0,13,R4,A4,True,6768677.67382266,500000.0,4,False
180,1800.0,0.0,13,M1,R1,True,7830535.74603555,1000000.0,1,False
180,1800.0,0.0,13,M1,R2,True,4316479.901177763,1000000.0,2,True
180,1800.0,0.0,13,M1,R3,True,6768677.673822663,1000000.0,4,False
180,1800.0,0.0,13,M1,R4,True,7043863.120225582,1000000.0,3,False
180,1800.0,0.0,13,R1,S1,True,4277441.170685297,500000.0,2,True
180,1800.0,0.0,13,R1,S2,True,7043863.120225582,500000.0,3,False
180,1800.0,0.0,13,R2,S3,True,7830535.74603555,500000.0,1,False
180,1800.0,0.0,13,R2,S4,True,6768677.67382266,500000.0,4,False
180,1800.0,0.0,13,R3,A1,True,4393331.679783882,500000.0,2,True
180,1800.0,0.0,13,R3,A2,True,7043863.120225582,500000.0,3,False
180,1800.0,0.0,13,R4,A3,True,7830535.74603555,500000.0,1,False
180,1800.0,0.0,13,R4,A4,True,6768677.67382266,500000.0,4,False
181,1810.0,0.0,13,M1,R1,True,7830535.74603555,1000000.0,1,False
181,1810.0,0.0,13,M1,R2,True,4314726.106909716,1000000.0,2,True
181,1810.0,0.0,13,M1,R3,True,6768677.673822663,1000000.0,4,False
181,1810.0,0.0,13,M1,R4,True,7043863.120225582,1000000.0,3,False
181,1810.0,0.0,13,R1,S1,True,4275638.264986301,500000.0,2,True
181,1810.0,0.0,13,R1,S2,True,7043863.120225582,500000.0,3,False
181,1810.0,0.0,13,R2,S3,True,7830535.74603555,500000.0,1,False
181,1810.0,0.0,13,R2,S4,True,6768677.67382266,500000.0,4,False
181,1810.0,0.0,13,R3,A1,True,4391673.396497141,500000.0,2,True
181,1810.0,0.0,13,R3,A2,True,7043863.120225582,500000.0,3,False
181,1810.0,0.0,13,R4,A3,True,7830535.74603555,500000.0,1,False
181,1810.0,0.0,13,R4,A4,True,6768677.67382266,500000.0,4,False
182,1820.0,0.0,13,M1,R1,True,7830535.74603555,1000000.0,1,False
182,1820.0,0.0,13,M1,R2,True,4312970.09285202,1000000.0,2,True
182,1820.0,0.0,13,M1,R3,True,6768677.673822663,1000000.0,4,False
182,1820.0,0.0,13,M1,R4,True,7043863.120225582,1000000.0,3,False
182,1820.0,0.0,13,R1,S1,True,4273833.021313149,500000.0,2,True
182,1820.0,0.0,13,R1,S2,True,7043863.120225582,500000.0,3,False
182,1820.0,0.0,13,R2,S3,True,7830535.74603555,500000.0,1,False
182,1820.0,0.0,13,R2,S4,True,6768677.67382266,500000.0,4,False
182,1820.0,0.0,13,R3,A1,True,4390013.120347592,500000.0,2,True
182,1820.0,0.0,13,R3,A2,True,7043863.120225582,500000.0,3,False
182,1820.0,0.0,13,R4,A3,True,7830535.74603555,500000.0,1,False
182,1820.0,0.0,13,R4,A4,True,6768677.67382266,500000.0,4,False
183,1830.0,0.0,13,M1,R1,True,7830535.74603555,1000000.0,1,False
183,1830.0,0.0,13,M1,R2,True,4311211.853623908,1000000.0,2,True
183,1830.0,0.0,13,M1,R3,True,6768677.673822663,1000000.0,4,False
183,1830.0,0.0,13,M1,R4,True,7043863.120225582,1000000.0,3,False
183,1830.0,0.0,13,R1,S1,True,4272025.433854609,500000.0,2,True
183,1830.0,0.0,13,R1,S2,True,7043863.120225582,500000.0,3,False
183,1830.0,0.0,13,R2,S3,True,7830535.74603555,500000.0,1,False
183,1830.0,0.0,13,R2,S4,True,6768677.67382266,500000.0,4,False
183,1830.0,0.0,13,R3,A1,True,4388350.846771921,500000.0,2,True
183,1830.0,0.0,13,R3,A2,True,7043863.120225582,500000.0,3,False
183,1830.0,0.0,13,R4,A3,True,7830535.74603555,500000.0,1,False
183,1830.0,0.0,13,R4,A4,True,6768677.67382266,500000.0,4,False
184,1840.0,0.0,13,M1,R1,True,7830535.74603555,1000000.0,1,False
184,1840.0,0.0,13,M1,R2,True,4309451.383824835,1000000.0,2,True
184,1840.0,0.0,13,M1,R3,True,6768677.673822663,1000000.0,4,False
184,1840.0,0.0,13,M1,R4,True,7043863.120225582,1000000.0,3,False
184,1840.0,0.0,13,R1,S1,True,4270215.496777584,500000.0,2,True
184,1840.0,0.0,13,R1,S2,True,7043863.120225582,500000.0,3,False
184,1840.0,0.0,13,R2,S3,True,7830535.74603555,500000.0,1,False
184,1840.0,0.0,13,R2,S4,True,6768677.67382266,500000.0,4,False
184,1840.0,0.0,13,R3,A1,True,4386686.5711909495,500000.0,2,True
184,1840.0,0.0,13,R3,A2,True,7043863.120225582,500000.0,3,False
184,1840.0,0.0,13,R4,A3,True,7830535.74603555,500000.0,1,False
184,1840.0,0.0,13,R4,A4,True,6768677.67382266,500000.0,4,False
185,1850.0,0.0,13,M1,R1,True,7830535.74603555,1000000.0,1,False
185,1850.0,0.0,13,M1,R2,True,4307688.678034406,1000000.0,2,True
185,1850.0,0.0,13,M1,R3,True,6768677.673822663,1000000.0,4,False
185,1850.0,0.0,13,M1,R4,True,7043863.120225582,1000000.0,3,False
185,1850.0,0.0,13,R1,S1,True,4268403.204227033,500000.0,2,True
185,1850.0,0.0,13,R1,S2,True,7043863.120225582,500000.0,3,False
185,1850.0,0.0,13,R2,S3,True,7830535.74603555,500000.0,1,False
185,1850.0,0.0,13,R2,S4,True,6768677.67382266,500000.0,4,False
185,1850.0,0.0,13,R3,A1,True,4385020.289009602,500000.0,2,True
185,1850.0,0.0,13,R3,A2,True,7043863.120225582,500000.0,3,False
185,1850.0,0.0,13,R4,A3,True,7830535.74603555,500000.0,1,False
185,1850.0,0.0,13,R4,A4,True,6768677.67382266,500000.0,4,False
186,1860.0,0.0,13,M1,R1,True,7830535.74603555,1000000.0,1,False
186,1860.0,0.0,13,M1,R2,True,4305923.730812264,1000000.0,2,True
186,1860.0,0.0,13,M1,R3,True,6768677.673822663,1000000.0,4,False
186,1860.0,0.0,13,M1,R4,True,7043863.120225582,1000000.0,3,False
186,1860.0,0.0,13,R1,S1,True,4266588.550325842,500000.0,2,True
186,1860.0,0.0,13,R1,S2,True,7043863.120225582,500000.0,3,False
186,1860.0,0.0,13,R2,S3,True,7830535.74603555,500000.0,1,False
186,1860.0,0.0,13,R2,S4,True,6768677.67382266,500000.0,4,False
186,1860.0,0.0,13,R3,A1,True,4383351.995616809,500000.0,2,True
186,1860.0,0.0,13,R3,A2,True,7043863.120225582,500000.0,3,False
186,1860.0,0.0,13,R4,A3,True,7830535.74603555,500000.0,1,False
186,1860.0,0.0,13,R4,A4,True,6768677.67382266,500000.0,4,False
187,1870.0,0.0,13,M1,R1,True,7830535.74603555,1000000.0,1,False
187,1870.0,0.0,13,M1,R2,True,4304156.536697979,1000000.0,2,True
187,1870.0,0.0,13,M1,R3,True,6768677.673822663,1000000.0,4,False
187,1870.0,0.0,13,M1,R4,True,7043863.120225582,1000000.0,3,False
187,1870.0,0.0,13,R1,S1,True,4264771.529174711,500000.0,2,True
187,1870.0,0.0,13,R1,S2,True,7043863.120225582,500000.0,3,False
187,1870.0,0.0,13,R2,S3,True,7830535.74603555,500000.0,1,False
187,1870.0,0.0,13,R2,S4,True,6768677.67382266,500000.0,4,False
187,1870.0,0.0,13,R3,A1,True,4381681.686385423,500000.0,2,True
187,1870.0,0.0,13,R3,A2,True,7043863.120225582,500000.0,3,False
187,1870.0,0.0,13,R4,A3,True,7830535.74603555,500000.0,1,False
187,1870.0,0.0,13,R4,A4,True,6768677.67382266,500000.0,4,False
188,1880.0,0.0,13,M1,R1,True,7830535.74603555,1000000.0,1,False
188,1880.0,0.0,13,M1,R2,True,4302387.090210989,1000000.0,2,True
188,1880.0,0.0,13,M1,R3,True,6768677.673822663,1000000.0,4,False
188,1880.0,0.0,13,M1,R4,True,7043863.120225582,1000000.0,3,False
188,1880.0,0.0,13,R1,S1,True,4262952.134852063,500000.0,2,True
188,1880.0,0.0,13,R1,S2,True,7043863.120225582,500000.0,3,False
188,1880.0,0.0,13,R2,S3,True,7830535.74603555,500000.0,1,False
188,1880.0,0.0,13,R2,S4,True,6768677.67382266,500000.0,4,False
188,1880.0,0.0,13,R3,A1,True,4380009.356672174,500000.0,2,True
188,1880.0,0.0,13,R3,A2,True,7043863.120225582,500000.0,3,False
188,1880.0,0.0,13,R4,A3,True,7830535.74603555,500000.0,1,False
188,1880.0,0.0,13,R4,A4,True,6768677.67382266,500000.0,4,False
189,1890.0,0.0,13,M1,R1,True,7830535.74603555,1000000.0,1,False
189,1890.0,0.0,13,M1,R2,True,4300615.385850463,1000000.0,2,True
189,1890.0,0.0,13,M1,R3,True,6768677.673822663,1000000.0,4,False
189,1890.0,0.0,13,M1,R4,True,7043863.120225582,1000000.0,3,False
189,1890.0,0.0,13,R1,S1,True,4261130.3614139,500000.0,2,True
189,1890.0,0.0,13,R1,S2,True,7043863.120225582,500000.0,3,False
189,1890.0,0.0,13,R2,S3,True,7830535.74603555,500000.0,1,False
189,1890.0,0.0,13,R2,S4,True,6768677.67382266,500000.0,4,False
189,1890.0,0.0,13,R3,A1,True,4378335.0018175645,500000.0,2,True
189,1890.0,0.0,13,R3,A2,True,7043863.120225582,500000.0,3,False
189,1890.0,0.0,13,R4,A3,True,7830535.74603555,500000.0,1,False
189,1890.0,0.0,13,R4,A4,True,6768677.67382266,500000.0,4,False
190,1900.0,0.0,13,M1,R1,True,7830535.74603555,1000000.0,1,False
190,1900.0,0.0,13,M1,R2,True,4298841.418095207,1000000.0,2,True
190,1900.0,0.0,13,M1,R3,True,6768677.673822663,1000000.0,4,False
190,1900.0,0.0,13,M1,R4,True,7043863.120225582,1000000.0,3,False
190,1900.0,0.0,13,R1,S1,True,4259306.2028937135,500000.0,2,True
190,1900.0,0.0,13,R1,S2,True,7043863.120225582,500000.0,3,False
190,1900.0,0.0,13,R2,S3,True,7830535.74603555,500000.0,1,False
190,1900.0,0.0,13,R2,S4,True,6768677.67382266,500000.0,4,False
190,1900.0,0.0,13,R3,A1,True,4376658.617145813,500000.0,2,True
190,1900.0,0.0,13,R3,A2,True,7043863.120225582,500000.0,3,False
190,1900.0,0.0,13,R4,A3,True,7830535.74603555,500000.0,1,False
190,1900.0,0.0,13,R4,A4,True,6768677.67382266,500000.0,4,False
191,1910.0,0.0,13,M1,R1,True,7830535.74603555,1000000.0,1,False
191,1910.0,0.0,13,M1,R2,True,4297065.181403584,1000000.0,2,True
191,1910.0,0.0,13,M1,R3,True,6768677.673822663,1000000.0,4,False
191,1910.0,0.0,13,M1,R4,True,7043863.120225582,1000000.0,3,False
191,1910.0,0.0,13,R1,S1,True,4257479.653302375,500000.0,2,True
191,1910.0,0.0,13,R1,S2,True,7043863.120225582,500000.0,3,False
191,1910.0,0.0,13,R2,S3,True,7830535.74603555,500000.0,1,False
191,1910.0,0.0,13,R2,S4,True,6768677.67382266,500000.0,4,False
191,1910.0,0.0,13,R3,A1,True,4374980.197964771,500000.0,2,True
191,1910.0,0.0,13,R3,A2,True,7043863.120225582,500000.0,3,False
191,1910.0,0.0,13,R4,A3,True,7830535.74603555,500000.0,1,False
191,1910.0,0.0,13,R4,A4,True,6768677.67382266,500000.0,4,False
192,1920.0,0.0,13,M1,R1,True,7830535.74603555,1000000.0,1,False
192,1920.0,0.0,13,M1,R2,True,4295286.670213401,1000000.0,2,True
192,1920.0,0.0,13,M1,R3,True,6768677.673822663,1000000.0,4,False
192,1920.0,0.0,13,M1,R4,True,7043863.120225582,1000000.0,3,False
192,1920.0,0.0,13,R1,S1,True,4255650.706627994,500000.0,2,True
192,1920.0,0.0,13,R1,S2,True,7043863.120225582,500000.0,3,False
192,1920.0,0.0,13,R2,S3,True,7830535.74603555,500000.0,1,False
192,1920.0,0.0,13,R2,S4,True,6768677.67382266,500000.0,4,False
192,1920.0,0.0,13,R3,A1,True,4373299.739565852,500000.0,2,True
192,1920.0,0.0,13,R3,A2,True,7043863.120225582,500000.0,3,False
192,1920.0,0.0,13,R4,A3,True,7830535.74603555,500000.0,1,False
192,1920.0,0.0,13,R4,A4,True,6768677.67382266,500000.0,4,False
193,1930.0,0.0,13,M1,R1,True,7830535.74603555,1000000.0,1,False
193,1930.0,0.0,13,M1,R2,True,4293505.878941796,1000000.0,2,True
193,1930.0,0.0,13,M1,R3,True,6768677.673822663,1000000.0,4,False
193,1930.0,0.0,13,M1,R4,True,7043863.120225582,1000000.0,3,False
193,1930.0,0.0,13,R1,S1,True,4253819.356835838,500000.0,2,True
193,1930.0,0.0,13,R1,S2,True,7043863.120225582,500000.0,3,False
193,1930.0,0.0,13,R2,S3,True,7830535.74603555,500000.0,1,False
193,1930.0,0.0,13,R2,S4,True,6768677.67382266,500000.0,4,False
193,1930.0,0.0,13,R3,A1,True,4371617.237223936,500000.0,2,True
193,1930.0,0.0,13,R3,A2,True,7043863.120225582,500000.0,3,False
193,1930.0,0.0,13,R4,A3,True,7830535.74603555,500000.0,1,False
193,1930.0,0.0,13,R4,A4,True,6768677.67382266,500000.0,4,False
194,1940.0,0.0,13,M1,R1,True,7830535.74603555,1000000.0,1,False
194,1940.0,0.0,13,M1,R2,True,4291722.801985159,1000000.0,2,True
194,1940.0,0.0,13,M1,R3,True,6768677.673822663,1000000.0,4,False
194,1940.0,0.0,13,M1,R4,True,7043863.120225582,1000000.0,3,False
194,1940.0,0.0,13,R1,S1,True,4251985.597868189,500000.0,2,True
194,1940.0,0.0,13,R1,S2,True,7043863.120225582,500000.0,3,False
194,1940.0,0.0,13,R2,S3,True,7830535.74603555,500000.0,1,False
194,1940.0,0.0,13,R2,S4,True,6768677.67382266,500000.0,4,False
194,1940.0,0.0,13,R3,A1,True,4369932.686197332,500000.0,2,True
194,1940.0,0.0,13,R3,A2,True,7043863.120225582,500000.0,3,False
194,1940.0,0.0,13,R4,A3,True,7830535.74603555,500000.0,1,False
194,1940.0,0.0,13,R4,A4,True,6768677.67382266,500000.0,4,False
195,1950.0,0.0,13,M1,R1,True,7830535.74603555,1000000.0,1,False
195,1950.0,0.0,13,M1,R2,True,4289937.433719008,1000000.0,2,True
195,1950.0,0.0,13,M1,R3,True,6768677.673822663,1000000.0,4,False
195,1950.0,0.0,13,M1,R4,True,7043863.120225582,1000000.0,3,False
195,1950.0,0.0,13,R1,S1,True,4250149.423644251,500000.0,2,True
195,1950.0,0.0,13,R1,S2,True,7043863.120225582,500000.0,3,False
195,1950.0,0.0,13,R2,S3,True,7830535.74603555,500000.0,1,False
195,1950.0,0.0,13,R2,S4,True,6768677.67382266,500000.0,4,False
195,1950.0,0.0,13,R3,A1,True,4368246.081727661,500000.0,2,True
195,1950.0,0.0,13,R3,A2,True,7043863.120225582,500000.0,3,False
195,1950.0,0.0,13,R4,A3,True,7830535.74603555,500000.0,1,False
195,1950.0,0.0,13,R4,A4,True,6768677.67382266,500000.0,4,False
196,1960.0,0.0,13,M1,R1,True,7830535.74603555,1000000.0,1,False
196,1960.0,0.0,13,M1,R2,True,4288149.768497903,1000000.0,2,True
196,1960.0,0.0,13,M1,R3,True,6768677.673822663,1000000.0,4,False
196,1960.0,0.0,13,M1,R4,True,7043863.120225582,1000000.0,3,False
196,1960.0,0.0,13,R1,S1,True,4248310.828060009,500000.0,2,True
196,1960.0,0.0,13,R1,S2,True,7043863.120225582,500000.0,3,False
196,1960.0,0.0,13,R2,S3,True,7830535.74603555,500000.0,1,False
196,1960.0,0.0,13,R2,S4,True,6768677.67382266,500000.0,4,False
196,1960.0,0.0,13,R3,A1,True,4366557.419039781,500000.0,2,True
196,1960.0,0.0,13,R3,A2,True,7043863.120225582,500000.0,3,False
196,1960.0,0.0,13,R4,A3,True,7830535.74603555,500000.0,1,False
196,1960.0,0.0,13,R4,A4,True,6768677.67382266,500000.0,4,False
197,1970.0,0.0,13,M1,R1,True,7830535.74603555,1000000.0,1,False
197,1970.0,0.0,13,M1,R2,True,4286359.800655323,1000000.0,2,True
197,1970.0,0.0,13,M1,R3,True,6768677.673822663,1000000.0,4,False
197,1970.0,0.0,13,M1,R4,True,7043863.120225582,1000000.0,3,False
197,1970.0,0.0,13,R1,S1,True,4246469.804988126,500000.0,2,True
197,1970.0,0.0,13,R1,S2,True,7043863.120225582,500000.0,3,False
197,1970.0,0.0,13,R2,S3,True,7830535.74603555,500000.0,1,False
197,1970.0,0.0,13,R2,S4,True,6768677.67382266,500000.0,4,False
197,1970.0,0.0,13,R3,A1,True,4364866.693341746,500000.0,2,True
197,1970.0,0.0,13,R3,A2,True,7043863.120225582,500000.0,3,False
197,1970.0,0.0,13,R4,A3,True,7830535.74603555,500000.0,1,False
197,1970.0,0.0,13,R4,A4,True,6768677.67382266,500000.0,4,False
198,1980.0,0.0,13,M1,R1,True,7830535.74603555,1000000.0,1,False
198,1980.0,0.0,13,M1,R2,True,4284567.524503584,1000000.0,2,True
198,1980.0,0.0,13,M1,R3,True,6768677.673822663,1000000.0,4,False
198,1980.0,0.0,13,M1,R4,True,7043863.120225582,1000000.0,3,False
198,1980.0,0.0,13,R1,S1,True,4244626.348277824,500000.0,2,True
198,1980.0,0.0,13,R1,S2,True,7043863.120225582,500000.0,3,False
198,1980.0,0.0,13,R2,S3,True,7830535.74603555,500000.0,1,False
198,1980.0,0.0,13,R2,S4,True,6768677.67382266,500000.0,4,False
198,1980.0,0.0,13,R3,A1,True,4363173.899824684,500000.0,2,True
198,1980.0,0.0,13,R3,A2,True,7043863.120225582,500000.0,3,False
198,1980.0,0.0,13,R4,A3,True,7830535.74603555,500000.0,1,False
198,1980.0,0.0,13,R4,A4,True,6768677.67382266,500000.0,4,False
199,1990.0,0.0,13,M1,R1,True,7830535.74603555,1000000.0,1,False
199,1990.0,0.0,13,M1,R2,True,4282772.934333711,1000000.0,2,True
199,1990.0,0.0,13,M1,R3,True,6768677.673822663,1000000.0,4,False
199,1990.0,0.0,13,M1,R4,True,7043863.120225582,1000000.0,3,False
199,1990.0,0.0,13,R1,S1,True,4242780.451754753,500000.0,2,True
199,1990.0,0.0,13,R1,S2,True,7043863.120225582,500000.0,3,False
199,1990.0,0.0,13,R2,S3,True,7830535.74603555,500000.0,1,False
199,1990.0,0.0,13,R2,S4,True,6768677.67382266,500000.0,4,False
199,1990.0,0.0,13,R3,A1,True,4361479.033662736,500000.0,2,True
199,1990.0,0.0,13,R3,A2,True,7043863.120225582,500000.0,3,False
199,1990.0,0.0,13,R4,A3,True,7830535.74603555,500000.0,1,False
199,1990.0,0.0,13,R4,A4,True,6768677.67382266,500000.0,4,False
200,2000.0,0.0,13,M1,R1,True,7830535.74603555,1000000.0,1,False
200,2000.0,0.0,13,M1,R2,True,4280976.0244153505,1000000.0,2,True
200,2000.0,0.0,13,M1,R3,True,6768677.673822663,1000000.0,4,False
200,2000.0,0.0,13,M1,R4,True,7043863.120225582,1000000.0,3,False
200,2000.0,0.0,13,R1,S1,True,4240932.1092209,500000.0,2,True
200,2000.0,0.0,13,R1,S2,True,7043863.120225582,500000.0,3,False
200,2000.0,0.0,13,R2,S3,True,7830535.74603555,500000.0,1,False
200,2000.0,0.0,13,R2,S4,True,6768677.67382266,500000.0,4,False
200,2000.0,0.0,13,R3,A1,True,4359782.090012988,500000.0,2,True
200,2000.0,0.0,13,R3,A2,True,7043863.120225582,500000.0,3,False
200,2000.0,0.0,13,R4,A3,True,7830535.74603555,500000.0,1,False
200,2000.0,0.0,13,R4,A4,True,6768677.67382266,500000.0,4,False
201,2010.0,0.0,13,M1,R1,True,7830535.74603555,1000000.0,1,False
201,2010.0,0.0,13,M1,R2,True,4279176.788996652,1000000.0,2,True
201,2010.0,0.0,13,M1,R3,True,6768677.673822663,1000000.0,4,False
201,2010.0,0.0,13,M1,R4,True,7043863.120225582,1000000.0,3,False
201,2010.0,0.0,13,R1,S1,True,4239081.314454425,500000.0,2,True
201,2010.0,0.0,13,R1,S2,True,7043863.120225582,500000.0,3,False
201,2010.0,0.0,13,R2,S3,True,7830535.74603555,500000.0,1,False
201,2010.0,0.0,13,R2,S4,True,6768677.67382266,500000.0,4,False
201,2010.0,0.0,13,R3,A1,True,4358083.06401536,500000.0,2,True
201,2010.0,0.0,13,R3,A2,True,7043863.120225582,500000.0,3,False
201,2010.0,0.0,13,R4,A3,True,7830535.74603555,500000.0,1,False
201,2010.0,0.0,13,R4,A4,True,6768677.67382266,500000.0,4,False
202,2020.0,0.0,13,M1,R1,True,7830535.74603555,1000000.0,1,False
202,2020.0,0.0,13,M1,R2,True,4277375.222304163,1000000.0,2,True
202,2020.0,0.0,13,M1,R3,True,6768677.673822663,1000000.0,4,False
202,2020.0,0.0,13,M1,R4,True,7043863.120225582,1000000.0,3,False
202,2020.0,0.0,13,R1,S1,True,4237228.061209582,500000.0,2,True
202,2020.0,0.0,13,R1,S2,True,7043863.120225582,500000.0,3,False
202,2020.0,0.0,13,R2,S3,True,7830535.74603555,500000.0,1,False
202,2020.0,0.0,13,R2,S4,True,6768677.67382266,500000.0,4,False
202,2020.0,0.0,13,R3,A1,True,4356381.950792553,500000.0,2,True
202,2020.0,0.0,13,R3,A2,True,7043863.120225582,500000.0,3,False
202,2020.0,0.0,13,R4,A3,True,7830535.74603555,500000.0,1,False
202,2020.0,0.0,13,R4,A4,True,6768677.67382266,500000.0,4,False
203,2030.0,0.0,13,M1,R1,True,7830535.74603555,1000000.0,1,False
203,2030.0,0.0,13,M1,R2,True,4275571.3185427245,1000000.0,2,True
203,2030.0,0.0,13,M1,R3,True,6768677.673822663,1000000.0,4,False
203,2030.0,0.0,13,M1,R4,True,7043863.120225582,1000000.0,3,False
203,2030.0,0.0,13,R1,S1,True,4235372.343216562,500000.0,2,True
203,2030.0,0.0,13,R1,S2,True,7043863.120225582,500000.0,3,False
203,2030.0,0.0,13,R2,S3,True,7830535.74603555,500000.0,1,False
203,2030.0,0.0,13,R2,S4,True,6768677.67382266,500000.0,4,False
203,2030.0,0.0,13,R3,A1,True,4354678.745449953,500000.0,2,True
203,2030.0,0.0,13,R3,A2,True,7043863.120225582,500000.0,3,False
203,2030.0,0.0,13,R4,A3,True,7830535.74603555,500000.0,1,False
203,2030.0,0.0,13,R4,A4,True,6768677.67382266,500000.0,4,False
204,2040.0,0.0,13,M1,R1,True,7830535.74603555,1000000.0,1,False
204,2040.0,0.0,13,M1,R2,True,4273765.071895367,1000000.0,2,True
204,2040.0,0.0,13,M1,R3,True,6768677.673822663,1000000.0,4,False
204,2040.0,0.0,13,M1,R4,True,7043863.120225582,1000000.0,3,False
204,2040.0,0.0,13,R1,S1,True,4233514.154181393,500000.0,2,True
204,2040.0,0.0,13,R1,S2,True,7043863.120225582,500000.0,3,False
204,2040.0,0.0,13,R2,S3,True,7830535.74603555,500000.0,1,False
204,2040.0,0.0,13,R2,S4,True,6768677.67382266,500000.0,4,False
204,2040.0,0.0,13,R3,A1,True,4352973.443075561,500000.0,2,True
204,2040.0,0.0,13,R3,A2,True,7043863.120225582,500000.0,3,False
204,2040.0,0.0,13,R4,A3,True,7830535.74603555,500000.0,1,False
204,2040.0,0.0,13,R4,A4,True,6768677.67382266,500000.0,4,False
205,2050.0,0.0,13,M1,R1,True,7830535.74603555,1000000.0,1,False
205,2050.0,0.0,13,M1,R2,True,4271956.4765231805,1000000.0,2,True
205,2050.0,0.0,13,M1,R3,True,6768677.673822663,1000000.0,4,False
205,2050.0,0.0,13,M1,R4,True,7043863.120225582,1000000.0,3,False
205,2050.0,0.0,13,R1,S1,True,4231653.487785812,500000.0,2,True
205,2050.0,0.0,13,R1,S2,True,7043863.120225582,500000.0,3,False
205,2050.0,0.0,13,R2,S3,True,7830535.74603555,500000.0,1,False
205,2050.0,0.0,13,R2,S4,True,6768677.67382266,500000.0,4,False
205,2050.0,0.0,13,R3,A1,True,4351266.038739889,500000.0,2,True
205,2050.0,0.0,13,R3,A2,True,7043863.120225582,500000.0,3,False
205,2050.0,0.0,13,R4,A3,True,7830535.74603555,500000.0,1,False
205,2050.0,0.0,13,R4,A4,True,6768677.67382266,500000.0,4,False
206,2060.0,0.0,13,M1,R1,True,7830535.74603555,1000000.0,1,False
206,2060.0,0.0,13,M1,R2,True,4270145.52656523,1000000.0,2,True
206,2060.0,0.0,13,M1,R3,True,6768677.673822663,1000000.0,4,False
206,2060.0,0.0,13,M1,R4,True,7043863.120225582,1000000.0,3,False
206,2060.0,0.0,13,R1,S1,True,4229790.337687122,500000.0,2,True
206,2060.0,0.0,13,R1,S2,True,7043863.120225582,500000.0,3,False
206,2060.0,0.0,13,R2,S3,True,7830535.74603555,500000.0,1,False
206,2060.0,0.0,13,R2,S4,True,6768677.67382266,500000.0,4,False
206,2060.0,0.0,13,R3,A1,True,4349556.527495915,500000.0,2,True
206,2060.0,0.0,13,R3,A2,True,7043863.120225582,500000.0,3,False
206,2060.0,0.0,13,R4,A3,True,7830535.74603555,500000.0,1,False
206,2060.0,0.0,13,R4,A4,True,6768677.67382266,500000.0,4,False
207,2070.0,0.0,13,M1,R1,True,7830535.74603555,1000000.0,1,False
207,2070.0,0.0,13,M1,R2,True,4268332.216138434,1000000.0,2,True
207,2070.0,0.0,13,M1,R3,True,6768677.673822663,1000000.0,4,False
207,2070.0,0.0,13,M1,R4,True,7043863.120225582,1000000.0,3,False
207,2070.0,0.0,13,R1,S1,True,4227924.697518108,500000.0,2,True
207,2070.0,0.0,13,R1,S2,True,7043863.120225582,500000.0,3,False
207,2070.0,0.0,13,R2,S3,True,7830535.74603555,500000.0,1,False
207,2070.0,0.0,13,R2,S4,True,6768677.67382266,500000.0,4,False
207,2070.0,0.0,13,R3,A1,True,4347844.904378959,500000.0,2,True
207,2070.0,0.0,13,R3,A2,True,7043863.120225582,500000.0,3,False
207,2070.0,0.0,13,R4,A3,True,7830535.74603555,500000.0,1,False
207,2070.0,0.0,13,R4,A4,True,6768677.67382266,500000.0,4,False
208,2080.0,0.0,13,M1,R1,True,7830535.74603555,1000000.0,1,False
208,2080.0,0.0,13,M1,R2,True,4266516.539337436,1000000.0,2,True
208,2080.0,0.0,13,M1,R3,True,6768677.673822663,1000000.0,4,False
208,2080.0,0.0,13,M1,R4,True,7043863.120225582,1000000.0,3,False
208,2080.0,0.0,13,R1,S1,True,4226056.560886857,500000.0,2,True
208,2080.0,0.0,13,R1,S2,True,7043863.120225582,500000.0,3,False
208,2080.0,0.0,13,R2,S3,True,7830535.74603555,500000.0,1,False
208,2080.0,0.0,13,R2,S4,True,6768677.67382266,500000.0,4,False
208,2080.0,0.0,13,R3,A1,True,4346131.164406615,500000.0,2,True
208,2080.0,0.0,13,R3,A2,True,7043863.120225582,500000.0,3,False
208,2080.0,0.0,13,R4,A3,True,7830535.74603555,500000.0,1,False
208,2080.0,0.0,13,R4,A4,True,6768677.67382266,500000.0,4,False
209,2090.0,0.0,13,M1,R1,True,7830535.74603555,1000000.0,1,False
209,2090.0,0.0,13,M1,R2,True,4264698.49023453,1000000.0,2,True
209,2090.0,0.0,13,M1,R3,True,6768677.673822663,1000000.0,4,False
209,2090.0,0.0,13,M1,R4,True,7043863.120225582,1000000.0,3,False
209,2090.0,0.0,13,R1,S1,True,4224185.921376673,500000.0,2,True
209,2090.0,0.0,13,R1,S2,True,7043863.120225582,500000.0,3,False
209,2090.0,0.0,13,R2,S3,True,7830535.74603555,500000.0,1,False
209,2090.0,0.0,13,R2,S4,True,6768677.67382266,500000.0,4,False
209,2090.0,0.0,13,R3,A1,True,4344415.302578681,500000.0,2,True
209,2090.0,0.0,13,R3,A2,True,7043863.120225582,500000.0,3,False
209,2090.0,0.0,13,R4,A3,True,7830535.74603555,500000.0,1,False
209,2090.0,0.0,13,R4,A4,True,6768677.67382266,500000.0,4,False
210,2100.0,0.0,13,M1,R1,True,7830535.74603555,1000000.0,1,False
210,2100.0,0.0,13,M1,R2,True,4262878.062879512,1000000.0,2,True
210,2100.0,0.0,13,M1,R3,True,6768677.673822663,1000000.0,4,False
210,2100.0,0.0,13,M1,R4,True,7043863.120225582,1000000.0,3,False
210,2100.0,0.0,13,R1,S1,True,4222312.7725459235,500000.0,2,True
210,2100.0,0.0,13,R1,S2,True,7043863.120225582,500000.0,3,False
210,2100.0,0.0,13,R2,S3,True,7830535.74603555,500000.0,1,False
210,2100.0,0.0,13,R2,S4,True,6768677.67382266,500000.0,4,False
210,2100.0,0.0,13,R3,A1,True,4342697.313877061,500000.0,2,True
210,2100.0,0.0,13,R3,A2,True,7043863.120225582,500000.0,3,False
210,2100.0,0.0,13,R4,A3,True,7830535.74603555,500000.0,1,False
210,2100.0,0.0,13,R4,A4,True,6768677.67382266,500000.0,4,False
211,2110.0,0.0,13,M1,R1,True,7830535.74603555,1000000.0,1,False
211,2110.0,0.0,13,M1,R2,True,4261055.2512995945,1000000.0,2,True
211,2110.0,0.0,13,M1,R3,True,6768677.673822663,1000000.0,4,False
211,2110.0,0.0,13,M1,R4,True,7043863.120225582,1000000.0,3,False
211,2110.0,0.0,13,R1,S1,True,4220437.107927941,500000.0,2,True
211,2110.0,0.0,13,R1,S2,True,7043863.120225582,500000.0,3,False
211,2110.0,0.0,13,R2,S3,True,7830535.74603555,500000.0,1,False
211,2110.0,0.0,13,R2,S4,True,6768677.67382266,500000.0,4,False
211,2110.0,0.0,13,R3,A1,True,4340977.193265666,500000.0,2,True
211,2110.0,0.0,13,R3,A2,True,7043863.120225582,500000.0,3,False
211,2110.0,0.0,13,R4,A3,True,7830535.74603555,500000.0,1,False
211,2110.0,0.0,13,R4,A4,True,6768677.67382266,500000.0,4,False
212,2120.0,0.0,13,M1,R1,True,7830535.74603555,1000000.0,1,False
212,2120.0,0.0,13,M1,R2,True,4259230.049499267,1000000.0,2,True
212,2120.0,0.0,13,M1,R3,True,6768677.673822663,1000000.0,4,False
212,2120.0,0.0,13,M1,R4,True,7043863.120225582,1000000.0,3,False
212,2120.0,0.0,13,R1,S1,True,4218558.921030851,500000.0,2,True
212,2120.0,0.0,13,R1,S2,True,7043863.120225582,500000.0,3,False
212,2120.0,0.0,13,R2,S3,True,7830535.74603555,500000.0,1,False
212,2120.0,0.0,13,R2,S4,True,6768677.67382266,500000.0,4,False
212,2120.0,0.0,13,R3,A1,True,4339254.935690362,500000.0,2,True
212,2120.0,0.0,13,R3,A2,True,7043863.120225582,500000.0,3,False
212,2120.0,0.0,13,R4,A3,True,7830535.74603555,500000.0,1,False
212,2120.0,0.0,13,R4,A4,True,6768677.67382266,500000.0,4,False
213,2130.0,0.0,13,M1,R1,True,7830535.74603555,1000000.0,1,False
213,2130.0,0.0,13,M1,R2,True,4257402.45146019,1000000.0,2,True
213,2130.0,0.0,13,M1,R3,True,6768677.673822663,1000000.0,4,False
213,2130.0,0.0,13,M1,R4,True,7043863.120225582,1000000.0,3,False
213,2130.0,0.0,13,R1,S1,True,4216678.205337484,500000.0,2,True
213,2130.0,0.0,13,R1,S2,True,7043863.120225582,500000.0,3,False
213,2130.0,0.0,13,R2,S3,True,7830535.74603555,500000.0,1,False
213,2130.0,0.0,13,R2,S4,True,6768677.67382266,500000.0,4,False
213,2130.0,0.0,13,R3,A1,True,4337530.536078849,500000.0,2,True
213,2130.0,0.0,13,R3,A2,True,7043863.120225582,500000.0,3,False
213,2130.0,0.0,13,R4,A3,True,7830535.74603555,500000.0,1,False
213,2130.0,0.0,13,R4,A4,True,6768677.67382266,500000.0,4,False
214,2140.0,0.0,13,M1,R1,True,7830535.74603555,1000000.0,1,False
214,2140.0,0.0,13,M1,R2,True,4255572.4511410985,1000000.0,2,True
214,2140.0,0.0,13,M1,R3,True,6768677.673822663,1000000.0,4,False
214,2140.0,0.0,13,M1,R4,True,7043863.120225582,1000000.0,3,False
214,2140.0,0.0,13,R1,S1,True,4214794.954305214,500000.0,2,True
214,2140.0,0.0,13,R1,S2,True,7043863.120225582,500000.0,3,False
214,2140.0,0.0,13,R2,S3,True,7830535.74603555,500000.0,1,False
214,2140.0,0.0,13,R2,S4,True,6768677.67382266,500000.0,4,False
214,2140.0,0.0,13,R3,A1,True,4335803.989340602,500000.0,2,True
214,2140.0,0.0,13,R3,A2,True,7043863.120225582,500000.0,3,False
214,2140.0,0.0,13,R4,A3,True,7830535.74603555,500000.0,1,False
214,2140.0,0.0,13,R4,A4,True,6768677.67382266,500000.0,4,False
215,2150.0,0.0,13,M1,R1,True,7830535.74603555,1000000.0,1,False
215,2150.0,0.0,13,M1,R2,True,4253740.0424776515,1000000.0,2,True
215,2150.0,0.0,13,M1,R3,True,6768677.673822663,1000000.0,4,False
215,2150.0,0.0,13,M1,R4,True,7043863.120225582,1000000.0,3,False
215,2150.0,0.0,13,R1,S1,True,4212909.161365833,500000.0,2,True
215,2150.0,0.0,13,R1,S2,True,7043863.120225582,500000.0,3,False
215,2150.0,0.0,13,R2,S3,True,7830535.74603555,500000.0,1,False
215,2150.0,0.0,13,R2,S4,True,6768677.67382266,500000.0,4,False
215,2150.0,0.0,13,R3,A1,True,4334075.29036677,500000.0,2,True
215,2150.0,0.0,13,R3,A2,True,7043863.120225582,500000.0,3,False
215,2150.0,0.0,13,R4,A3,True,7830535.74603555,500000.0,1,False
215,2150.0,0.0,13,R4,A4,True,6768677.67382266,500000.0,4,False
216,2160.0,0.0,13,M1,R1,True,7830535.74603555,1000000.0,1,False
216,2160.0,0.0,13,M1,R2,True,4251905.219382346,1000000.0,2,True
216,2160.0,0.0,13,M1,R3,True,6768677.673822663,1000000.0,4,False
216,2160.0,0.0,13,M1,R4,True,7043863.120225582,1000000.0,3,False
216,2160.0,0.0,13,R1,S1,True,4211020.819925432,500000.0,2,True
216,2160.0,0.0,13,R1,S2,True,7043863.120225582,500000.0,3,False
216,2160.0,0.0,13,R2,S3,True,7830535.74603555,500000.0,1,False
216,2160.0,0.0,13,R2,S4,True,6768677.67382266,500000.0,4,False
216,2160.0,0.0,13,R3,A1,True,4332344.4340300895,500000.0,2,True
216,2160.0,0.0,13,R3,A2,True,7043863.120225582,500000.0,3,False
216,2160.0,0.0,13,R4,A3,True,7830535.74603555,500000.0,1,False
216,2160.0,0.0,13,R4,A4,True,6768677.67382266,500000.0,4,False
217,2170.0,0.0,13,M1,R1,True,7830535.74603555,1000000.0,1,False
217,2170.0,0.0,13,M1,R2,True,4250067.975744371,1000000.0,2,True
217,2170.0,0.0,13,M1,R3,True,6768677.673822663,1000000.0,4,False
217,2170.0,0.0,13,M1,R4,True,7043863.120225582,1000000.0,3,False
217,2170.0,0.0,13,R1,S1,True,4209129.923364261,500000.0,2,True
217,2170.0,0.0,13,R1,S2,True,7043863.120225582,500000.0,3,False
217,2170.0,0.0,13,R2,S3,True,7830535.74603555,500000.0,1,False
217,2170.0,0.0,13,R2,S4,True,6768677.67382266,500000.0,4,False
217,2170.0,0.0,13,R3,A1,True,4330611.415184786,500000.0,2,True
217,2170.0,0.0,13,R3,A2,True,7043863.120225582,500000.0,3,False
217,2170.0,0.0,13,R4,A3,True,7830535.74603555,500000.0,1,False
217,2170.0,0.0,13,R4,A4,True,6768677.67382266,500000.0,4,False
218,2180.0,0.0,13,M1,R1,True,7830535.74603555,1000000.0,1,False
218,2180.0,0.0,13,M1,R2,True,4248228.305429525,1000000.0,2,True
218,2180.0,0.0,13,M1,R3,True,6768677.673822663,1000000.0,4,False
218,2180.0,0.0,13,M1,R4,True,7043863.120225582,1000000.0,3,False
218,2180.0,0.0,13,R1,S1,True,4207236.465036579,500000.0,2,True
218,2180.0,0.0,13,R1,S2,True,7043863.120225582,500000.0,3,False
218,2180.0,0.0,13,R2,S3,True,7830535.74603555,500000.0,1,False
218,2180.0,0.0,13,R2,S4,True,6768677.67382266,500000.0,4,False
218,2180.0,0.0,13,R3,A1,True,4328876.228666514,500000.0,2,True
218,2180.0,0.0,13,R3,A2,True,7043863.120225582,500000.0,3,False
218,2180.0,0.0,13,R4,A3,True,7830535.74603555,500000.0,1,False
218,2180.0,0.0,13,R4,A4,True,6768677.67382266,500000.0,4,False
219,2190.0,0.0,13,M1,R1,True,7830535.74603555,1000000.0,1,False
219,2190.0,0.0,13,M1,R2,True,4246386.202280051,1000000.0,2,True
219,2190.0,0.0,13,M1,R3,True,6768677.673822663,1000000.0,4,False
219,2190.0,0.0,13,M1,R4,True,7043863.120225582,1000000.0,3,False
219,2190.0,0.0,13,R1,S1,True,4205340.438270539,500000.0,2,True
219,2190.0,0.0,13,R1,S2,True,7043863.120225582,500000.0,3,False
219,2190.0,0.0,13,R2,S3,True,7830535.74603555,500000.0,1,False
219,2190.0,0.0,13,R2,S4,True,6768677.67382266,500000.0,4,False
219,2190.0,0.0,13,R3,A1,True,4327138.869292239,500000.0,2,True
219,2190.0,0.0,13,R3,A2,True,7043863.120225582,500000.0,3,False
219,2190.0,0.0,13,R4,A3,True,7830535.74603555,500000.0,1,False
219,2190.0,0.0,13,R4,A4,True,6768677.67382266,500000.0,4,False
220,2200.0,0.0,13,M1,R1,True,7830535.74603555,1000000.0,1,False
220,2200.0,0.0,13,M1,R2,True,4244541.660114559,1000000.0,2,True
220,2200.0,0.0,13,M1,R3,True,6768677.673822663,1000000.0,4,False
220,2200.0,0.0,13,M1,R4,True,7043863.120225582,1000000.0,3,False
220,2200.0,0.0,13,R1,S1,True,4203441.83636804,500000.0,2,True
220,2200.0,0.0,13,R1,S2,True,7043863.120225582,500000.0,3,False
220,2200.0,0.0,13,R2,S3,True,7830535.74603555,500000.0,1,False
220,2200.0,0.0,13,R2,S4,True,6768677.67382266,500000.0,4,False
220,2200.0,0.0,13,R3,A1,True,4325399.331860158,500000.0,2,True
220,2200.0,0.0,13,R3,A2,True,7043863.120225582,500000.0,3,False
220,2200.0,0.0,13,R4,A3,True,7830535.74603555,500000.0,1,False
220,2200.0,0.0,13,R4,A4,True,6768677.67382266,500000.0,4,False
221,2210.0,0.0,13,M1,R1,True,7830535.74603555,1000000.0,1,False
221,2210.0,0.0,13,M1,R2,True,4242694.672727876,1000000.0,2,True
221,2210.0,0.0,13,M1,R3,True,6768677.673822663,1000000.0,4,False
221,2210.0,0.0,13,M1,R4,True,7043863.120225582,1000000.0,3,False
221,2210.0,0.0,13,R1,S1,True,4201540.6526046,500000.0,2,True
221,2210.0,0.0,13,R1,S2,True,7043863.120225582,500000.0,3,False
221,2210.0,0.0,13,R2,S3,True,7830535.74603555,500000.0,1,False
221,2210.0,0.0,13,R2,S4,True,6768677.67382266,500000.0,4,False
221,2210.0,0.0,13,R3,A1,True,4323657.611149625,500000.0,2,True
221,2210.0,0.0,13,R3,A2,True,7043863.120225582,500000.0,3,False
221,2210.0,0.0,13,R4,A3,True,7830535.74603555,500000.0,1,False
221,2210.0,0.0,13,R4,A4,True,6768677.67382266,500000.0,4,False
222,2220.0,0.0,13,M1,R1,True,7830535.74603555,1000000.0,1,False
222,2220.0,0.0,13,M1,R2,True,4240845.233890942,1000000.0,2,True
222,2220.0,0.0,13,M1,R3,True,6768677.673822663,1000000.0,4,False
222,2220.0,0.0,13,M1,R4,True,7043863.120225582,1000000.0,3,False
222,2220.0,0.0,13,R1,S1,True,4199636.880229194,500000.0,2,True
222,2220.0,0.0,13,R1,S2,True,7043863.120225582,500000.0,3,False
222,2220.0,0.0,13,R2,S3,True,7830535.74603555,500000.0,1,False
222,2220.0,0.0,13,R2,S4,True,6768677.67382266,500000.0,4,False
222,2220.0,0.0,13,R3,A1,True,4321913.70192102,500000.0,2,True
222,2220.0,0.0,13,R3,A2,True,7043863.120225582,500000.0,3,False
222,2220.0,0.0,13,R4,A3,True,7830535.74603555,500000.0,1,False
222,2220.0,0.0,13,R4,A4,True,6768677.67382266,500000.0,4,False
223,2230.0,0.0,13,M1,R1,True,7830535.74603555,1000000.0,1,False
223,2230.0,0.0,13,M1,R2,True,4238993.337350674,1000000.0,2,True
223,2230.0,0.0,13,M1,R3,True,6768677.673822663,1000000.0,4,False
223,2230.0,0.0,13,M1,R4,True,7043863.120225582,1000000.0,3,False
223,2230.0,0.0,13,R1,S1,True,4197730.512464147,500000.0,2,True
223,2230.0,0.0,13,R1,S2,True,7043863.120225582,500000.0,3,False
223,2230.0,0.0,13,R2,S3,True,7830535.74603555,500000.0,1,False
223,2230.0,0.0,13,R2,S4,True,6768677.67382266,500000.0,4,False
223,2230.0,0.0,13,R3,A1,True,4320167.598915701,500000.0,2,True
223,2230.0,0.0,13,R3,A2,True,7043863.120225582,500000.0,3,False
223,2230.0,0.0,13,R4,A3,True,7830535.74603555,500000.0,1,False
223,2230.0,0.0,13,R4,A4,True,6768677.67382266,500000.0,4,False
224,2240.0,0.0,13,M1,R1,True,7830535.74603555,1000000.0,1,False
224,2240.0,0.0,13,M1,R2,True,4237138.976829851,1000000.0,2,True
224,2240.0,0.0,13,M1,R3,True,6768677.673822663,1000000.0,4,False
224,2240.0,0.0,13,M1,R4,True,7043863.120225582,1000000.0,3,False
224,2240.0,0.0,13,R1,S1,True,4195821.542504983,500000.0,2,True
224,2240.0,0.0,13,R1,S2,True,7043863.120225582,500000.0,3,False
224,2240.0,0.0,13,R2,S3,True,7830535.74603555,500000.0,1,False
224,2240.0,0.0,13,R2,S4,True,6768677.67382266,500000.0,4,False
224,2240.0,0.0,13,R3,A1,True,4318419.296855875,500000.0,2,True
224,2240.0,0.0,13,R3,A2,True,7043863.120225582,500000.0,3,False
224,2240.0,0.0,13,R4,A3,True,7830535.74603555,500000.0,1,False
224,2240.0,0.0,13,R4,A4,True,6768677.67382266,500000.0,4,False
225,2250.0,0.0,13,M1,R1,True,7830535.74603555,1000000.0,1,False
225,2250.0,0.0,13,M1,R2,True,4235282.146026989,1000000.0,2,True
225,2250.0,0.0,13,M1,R3,True,6768677.673822663,1000000.0,4,False
225,2250.0,0.0,13,M1,R4,True,7043863.120225582,1000000.0,3,False
225,2250.0,0.0,13,R1,S1,True,4193909.9635202615,500000.0,2,True
225,2250.0,0.0,13,R1,S2,True,7043863.120225582,500000.0,3,False
225,2250.0,0.0,13,R2,S3,True,7830535.74603555,500000.0,1,False
225,2250.0,0.0,13,R2,S4,True,6768677.67382266,500000.0,4,False
225,2250.0,0.0,13,R3,A1,True,4316668.790444552,500000.0,2,True
225,2250.0,0.0,13,R3,A2,True,7043863.120225582,500000.0,3,False
225,2250.0,0.0,13,R4,A3,True,7830535.74603555,500000.0,1,False
225,2250.0,0.0,13,R4,A4,True,6768677.67382266,500000.0,4,False
226,2260.0,0.0,13,M1,R1,True,7830535.74603555,1000000.0,1,False
226,2260.0,0.0,13,M1,R2,True,4233422.8386162175,1000000.0,2,True
226,2260.0,0.0,13,M1,R3,True,6768677.673822663,1000000.0,4,False
226,2260.0,0.0,13,M1,R4,True,7043863.120225582,1000000.0,3,False
226,2260.0,0.0,13,R1,S1,True,4191995.76865147,500000.0,2,True
226,2260.0,0.0,13,R1,S2,True,7043863.120225582,500000.0,3,False
226,2260.0,0.0,13,R2,S3,True,7830535.74603555,500000.0,1,False
226,2260.0,0.0,13,R2,S4,True,6768677.67382266,500000.0,4,False
226,2260.0,0.0,13,R3,A1,True,4314916.0743654035,500000.0,2,True
226,2260.0,0.0,13,R3,A2,True,7043863.120225582,500000.0,3,False
226,2260.0,0.0,13,R4,A3,True,7830535.74603555,500000.0,1,False
226,2260.0,0.0,13,R4,A4,True,6768677.67382266,500000.0,4,False
227,2270.0,0.0,13,M1,R1,True,7830535.74603555,1000000.0,1,False
227,2270.0,0.0,13,M1,R2,True,4231561.048247148,1000000.0,2,True
227,2270.0,0.0,13,M1,R3,True,6768677.673822663,1000000.0,4,False
227,2270.0,0.0,13,M1,R4,True,7043863.120225582,1000000.0,3,False
227,2270.0,0.0,13,R1,S1,True,4190078.951012861,500000.0,2,True
227,2270.0,0.0,13,R1,S2,True,7043863.120225582,500000.0,3,False
227,2270.0,0.0,13,R2,S3,True,7830535.74603555,500000.0,1,False
227,2270.0,0.0,13,R2,S4,True,6768677.67382266,500000.0,4,False
227,2270.0,0.0,13,R3,A1,True,4313161.143282681,500000.0,2,True
227,2270.0,0.0,13,R3,A2,True,7043863.120225582,500000.0,3,False
227,2270.0,0.0,13,R4,A3,True,7830535.74603555,500000.0,1,False
227,2270.0,0.0,13,R4,A4,True,6768677.67382266,500000.0,4,False
228,2280.0,0.0,13,M1,R1,True,7830535.74603555,1000000.0,1,False
228,2280.0,0.0,13,M1,R2,True,4229696.768544757,1000000.0,2,True
228,2280.0,0.0,13,M1,R3,True,6768677.673822663,1000000.0,4,False
228,2280.0,0.0,13,M1,R4,True,7043863.120225582,1000000.0,3,False
228,2280.0,0.0,13,R1,S1,True,4188159.5036913026,500000.0,2,True
228,2280.0,0.0,13,R1,S2,True,7043863.120225582,500000.0,3,False
228,2280.0,0.0,13,R2,S3,True,7830535.74603555,500000.0,1,False
228,2280.0,0.0,13,R2,S4,True,6768677.67382266,500000.0,4,False
228,2280.0,0.0,13,R3,A1,True,4311403.991841148,500000.0,2,True
228,2280.0,0.0,13,R3,A2,True,7043863.120225582,500000.0,3,False
228,2280.0,0.0,13,R4,A3,True,7830535.74603555,500000.0,1,False
228,2280.0,0.0,13,R4,A4,True,6768677.67382266,500000.0,4,False
229,2290.0,0.0,13,M1,R1,True,7830535.74603555,1000000.0,1,False
229,2290.0,0.0,13,M1,R2,True,4227829.993109239,1000000.0,2,True
229,2290.0,0.0,13,M1,R3,True,6768677.673822663,1000000.0,4,False
229,2290.0,0.0,13,M1,R4,True,7043863.120225582,1000000.0,3,False
229,2290.0,0.0,13,R1,S1,True,4186237.419746165,500000.0,2,True
229,2290.0,0.0,13,R1,S2,True,7043863.120225582,500000.0,3,False
229,2290.0,0.0,13,R2,S3,True,7830535.74603555,500000.0,1,False
229,2290.0,0.0,13,R2,S4,True,6768677.67382266,500000.0,4,False
229,2290.0,0.0,13,R3,A1,True,4309644.614665959,500000.0,2,True
229,2290.0,0.0,13,R3,A2,True,7043863.120225582,500000.0,3,False
229,2290.0,0.0,13,R4,A3,True,7830535.74603555,500000.0,1,False
229,2290.0,0.0,13,R4,A4,True,6768677.67382266,500000.0,4,False
230,2300.0,0.0,13,M1,R1,True,7830535.74603555,1000000.0,1,False
230,2300.0,0.0,13,M1,R2,True,4225960.715515912,1000000.0,2,True
230,2300.0,0.0,13,M1,R3,True,6768677.673822663,1000000.0,4,False
230,2300.0,0.0,13,M1,R4,True,7043863.120225582,1000000.0,3,False
230,2300.0,0.0,13,R1,S1,True,4184312.692209139,500000.0,2,True
230,2300.0,0.0,13,R1,S2,True,7043863.120225582,500000.0,3,False
230,2300.0,0.0,13,R2,S3,True,7830535.74603555,500000.0,1,False
230,2300.0,0.0,13,R2,S4,True,6768677.67382266,500000.0,4,False
230,2300.0,0.0,13,R3,A1,True,4307883.0063625695,500000.0,2,True
230,2300.0,0.0,13,R3,A2,True,7043863.120225582,500000.0,3,False
230,2300.0,0.0,13,R4,A3,True,7830535.74603555,500000.0,1,False
230,2300.0,0.0,13,R4,A4,True,6768677.67382266,500000.0,4,False
231,2310.0,0.0,13,M1,R1,True,7830535.74603555,1000000.0,1,False
231,2310.0,0.0,13,M1,R2,True,4224088.929315058,1000000.0,2,True
231,2310.0,0.0,13,M1,R3,True,6768677.673822663,1000000.0,4,False
231,2310.0,0.0,13,M1,R4,True,7043863.120225582,1000000.0,3,False
231,2310.0,0.0,13,R1,S1,True,4182385.314084108,500000.0,2,True
231,2310.0,0.0,13,R1,S2,True,7043863.120225582,500000.0,3,False
231,2310.0,0.0,13,R2,S3,True,7830535.74603555,500000.0,1,False
231,2310.0,0.0,13,R2,S4,True,6768677.67382266,500000.0,4,False
231,2310.0,0.0,13,R3,A1,True,4306119.16151664,500000.0,2,True
231,2310.0,0.0,13,R3,A2,True,7043863.120225582,500000.0,3,False
231,2310.0,0.0,13,R4,A3,True,7830535.74603555,500000.0,1,False
231,2310.0,0.0,13,R4,A4,True,6768677.67382266,500000.0,4,False
232,2320.0,0.0,13,M1,R1,True,7830535.74603555,1000000.0,1,False
232,2320.0,0.0,13,M1,R2,True,4222214.628031795,1000000.0,2,True
232,2320.0,0.0,13,M1,R3,True,6768677.673822663,1000000.0,4,False
232,2320.0,0.0,13,M1,R4,True,7043863.120225582,1000000.0,3,False
232,2320.0,0.0,13,R1,S1,True,4180455.278346993,500000.0,2,True
232,2320.0,0.0,13,R1,S2,True,7043863.120225582,500000.0,3,False
232,2320.0,0.0,13,R2,S3,True,7830535.74603555,500000.0,1,False
232,2320.0,0.0,13,R2,S4,True,6768677.67382266,500000.0,4,False
232,2320.0,0.0,13,R3,A1,True,4304353.074693953,500000.0,2,True
232,2320.0,0.0,13,R3,A2,True,7043863.120225582,500000.0,3,False
232,2320.0,0.0,13,R4,A3,True,7830535.74603555,500000.0,1,False
232,2320.0,0.0,13,R4,A4,True,6768677.67382266,500000.0,4,False
233,2330.0,0.0,13,M1,R1,True,7830535.74603555,1000000.0,1,False
233,2330.0,0.0,13,M1,R2,True,4220337.805165978,1000000.0,2,True
233,2330.0,0.0,13,M1,R3,True,6768677.673822663,1000000.0,4,False
233,2330.0,0.0,13,M1,R4,True,7043863.120225582,1000000.0,3,False
233,2330.0,0.0,13,R1,S1,True,4178522.5779456203,500000.0,2,True
233,2330.0,0.0,13,R1,S2,True,7043863.120225582,500000.0,3,False
233,2330.0,0.0,13,R2,S3,True,7830535.74603555,500000.0,1,False
233,2330.0,0.0,13,R2,S4,True,6768677.67382266,500000.0,4,False
233,2330.0,0.0,13,R3,A1,True,4302584.740440285,500000.0,2,True
233,2330.0,0.0,13,R3,A2,True,7043863.120225582,500000.0,3,False
233,2330.0,0.0,13,R4,A3,True,7830535.74603555,500000.0,1,False
233,2330.0,0.0,13,R4,A4,True,6768677.67382266,500000.0,4,False
234,2340.0,0.0,13,M1,R1,True,7830535.74603555,1000000.0,1,False
234,2340.0,0.0,13,M1,R2,True,4218458.454192026,1000000.0,2,True
234,2340.0,0.0,13,M1,R3,True,6768677.673822663,1000000.0,4,False
234,2340.0,0.0,13,M1,R4,True,7043863.120225582,1000000.0,3,False
234,2340.0,0.0,13,R1,S1,True,4176587.2057995414,500000.0,2,True
234,2340.0,0.0,13,R1,S2,True,7043863.120225582,500000.0,3,False
234,2340.0,0.0,13,R2,S3,True,7830535.74603555,500000.0,1,False
234,2340.0,0.0,13,R2,S4,True,6768677.67382266,500000.0,4,False
234,2340.0,0.0,13,R3,A1,True,4300814.153281343,500000.0,2,True
234,2340.0,0.0,13,R3,A2,True,7043863.120225582,500000.0,3,False
234,2340.0,0.0,13,R4,A3,True,7830535.74603555,500000.0,1,False
234,2340.0,0.0,13,R4,A4,True,6768677.67382266,500000.0,4,False
235,2350.0,0.0,13,M1,R1,True,7830535.74603555,1000000.0,1,False
235,2350.0,0.0,13,M1,R2,True,4216576.568558826,1000000.0,2,True
235,2350.0,0.0,13,M1,R3,True,6768677.673822663,1000000.0,4,False
235,2350.0,0.0,13,M1,R4,True,7043863.120225582,1000000.0,3,False
235,2350.0,0.0,13,R1,S1,True,4174649.154799921,500000.0,2,True
235,2350.0,0.0,13,R1,S2,True,7043863.120225582,500000.0,3,False
235,2350.0,0.0,13,R2,S3,True,7830535.74603555,500000.0,1,False
235,2350.0,0.0,13,R2,S4,True,6768677.67382266,500000.0,4,False
235,2350.0,0.0,13,R3,A1,True,4299041.307722653,500000.0,2,True
235,2350.0,0.0,13,R3,A2,True,7043863.120225582,500000.0,3,False
235,2350.0,0.0,13,R4,A3,True,7830535.74603555,500000.0,1,False
235,2350.0,0.0,13,R4,A4,True,6768677.67382266,500000.0,4,False
236,2360.0,0.0,13,M1,R1,True,7830535.74603555,1000000.0,1,False
236,2360.0,0.0,13,M1,R2,True,4214692.141689561,1000000.0,2,True
236,2360.0,0.0,13,M1,R3,True,6768677.673822663,1000000.0,4,False
236,2360.0,0.0,13,M1,R4,True,7043863.120225582,1000000.0,3,False
236,2360.0,0.0,13,R1,S1,True,4172708.417809357,500000.0,2,True
236,2360.0,0.0,13,R1,S2,True,7043863.120225582,500000.0,3,False
236,2360.0,0.0,13,R2,S3,True,7830535.74603555,500000.0,1,False
236,2360.0,0.0,13,R2,S4,True,6768677.67382266,500000.0,4,False
236,2360.0,0.0,13,R3,A1,True,4297266.198249449,500000.0,2,True
236,2360.0,0.0,13,R3,A2,True,7043863.120225582,500000.0,3,False
236,2360.0,0.0,13,R4,A3,True,7830535.74603555,500000.0,1,False
236,2360.0,0.0,13,R4,A4,True,6768677.67382266,500000.0,4,False
237,2370.0,0.0,13,M1,R1,True,7830535.74603555,1000000.0,1,False
237,2370.0,0.0,13,M1,R2,True,4212805.166981622,1000000.0,2,True
237,2370.0,0.0,13,M1,R3,True,6768677.673822663,1000000.0,4,False
237,2370.0,0.0,13,M1,R4,True,7043863.120225582,1000000.0,3,False
237,2370.0,0.0,13,R1,S1,True,4170764.987661732,500000.0,2,True
237,2370.0,0.0,13,R1,S2,True,7043863.120225582,500000.0,3,False
237,2370.0,0.0,13,R2,S3,True,7830535.74603555,500000.0,1,False
237,2370.0,0.0,13,R2,S4,True,6768677.67382266,500000.0,4,False
237,2370.0,0.0,13,R3,A1,True,4295488.81932659,500000.0,2,True
237,2370.0,0.0,13,R3,A2,True,7043863.120225582,500000.0,3,False
237,2370.0,0.0,13,R4,A3,True,7830535.74603555,500000.0,1,False
237,2370.0,0.0,13,R4,A4,True,6768677.67382266,500000.0,4,False
238,2380.0,0.0,13,M1,R1,True,7830535.74603555,1000000.0,1,False
238,2380.0,0.0,13,M1,R2,True,4210915.637806432,1000000.0,2,True
238,2380.0,0.0,13,M1,R3,True,6768677.673822663,1000000.0,4,False
238,2380.0,0.0,13,M1,R4,True,7043863.120225582,1000000.0,3,False
238,2380.0,0.0,13,R1,S1,True,4168818.85716207,500000.0,2,True
238,2380.0,0.0,13,R1,S2,True,7043863.120225582,500000.0,3,False
238,2380.0,0.0,13,R2,S3,True,7830535.74603555,500000.0,1,False
238,2380.0,0.0,13,R2,S4,True,6768677.67382266,500000.0,4,False
238,2380.0,0.0,13,R3,A1,True,4293709.165398444,500000.0,2,True
238,2380.0,0.0,13,R3,A2,True,7043863.120225582,500000.0,3,False
238,2380.0,0.0,13,R4,A3,True,7830535.74603555,500000.0,1,False
238,2380.0,0.0,13,R4,A4,True,6768677.67382266,500000.0,4,False
239,2390.0,0.0,13,M1,R1,True,7830535.74603555,1000000.0,1,False
239,2390.0,0.0,13,M1,R2,True,4209023.54750933,1000000.0,2,True
239,2390.0,0.0,13,M1,R3,True,6768677.673822663,1000000.0,4,False
239,2390.0,0.0,13,M1,R4,True,7043863.120225582,1000000.0,3,False
239,2390.0,0.0,13,R1,S1,True,4166870.019086382,500000.0,2,True
239,2390.0,0.0,13,R1,S2,True,7043863.120225582,500000.0,3,False
239,2390.0,0.0,13,R2,S3,True,7830535.74603555,500000.0,1,False
239,2390.0,0.0,13,R2,S4,True,6768677.67382266,500000.0,4,False
239,2390.0,0.0,13,R3,A1,True,4291927.230888812,500000.0,2,True
239,2390.0,0.0,13,R3,A2,True,7043863.120225582,500000.0,3,False
239,2390.0,0.0,13,R4,A3,True,7830535.74603555,500000.0,1,False
239,2390.0,0.0,13,R4,A4,True,6768677.67382266,500000.0,4,False
240,2400.0,0.0,13,M1,R1,True,7830535.74603555,1000000.0,1,False
240,2400.0,0.0,13,M1,R2,True,4207128.8894094415,1000000.0,2,True
240,2400.0,0.0,13,M1,R3,True,6768677.673822663,1000000.0,4,False
240,2400.0,0.0,13,M1,R4,True,7043863.120225582,1000000.0,3,False
240,2400.0,0.0,13,R1,S1,True,4164918.466181492,500000.0,2,True
240,2400.0,0.0,13,R1,S2,True,7043863.120225582,500000.0,3,False
240,2400.0,0.0,13,R2,S3,True,7830535.74603555,500000.0,1,False
240,2400.0,0.0,13,R2,S4,True,6768677.67382266,500000.0,4,False
240,2400.0,0.0,13,R3,A1,True,4290143.0102008,500000.0,2,True
240,2400.0,0.0,13,R3,A2,True,7043863.120225582,500000.0,3,False
240,2400.0,0.0,13,R4,A3,True,7830535.74603555,500000.0,1,False
240,2400.0,0.0,13,R4,A4,True,6768677.67382266,500000.0,4,False
241,2410.0,0.0,13,M1,R1,True,7830535.74603555,1000000.0,1,False
241,2410.0,0.0,13,M1,R2,True,4205231.656799521,1000000.0,2,True
241,2410.0,0.0,13,M1,R3,True,6768677.673822663,1000000.0,4,False
241,2410.0,0.0,13,M1,R4,True,7043863.120225582,1000000.0,3,False
241,2410.0,0.0,13,R1,S1,True,4162964.1911649024,500000.0,2,True
241,2410.0,0.0,13,R1,S2,True,7043863.120225582,500000.0,3,False
241,2410.0,0.0,13,R2,S3,True,7830535.74603555,500000.0,1,False
241,2410.0,0.0,13,R2,S4,True,6768677.67382266,500000.0,4,False
241,2410.0,0.0,13,R3,A1,True,4288356.497716735,500000.0,2,True
241,2410.0,0.0,13,R3,A2,True,7043863.120225582,500000.0,3,False
241,2410.0,0.0,13,R4,A3,True,7830535.74603555,500000.0,1,False
241,2410.0,0.0,13,R4,A4,True,6768677.67382266,500000.0,4,False
242,2420.0,0.0,13,M1,R1,True,7830535.74603555,1000000.0,1,False
242,2420.0,0.0,13,M1,R2,True,4203331.842945826,1000000.0,2,True
242,2420.0,0.0,13,M1,R3,True,6768677.673822663,1000000.0,4,False
242,2420.0,0.0,13,M1,R4,True,7043863.120225582,1000000.0,3,False
242,2420.0,0.0,13,R1,S1,True,4161007.18672463,500000.0,2,True
242,2420.0,0.0,13,R1,S2,True,7043863.120225582,500000.0,3,False
242,2420.0,0.0,13,R2,S3,True,7830535.74603555,500000.0,1,False
242,2420.0,0.0,13,R2,S4,True,6768677.67382266,500000.0,4,False
242,2420.0,0.0,13,R3,A1,True,4286567.687798039,500000.0,2,True
242,2420.0,0.0,13,R3,A2,True,7043863.120225582,500000.0,3,False
242,2420.0,0.0,13,R4,A3,True,7830535.74603555,500000.0,1,False
242,2420.0,0.0,13,R4,A4,True,6768677.67382266,500000.0,4,False
243,2430.0,0.0,13,M1,R1,True,7830535.74603555,1000000.0,1,False
243,2430.0,0.0,13,M1,R2,True,4201429.441087984,1000000.0,2,True
243,2430.0,0.0,13,M1,R3,True,6768677.673822663,1000000.0,4,False
243,2430.0,0.0,13,M1,R4,True,7043863.120225582,1000000.0,3,False
243,2430.0,0.0,13,R1,S1,True,4159047.4455190394,500000.0,2,True
243,2430.0,0.0,13,R1,S2,True,7043863.120225582,500000.0,3,False
243,2430.0,0.0,13,R2,S3,True,7830535.74603555,500000.0,1,False
243,2430.0,0.0,13,R2,S4,True,6768677.67382266,500000.0,4,False
243,2430.0,0.0,13,R3,A1,True,4284776.574785167,500000.0,2,True
243,2430.0,0.0,13,R3,A2,True,7043863.120225582,500000.0,3,False
243,2430.0,0.0,13,R4,A3,True,7830535.74603555,500000.0,1,False
243,2430.0,0.0,13,R4,A4,True,6768677.67382266,500000.0,4,False
244,2440.0,0.0,13,M1,R1,True,7830535.74603555,1000000.0,1,False
244,2440.0,0.0,13,M1,R2,True,4199524.444438827,1000000.0,2,True
244,2440.0,0.0,13,M1,R3,True,6768677.673822663,1000000.0,4,False
244,2440.0,0.0,13,M1,R4,True,7043863.120225582,1000000.0,3,False
244,2440.0,0.0,13,R1,S1,True,4157084.9601766956,500000.0,2,True
244,2440.0,0.0,13,R1,S2,True,7043863.120225582,500000.0,3,False
244,2440.0,0.0,13,R2,S3,True,7830535.74603555,500000.0,1,False
244,2440.0,0.0,13,R2,S4,True,6768677.67382266,500000.0,4,False
244,2440.0,0.0,13,R3,A1,True,4282983.152997458,500000.0,2,True
244,2440.0,0.0,13,R3,A2,True,7043863.120225582,500000.0,3,False
244,2440.0,0.0,13,R4,A3,True,7830535.74603555,500000.0,1,False
244,2440.0,0.0,13,R4,A4,True,6768677.67382266,500000.0,4,False
245,2450.0,0.0,13,M1,R1,True,7830535.74603555,1000000.0,1,False
245,2450.0,0.0,13,M1,R2,True,4197616.846184284,1000000.0,2,True
245,2450.0,0.0,13,M1,R3,True,6768677.673822663,1000000.0,4,False
245,2450.0,0.0,13,M1,R4,True,7043863.120225582,1000000.0,3,False
245,2450.0,0.0,13,R1,S1,True,4155119.7232961864,500000.0,2,True
245,2450.0,0.0,13,R1,S2,True,7043863.120225582,500000.0,3,False
245,2450.0,0.0,13,R2,S3,True,7830535.74603555,500000.0,1,False
245,2450.0,0.0,13,R2,S4,True,6768677.67382266,500000.0,4,False
245,2450.0,0.0,13,R3,A1,True,4281187.416733061,500000.0,2,True
245,2450.0,0.0,13,R3,A2,True,7043863.120225582,500000.0,3,False
245,2450.0,0.0,13,R4,A3,True,7830535.74603555,500000.0,1,False
245,2450.0,0.0,13,R4,A4,True,6768677.67382266,500000.0,4,False
246,2460.0,0.0,13,M1,R1,True,7830535.74603555,1000000.0,1,False
246,2460.0,0.0,13,M1,R2,True,4195706.639483211,1000000.0,2,True
246,2460.0,0.0,13,M1,R3,True,6768677.673822663,1000000.0,4,False
246,2460.0,0.0,13,M1,R4,True,7043863.120225582,1000000.0,3,False
246,2460.0,0.0,13,R1,S1,True,4153151.72744598,500000.0,2,True
246,2460.0,0.0,13,R1,S2,True,7043863.120225582,500000.0,3,False
246,2460.0,0.0,13,R2,S3,True,7830535.74603555,500000.0,1,False
246,2460.0,0.0,13,R2,S4,True,6768677.67382266,500000.0,4,False
246,2460.0,0.0,13,R3,A1,True,4279389.36026882,500000.0,2,True
246,2460.0,0.0,13,R3,A2,True,7043863.120225582,500000.0,3,False
246,2460.0,0.0,13,R4,A3,True,7830535.74603555,500000.0,1,False
246,2460.0,0.0,13,R4,A4,True,6768677.67382266,500000.0,4,False
247,2470.0,0.0,13,M1,R1,True,7830535.74603555,1000000.0,1,False
247,2470.0,0.0,13,M1,R2,True,4193793.8174672704,1000000.0,2,True
247,2470.0,0.0,13,M1,R3,True,6768677.673822663,1000000.0,4,False
247,2470.0,0.0,13,M1,R4,True,7043863.120225582,1000000.0,3,False
247,2470.0,0.0,13,R1,S1,True,4151180.9651642474,500000.0,2,True
247,2470.0,0.0,13,R1,S2,True,7043863.120225582,500000.0,3,False
247,2470.0,0.0,13,R2,S3,True,7830535.74603555,500000.0,1,False
247,2470.0,0.0,13,R2,S4,True,6768677.67382266,500000.0,4,False
247,2470.0,0.0,13,R3,A1,True,4277588.977860157,500000.0,2,True
247,2470.0,0.0,13,R3,A2,True,7043863.120225582,500000.0,3,False
247,2470.0,0.0,13,R4,A3,True,7830535.74603555,500000.0,1,False
247,2470.0,0.0,13,R4,A4,True,6768677.67382266,500000.0,4,False
248,2480.0,0.0,13,M1,R1,True,7830535.74603555,1000000.0,1,False
248,2480.0,0.0,13,M1,R2,True,4191878.373240764,1000000.0,2,True
248,2480.0,0.0,13,M1,R3,True,6768677.673822663,1000000.0,4,False
248,2480.0,0.0,13,M1,R4,True,7043863.120225582,1000000.0,3,False
248,2480.0,0.0,13,R1,S1,True,4149207.4289587145,500000.0,2,True
248,2480.0,0.0,13,R1,S2,True,7043863.120225582,500000.0,3,False
248,2480.0,0.0,13,R2,S3,True,7830535.74603555,500000.0,1,False
248,2480.0,0.0,13,R2,S4,True,6768677.67382266,500000.0,4,False
248,2480.0,0.0,13,R3,A1,True,4275786.263740993,500000.0,2,True
248,2480.0,0.0,13,R3,A2,True,7043863.120225582,500000.0,3,False
248,2480.0,0.0,13,R4,A3,True,7830535.74603555,500000.0,1,False
248,2480.0,0.0,13,R4,A4,True,6768677.67382266,500000.0,4,False
249,2490.0,0.0,13,M1,R1,True,7830535.74603555,1000000.0,1,False
249,2490.0,0.0,13,M1,R2,True,4189960.299880501,1000000.0,2,True
249,2490.0,0.0,13,M1,R3,True,6768677.673822663,1000000.0,4,False
249,2490.0,0.0,13,M1,R4,True,7043863.120225582,1000000.0,3,False
249,2490.0,0.0,13,R1,S1,True,4147231.111306466,500000.0,2,True
249,2490.0,0.0,13,R1,S2,True,7043863.120225582,500000.0,3,False
249,2490.0,0.0,13,R2,S3,True,7830535.74603555,500000.0,1,False
249,2490.0,0.0,13,R2,S4,True,6768677.67382266,500000.0,4,False
249,2490.0,0.0,13,R3,A1,True,4273981.212123605,500000.0,2,True
249,2490.0,0.0,13,R3,A2,True,7043863.120225582,500000.0,3,False
249,2490.0,0.0,13,R4,A3,True,7830535.74603555,500000.0,1,False
249,2490.0,0.0,13,R4,A4,True,6768677.67382266,500000.0,4,False
250,2500.0,0.0,13,M1,R1,True,7830535.74603555,1000000.0,1,False
250,2500.0,0.0,13,M1,R2,True,4188039.590435661,1000000.0,2,True
250,2500.0,0.0,13,M1,R3,True,6768677.673822663,1000000.0,4,False
250,2500.0,0.0,13,M1,R4,True,7043863.120225582,1000000.0,3,False
250,2500.0,0.0,13,R1,S1,True,4145252.0046538217,500000.0,2,True
250,2500.0,0.0,13,R1,S2,True,7043863.120225582,500000.0,3,False
250,2500.0,0.0,13,R2,S3,True,7830535.74603555,500000.0,1,False
250,2500.0,0.0,13,R2,S4,True,6768677.67382266,500000.0,4,False
250,2500.0,0.0,13,R3,A1,True,4272173.817198555,500000.0,2,True
250,2500.0,0.0,13,R3,A2,True,7043863.120225582,500000.0,3,False
250,2500.0,0.0,13,R4,A3,True,7830535.74603555,500000.0,1,False
250,2500.0,0.0,13,R4,A4,True,6768677.67382266,500000.0,4,False
251,2510.0,0.0,13,M1,R1,True,7830535.74603555,1000000.0,1,False
251,2510.0,0.0,13,M1,R2,True,4186116.2379276273,1000000.0,2,True
251,2510.0,0.0,13,M1,R3,True,6768677.673822663,1000000.0,4,False
251,2510.0,0.0,13,M1,R4,True,7043863.120225582,1000000.0,3,False
251,2510.0,0.0,13,R1,S1,True,4143270.1014161333,500000.0,2,True
251,2510.0,0.0,13,R1,S2,True,7043863.120225582,500000.0,3,False
251,2510.0,0.0,13,R2,S3,True,7830535.74603555,500000.0,1,False
251,2510.0,0.0,13,R2,S4,True,6768677.67382266,500000.0,4,False
251,2510.0,0.0,13,R3,A1,True,4270364.073101179,500000.0,2,True
251,2510.0,0.0,13,R3,A2,True,7043863.120225582,500000.0,3,False
251,2510.0,0.0,13,R4,A3,True,7830535.74603555,500000.0,1,False
251,2510.0,0.0,13,R4,A4,True,6768677.67382266,500000.0,4,False
252,2520.0,0.0,13,M1,R1,True,7830535.74603555,1000000.0,1,False
252,2520.0,0.0,13,M1,R2,True,4184190.2353498526,1000000.0,2,True
252,2520.0,0.0,13,M1,R3,True,6768677.673822663,1000000.0,4,False
252,2520.0,0.0,13,M1,R4,True,7043863.120225582,1000000.0,3,False
252,2520.0,0.0,13,R1,S1,True,4141285.393977638,500000.0,2,True
252,2520.0,0.0,13,R1,S2,True,7043863.120225582,500000.0,3,False
252,2520.0,0.0,13,R2,S3,True,7830535.74603555,500000.0,1,False
252,2520.0,0.0,13,R2,S4,True,6768677.67382266,500000.0,4,False
252,2520.0,0.0,13,R3,A1,True,4268551.974011431,500000.0,2,True
252,2520.0,0.0,13,R3,A2,True,7043863.120225582,500000.0,3,False
252,2520.0,0.0,13,R4,A3,True,7830535.74603555,500000.0,1,False
252,2520.0,0.0,13,R4,A4,True,6768677.67382266,500000.0,4,False
253,2530.0,0.0,13,M1,R1,True,7830535.74603555,1000000.0,1,False
253,2530.0,0.0,13,M1,R2,True,4182261.5756677077,1000000.0,2,True
253,2530.0,0.0,13,M1,R3,True,6768677.673822663,1000000.0,4,False
253,2530.0,0.0,13,M1,R4,True,7043863.120225582,1000000.0,3,False
253,2530.0,0.0,13,R1,S1,True,4139297.874691273,500000.0,2,True
253,2530.0,0.0,13,R1,S2,True,7043863.120225582,500000.0,3,False
253,2530.0,0.0,13,R2,S3,True,7830535.74603555,500000.0,1,False
253,2530.0,0.0,13,R2,S4,True,6768677.67382266,500000.0,4,False
253,2530.0,0.0,13,R3,A1,True,4266737.5140540255,500000.0,2,True
253,2530.0,0.0,13,R3,A2,True,7043863.120225582,500000.0,3,False
253,2530.0,0.0,13,R4,A3,True,7830535.74603555,500000.0,1,False
253,2530.0,0.0,13,R4,A4,True,6768677.67382266,500000.0,4,False
254,2540.0,0.0,13,M1,R1,True,7830535.74603555,1000000.0,1,False
254,2540.0,0.0,13,M1,R2,True,4180330.251818333,1000000.0,2,True
254,2540.0,0.0,13,M1,R3,True,6768677.673822663,1000000.0,4,False
254,2540.0,0.0,13,M1,R4,True,7043863.120225582,1000000.0,3,False
254,2540.0,0.0,13,R1,S1,True,4137307.535878522,500000.0,2,True
254,2540.0,0.0,13,R1,S2,True,7043863.120225582,500000.0,3,False
254,2540.0,0.0,13,R2,S3,True,7830535.74603555,500000.0,1,False
254,2540.0,0.0,13,R2,S4,True,6768677.67382266,500000.0,4,False
254,2540.0,0.0,13,R3,A1,True,4264920.687331477,500000.0,2,True
254,2540.0,0.0,13,R3,A2,True,7043863.120225582,500000.0,3,False
254,2540.0,0.0,13,R4,A3,True,7830535.74603555,500000.0,1,False
254,2540.0,0.0,13,R4,A4,True,6768677.67382266,500000.0,4,False
255,2550.0,0.0,13,M1,R1,True,7830535.74603555,1000000.0,1,False
255,2550.0,0.0,13,M1,R2,True,4178396.25671048,1000000.0,2,True
255,2550.0,0.0,13,M1,R3,True,6768677.673822663,1000000.0,4,False
255,2550.0,0.0,13,M1,R4,True,7043863.120225582,1000000.0,3,False
255,2550.0,0.0,13,R1,S1,True,4135314.3698292146,500000.0,2,True
255,2550.0,0.0,13,R1,S2,True,7043863.120225582,500000.0,3,False
255,2550.0,0.0,13,R2,S3,True,7830535.74603555,500000.0,1,False
255,2550.0,0.0,13,R2,S4,True,6768677.67382266,500000.0,4,False
255,2550.0,0.0,13,R3,A1,True,4263101.48792404,500000.0,2,True
255,2550.0,0.0,13,R3,A2,True,7043863.120225582,500000.0,3,False
255,2550.0,0.0,13,R4,A3,True,7830535.74603555,500000.0,1,False
255,2550.0,0.0,13,R4,A4,True,6768677.67382266,500000.0,4,False
256,2560.0,0.0,13,M1,R1,True,7830535.74603555,1000000.0,1,False
256,2560.0,0.0,13,M1,R2,True,4176459.583224365,1000000.0,2,True
256,2560.0,0.0,13,M1,R3,True,6768677.673822663,1000000.0,4,False
256,2560.0,0.0,13,M1,R4,True,7043863.120225582,1000000.0,3,False
256,2560.0,0.0,13,R1,S1,True,4133318.368801402,500000.0,2,True
256,2560.0,0.0,13,R1,S2,True,7043863.120225582,500000.0,3,False
256,2560.0,0.0,13,R2,S3,True,7830535.74603555,500000.0,1,False
256,2560.0,0.0,13,R2,S4,True,6768677.67382266,500000.0,4,False
256,2560.0,0.0,13,R3,A1,True,4261279.909889556,500000.0,2,True
256,2560.0,0.0,13,R3,A2,True,7043863.120225582,500000.0,3,False
256,2560.0,0.0,13,R4,A3,True,7830535.74603555,500000.0,1,False
256,2560.0,0.0,13,R4,A4,True,6768677.67382266,500000.0,4,False
257,2570.0,0.0,13,M1,R1,True,7830535.74603555,1000000.0,1,False
257,2570.0,0.0,13,M1,R2,True,4174520.2242115173,1000000.0,2,True
257,2570.0,0.0,13,M1,R3,True,6768677.673822663,1000000.0,4,False
257,2570.0,0.0,13,M1,R4,True,7043863.120225582,1000000.0,3,False
257,2570.0,0.0,13,R1,S1,True,4131319.52502113,500000.0,2,True
257,2570.0,0.0,13,R1,S2,True,7043863.120225582,500000.0,3,False
257,2570.0,0.0,13,R2,S3,True,7830535.74603555,500000.0,1,False
257,2570.0,0.0,13,R2,S4,True,6768677.67382266,500000.0,4,False
257,2570.0,0.0,13,R3,A1,True,4259455.9472633805,500000.0,2,True
257,2570.0,0.0,13,R3,A2,True,7043863.120225582,500000.0,3,False
257,2570.0,0.0,13,R4,A3,True,7830535.74603555,500000.0,1,False
257,2570.0,0.0,13,R4,A4,True,6768677.67382266,500000.0,4,False
258,2580.0,0.0,13,M1,R1,True,7830535.74603555,1000000.0,1,False
258,2580.0,0.0,13,M1,R2,True,4172578.172494631,1000000.0,2,True
258,2580.0,0.0,13,M1,R3,True,6768677.673822663,1000000.0,4,False
258,2580.0,0.0,13,M1,R4,True,7043863.120225582,1000000.0,3,False
258,2580.0,0.0,13,R1,S1,True,4129317.830682292,500000.0,2,True
258,2580.0,0.0,13,R1,S2,True,7043863.120225582,500000.0,3,False
258,2580.0,0.0,13,R2,S3,True,7830535.74603555,500000.0,1,False
258,2580.0,0.0,13,R2,S4,True,6768677.67382266,500000.0,4,False
258,2580.0,0.0,13,R3,A1,True,4257629.594058223,500000.0,2,True
258,2580.0,0.0,13,R3,A2,True,7043863.120225582,500000.0,3,False
258,2580.0,0.0,13,R4,A3,True,7830535.74603555,500000.0,1,False
258,2580.0,0.0,13,R4,A4,True,6768677.67382266,500000.0,4,False
259,2590.0,0.0,13,M1,R1,True,7830535.74603555,1000000.0,1,False
259,2590.0,0.0,13,M1,R2,True,4170633.4208673965,1000000.0,2,True
259,2590.0,0.0,13,M1,R3,True,6768677.673822663,1000000.0,4,False
259,2590.0,0.0,13,M1,R4,True,7043863.120225582,1000000.0,3,False
259,2590.0,0.0,13,R1,S1,True,4127313.277946442,500000.0,2,True
259,2590.0,0.0,13,R1,S2,True,7043863.120225582,500000.0,3,False
259,2590.0,0.0,13,R2,S3,True,7830535.74603555,500000.0,1,False
259,2590.0,0.0,13,R2,S4,True,6768677.67382266,500000.0,4,False
259,2590.0,0.0,13,R3,A1,True,4255800.844264094,500000.0,2,True
259,2590.0,0.0,13,R3,A2,True,7043863.120225582,500000.0,3,False
259,2590.0,0.0,13,R4,A3,True,7830535.74603555,500000.0,1,False
259,2590.0,0.0,13,R4,A4,True,6768677.67382266,500000.0,4,False
260,2600.0,0.0,13,M1,R1,True,7830535.74603555,1000000.0,1,False
260,2600.0,0.0,13,M1,R2,True,4168685.96209435,1000000.0,2,True
260,2600.0,0.0,13,M1,R3,True,6768677.673822663,1000000.0,4,False
260,2600.0,0.0,13,M1,R4,True,7043863.120225582,1000000.0,3,False
260,2600.0,0.0,13,R1,S1,True,4125305.8589426354,500000.0,2,True
260,2600.0,0.0,13,R1,S2,True,7043863.120225582,500000.0,3,False
260,2600.0,0.0,13,R2,S3,True,7830535.74603555,500000.0,1,False
260,2600.0,0.0,13,R2,S4,True,6768677.67382266,500000.0,4,False
260,2600.0,0.0,13,R3,A1,True,4253969.691848117,500000.0,2,True
260,2600.0,0.0,13,R3,A2,True,7043863.120225582,500000.0,3,False
260,2600.0,0.0,13,R4,A3,True,7830535.74603555,500000.0,1,False
260,2600.0,0.0,13,R4,A4,True,6768677.67382266,500000.0,4,False
261,2610.0,0.0,13,M1,R1,True,7830535.74603555,1000000.0,1,False
261,2610.0,0.0,13,M1,R2,True,4166735.7889107307,1000000.0,2,True
261,2610.0,0.0,13,M1,R3,True,6768677.673822663,1000000.0,4,False
261,2610.0,0.0,13,M1,R4,True,7043863.120225582,1000000.0,3,False
261,2610.0,0.0,13,R1,S1,True,4123295.565767224,500000.0,2,True
261,2610.0,0.0,13,R1,S2,True,7043863.120225582,500000.0,3,False
261,2610.0,0.0,13,R2,S3,True,7830535.74603555,500000.0,1,False
261,2610.0,0.0,13,R2,S4,True,6768677.67382266,500000.0,4,False
261,2610.0,0.0,13,R3,A1,True,4252136.1307544755,500000.0,2,True
261,2610.0,0.0,13,R3,A2,True,7043863.120225582,500000.0,3,False
261,2610.0,0.0,13,R4,A3,True,7830535.74603555,500000.0,1,False
261,2610.0,0.0,13,R4,A4,True,6768677.67382266,500000.0,4,False
262,2620.0,0.0,13,M1,R1,True,7830535.74603555,1000000.0,1,False
262,2620.0,0.0,13,M1,R2,True,4164782.8940222953,1000000.0,2,True
262,2620.0,0.0,13,M1,R3,True,6768677.673822663,1000000.0,4,False
262,2620.0,0.0,13,M1,R4,True,7043863.120225582,1000000.0,3,False
262,2620.0,0.0,13,R1,S1,True,4121282.390483699,500000.0,2,True
262,2620.0,0.0,13,R1,S2,True,7043863.120225582,500000.0,3,False
262,2620.0,0.0,13,R2,S3,True,7830535.74603555,500000.0,1,False
262,2620.0,0.0,13,R2,S4,True,6768677.67382266,500000.0,4,False
262,2620.0,0.0,13,R3,A1,True,4250300.1549042575,500000.0,2,True
262,2620.0,0.0,13,R3,A2,True,7043863.120225582,500000.0,3,False
262,2620.0,0.0,13,R4,A3,True,7830535.74603555,500000.0,1,False
262,2620.0,0.0,13,R4,A4,True,6768677.67382266,500000.0,4,False
263,2630.0,0.0,13,M1,R1,True,7830535.74603555,1000000.0,1,False
263,2630.0,0.0,13,M1,R2,True,4162827.2701051836,1000000.0,2,True
263,2630.0,0.0,13,M1,R3,True,6768677.673822663,1000000.0,4,False
263,2630.0,0.0,13,M1,R4,True,7043863.120225582,1000000.0,3,False
263,2630.0,0.0,13,R1,S1,True,4119266.3251224817,500000.0,2,True
263,2630.0,0.0,13,R1,S2,True,7043863.120225582,500000.0,3,False
263,2630.0,0.0,13,R2,S3,True,7830535.74603555,500000.0,1,False
263,2630.0,0.0,13,R2,S4,True,6768677.67382266,500000.0,4,False
263,2630.0,0.0,13,R3,A1,True,4248461.758195371,500000.0,2,True
263,2630.0,0.0,13,R3,A2,True,7043863.120225582,500000.0,3,False
263,2630.0,0.0,13,R4,A3,True,7830535.74603555,500000.0,1,False
263,2630.0,0.0,13,R4,A4,True,6768677.67382266,500000.0,4,False
264,2640.0,0.0,13,M1,R1,True,7830535.74603555,1000000.0,1,False
264,2640.0,0.0,13,M1,R2,True,4160868.9098057435,1000000.0,2,True
264,2640.0,0.0,13,M1,R3,True,6768677.673822663,1000000.0,4,False
264,2640.0,0.0,13,M1,R4,True,7043863.120225582,1000000.0,3,False
264,2640.0,0.0,13,R1,S1,True,4117247.3616807708,500000.0,2,True
264,2640.0,0.0,13,R1,S2,True,7043863.120225582,500000.0,3,False
264,2640.0,0.0,13,R2,S3,True,7830535.74603555,500000.0,1,False
264,2640.0,0.0,13,R2,S4,True,6768677.67382266,500000.0,4,False
264,2640.0,0.0,13,R3,A1,True,4246620.934502392,500000.0,2,True
264,2640.0,0.0,13,R3,A2,True,7043863.120225582,500000.0,3,False
264,2640.0,0.0,13,R4,A3,True,7830535.74603555,500000.0,1,False
264,2640.0,0.0,13,R4,A4,True,6768677.67382266,500000.0,4,False
265,2650.0,0.0,13,M1,R1,True,7830535.74603555,1000000.0,1,False
265,2650.0,0.0,13,M1,R2,True,4158907.805740384,1000000.0,2,True
265,2650.0,0.0,13,M1,R3,True,6768677.673822663,1000000.0,4,False
265,2650.0,0.0,13,M1,R4,True,7043863.120225582,1000000.0,3,False
265,2650.0,0.0,13,R1,S1,True,4115225.492122344,500000.0,2,True
265,2650.0,0.0,13,R1,S2,True,7043863.120225582,500000.0,3,False
265,2650.0,0.0,13,R2,S3,True,7830535.74603555,500000.0,1,False
265,2650.0,0.0,13,R2,S4,True,6768677.67382266,500000.0,4,False
265,2650.0,0.0,13,R3,A1,True,4244777.677676467,500000.0,2,True
265,2650.0,0.0,13,R3,A2,True,7043863.120225582,500000.0,3,False
265,2650.0,0.0,13,R4,A3,True,7830535.74603555,500000.0,1,False
265,2650.0,0.0,13,R4,A4,True,6768677.67382266,500000.0,4,False
266,2660.0,0.0,13,M1,R1,True,7830535.74603555,1000000.0,1,False
266,2660.0,0.0,13,M1,R2,True,4156943.9504953925,1000000.0,2,True
266,2660.0,0.0,13,M1,R3,True,6768677.673822663,1000000.0,4,False
266,2660.0,0.0,13,M1,R4,True,7043863.120225582,1000000.0,3,False
266,2660.0,0.0,13,R1,S1,True,4113200.7083773674,500000.0,2,True
266,2660.0,0.0,13,R1,S2,True,7043863.120225582,500000.0,3,False
266,2660.0,0.0,13,R2,S3,True,7830535.74603555,500000.0,1,False
266,2660.0,0.0,13,R2,S4,True,6768677.67382266,500000.0,4,False
266,2660.0,0.0,13,R3,A1,True,4242931.981545196,500000.0,2,True
266,2660.0,0.0,13,R3,A2,True,7043863.120225582,500000.0,3,False
266,2660.0,0.0,13,R4,A3,True,7830535.74603555,500000.0,1,False
266,2660.0,0.0,13,R4,A4,True,6768677.67382266,500000.0,4,False
267,2670.0,0.0,13,M1,R1,True,7830535.74603555,1000000.0,1,False
267,2670.0,0.0,13,M1,R2,True,4154977.3366267974,1000000.0,2,True
267,2670.0,0.0,13,M1,R3,True,6768677.673822663,1000000.0,4,False
267,2670.0,0.0,13,M1,R4,True,7043863.120225582,1000000.0,3,False
267,2670.0,0.0,13,R1,S1,True,4111173.002342216,500000.0,2,True
267,2670.0,0.0,13,R1,S2,True,7043863.120225582,500000.0,3,False
267,2670.0,0.0,13,R2,S3,True,7830535.74603555,500000.0,1,False
267,2670.0,0.0,13,R2,S4,True,6768677.67382266,500000.0,4,False
267,2670.0,0.0,13,R3,A1,True,4241083.839912496,500000.0,2,True
267,2670.0,0.0,13,R3,A2,True,7043863.120225582,500000.0,3,False
267,2670.0,0.0,13,R4,A3,True,7830535.74603555,500000.0,1,False
267,2670.0,0.0,13,R4,A4,True,6768677.67382266,500000.0,4,False
268,2680.0,0.0,13,M1,R1,True,7830535.74603555,1000000.0,1,False
268,2680.0,0.0,13,M1,R2,True,4153007.9566601785,1000000.0,2,True
268,2680.0,0.0,13,M1,R3,True,6768677.673822663,1000000.0,4,False
268,2680.0,0.0,13,M1,R4,True,7043863.120225582,1000000.0,3,False
268,2680.0,0.0,13,R1,S1,True,4109142.3658792917,500000.0,2,True
268,2680.0,0.0,13,R1,S2,True,7043863.120225582,500000.0,3,False
268,2680.0,0.0,13,R2,S3,True,7830535.74603555,500000.0,1,False
268,2680.0,0.0,13,R2,S4,True,6768677.67382266,500000.0,4,False
268,2680.0,0.0,13,R3,A1,True,4239233.246558494,500000.0,2,True
268,2680.0,0.0,13,R3,A2,True,7043863.120225582,500000.0,3,False
268,2680.0,0.0,13,R4,A3,True,7830535.74603555,500000.0,1,False
268,2680.0,0.0,13,R4,A4,True,6768677.67382266,500000.0,4,False
269,2690.0,0.0,13,M1,R1,True,7830535.74603555,1000000.0,1,False
269,2690.0,0.0,13,M1,R2,True,4151035.8030905137,1000000.0,2,True
269,2690.0,0.0,13,M1,R3,True,6768677.673822663,1000000.0,4,False
269,2690.0,0.0,13,M1,R4,True,7043863.120225582,1000000.0,3,False
269,2690.0,0.0,13,R1,S1,True,4107108.7908168193,500000.0,2,True
269,2690.0,0.0,13,R1,S2,True,7043863.120225582,500000.0,3,False
269,2690.0,0.0,13,R2,S3,True,7830535.74603555,500000.0,1,False
269,2690.0,0.0,13,R2,S4,True,6768677.67382266,500000.0,4,False
269,2690.0,0.0,13,R3,A1,True,4237380.195239407,500000.0,2,True
269,2690.0,0.0,13,R3,A2,True,7043863.120225582,500000.0,3,False
269,2690.0,0.0,13,R4,A3,True,7830535.74603555,500000.0,1,False
269,2690.0,0.0,13,R4,A4,True,6768677.67382266,500000.0,4,False
270,2700.0,0.0,13,M1,R1,True,7830535.74603555,1000000.0,1,False
270,2700.0,0.0,13,M1,R2,True,4149060.868382019,1000000.0,2,True
270,2700.0,0.0,13,M1,R3,True,6768677.673822663,1000000.0,4,False
270,2700.0,0.0,13,M1,R4,True,7043863.120225582,1000000.0,3,False
270,2700.0,0.0,13,R1,S1,True,4105072.268948665,500000.0,2,True
270,2700.0,0.0,13,R1,S2,True,7043863.120225582,500000.0,3,False
270,2700.0,0.0,13,R2,S3,True,7830535.74603555,500000.0,1,False
270,2700.0,0.0,13,R2,S4,True,6768677.67382266,500000.0,4,False
270,2700.0,0.0,13,R3,A1,True,4235524.679687406,500000.0,2,True
270,2700.0,0.0,13,R3,A2,True,7043863.120225582,500000.0,3,False
270,2700.0,0.0,13,R4,A3,True,7830535.74603555,500000.0,1,False
270,2700.0,0.0,13,R4,A4,True,6768677.67382266,500000.0,4,False
271,2710.0,0.0,13,M1,R1,True,7830535.74603555,1000000.0,1,False
271,2710.0,0.0,13,M1,R2,True,4147083.1449679667,1000000.0,2,True
271,2710.0,0.0,13,M1,R3,True,6768677.673822663,1000000.0,4,False
271,2710.0,0.0,13,M1,R4,True,7043863.120225582,1000000.0,3,False
271,2710.0,0.0,13,R1,S1,True,4103032.792034152,500000.0,2,True
271,2710.0,0.0,13,R1,S2,True,7043863.120225582,500000.0,3,False
271,2710.0,0.0,13,R2,S3,True,7830535.74603555,500000.0,1,False
271,2710.0,0.0,13,R2,S4,True,6768677.67382266,500000.0,4,False
271,2710.0,0.0,13,R3,A1,True,4233666.693610512,500000.0,2,True
271,2710.0,0.0,13,R3,A2,True,7043863.120225582,500000.0,3,False
271,2710.0,0.0,13,R4,A3,True,7830535.74603555,500000.0,1,False
271,2710.0,0.0,13,R4,A4,True,6768677.67382266,500000.0,4,False
272,2720.0,0.0,13,M1,R1,True,7830535.74603555,1000000.0,1,False
272,2720.0,0.0,13,M1,R2,True,4145102.625250524,1000000.0,2,True
272,2720.0,0.0,13,M1,R3,True,6768677.673822663,1000000.0,4,False
272,2720.0,0.0,13,M1,R4,True,7043863.120225582,1000000.0,3,False
272,2720.0,0.0,13,R1,S1,True,4100990.351797848,500000.0,2,True
272,2720.0,0.0,13,R1,S2,True,7043863.120225582,500000.0,3,False
272,2720.0,0.0,13,R2,S3,True,7830535.74603555,500000.0,1,False
272,2720.0,0.0,13,R2,S4,True,6768677.67382266,500000.0,4,False
272,2720.0,0.0,13,R3,A1,True,4231806.230692447,500000.0,2,True
272,2720.0,0.0,13,R3,A2,True,7043863.120225582,500000.0,3,False
272,2720.0,0.0,13,R4,A3,True,7830535.74603555,500000.0,1,False
272,2720.0,0.0,13,R4,A4,True,6768677.67382266,500000.0,4,False
273,2730.0,0.0,13,M1,R1,True,7830535.74603555,1000000.0,1,False
273,2730.0,0.0,13,M1,R2,True,4143119.301600576,1000000.0,2,True
273,2730.0,0.0,13,M1,R3,True,6768677.673822663,1000000.0,4,False
273,2730.0,0.0,13,M1,R4,True,7043863.120225582,1000000.0,3,False
273,2730.0,0.0,13,R1,S1,True,4098944.939929383,500000.0,2,True
273,2730.0,0.0,13,R1,S2,True,7043863.120225582,500000.0,3,False
273,2730.0,0.0,13,R2,S3,True,7830535.74603555,500000.0,1,False
273,2730.0,0.0,13,R2,S4,True,6768677.67382266,500000.0,4,False
273,2730.0,0.0,13,R3,A1,True,4229943.284592537,500000.0,2,True
273,2730.0,0.0,13,R3,A2,True,7043863.120225582,500000.0,3,False
273,2730.0,0.0,13,R4,A3,True,7830535.74603555,500000.0,1,False
273,2730.0,0.0,13,R4,A4,True,6768677.67382266,500000.0,4,False
274,2740.0,0.0,13,M1,R1,True,7830535.74603555,1000000.0,1,False
274,2740.0,0.0,13,M1,R2,True,4141133.166357574,1000000.0,2,True
274,2740.0,0.0,13,M1,R3,True,6768677.673822663,1000000.0,4,False
274,2740.0,0.0,13,M1,R4,True,7043863.120225582,1000000.0,3,False
274,2740.0,0.0,13,R1,S1,True,4096896.548083266,500000.0,2,True
274,2740.0,0.0,13,R1,S2,True,7043863.120225582,500000.0,3,False
274,2740.0,0.0,13,R2,S3,True,7830535.74603555,500000.0,1,False
274,2740.0,0.0,13,R2,S4,True,6768677.67382266,500000.0,4,False
274,2740.0,0.0,13,R3,A1,True,4228077.848945567,500000.0,2,True
274,2740.0,0.0,13,R3,A2,True,7043863.120225582,500000.0,3,False
274,2740.0,0.0,13,R4,A3,True,7830535.74603555,500000.0,1,False
274,2740.0,0.0,13,R4,A4,True,6768677.67382266,500000.0,4,False
275,2750.0,0.0,13,M1,R1,True,7830535.74603555,1000000.0,1,False
275,2750.0,0.0,13,M1,R2,True,4139144.2118293396,1000000.0,2,True
275,2750.0,0.0,13,M1,R3,True,6768677.673822663,1000000.0,4,False
275,2750.0,0.0,13,M1,R4,True,7043863.120225582,1000000.0,3,False
275,2750.0,0.0,13,R1,S1,True,4094845.167878656,500000.0,2,True
275,2750.0,0.0,13,R1,S2,True,7043863.120225582,500000.0,3,False
275,2750.0,0.0,13,R2,S3,True,7830535.74603555,500000.0,1,False
275,2750.0,0.0,13,R2,S4,True,6768677.67382266,500000.0,4,False
275,2750.0,0.0,13,R3,A1,True,4226209.917361666,500000.0,2,True
275,2750.0,0.0,13,R3,A2,True,7043863.120225582,500000.0,3,False
275,2750.0,0.0,13,R4,A3,True,7830535.74603555,500000.0,1,False
275,2750.0,0.0,13,R4,A4,True,6768677.67382266,500000.0,4,False
276,2760.0,0.0,13,M1,R1,True,7830535.74603555,1000000.0,1,False
276,2760.0,0.0,13,M1,R2,True,4137152.4302918995,1000000.0,2,True
276,2760.0,0.0,13,M1,R3,True,6768677.673822663,1000000.0,4,False
276,2760.0,0.0,13,M1,R4,True,7043863.120225582,1000000.0,3,False
276,2760.0,0.0,13,R1,S1,True,4092790.790899184,500000.0,2,True
276,2760.0,0.0,13,R1,S2,True,7043863.120225582,500000.0,3,False
276,2760.0,0.0,13,R2,S3,True,7830535.74603555,500000.0,1,False
276,2760.0,0.0,13,R2,S4,True,6768677.67382266,500000.0,4,False
276,2760.0,0.0,13,R3,A1,True,4224339.483426174,500000.0,2,True
276,2760.0,0.0,13,R3,A2,True,7043863.120225582,500000.0,3,False
276,2760.0,0.0,13,R4,A3,True,7830535.74603555,500000.0,1,False
276,2760.0,0.0,13,R4,A4,True,6768677.67382266,500000.0,4,False
277,2770.0,0.0,13,M1,R1,True,7830535.74603555,1000000.0,1,False
277,2770.0,0.0,13,M1,R2,True,4135157.8139893156,1000000.0,2,True
277,2770.0,0.0,13,M1,R3,True,6768677.673822663,1000000.0,4,False
277,2770.0,0.0,13,M1,R4,True,7043863.120225582,1000000.0,3,False
277,2770.0,0.0,13,R1,S1,True,4090733.408692766,500000.0,2,True
277,2770.0,0.0,13,R1,S2,True,7043863.120225582,500000.0,3,False
277,2770.0,0.0,13,R2,S3,True,7830535.74603555,500000.0,1,False
277,2770.0,0.0,13,R2,S4,True,6768677.67382266,500000.0,4,False
277,2770.0,0.0,13,R3,A1,True,4222466.540699517,500000.0,2,True
277,2770.0,0.0,13,R3,A2,True,7043863.120225582,500000.0,3,False
277,2770.0,0.0,13,R4,A3,True,7830535.74603555,500000.0,1,False
277,2770.0,0.0,13,R4,A4,True,6768677.67382266,500000.0,4,False
278,2780.0,0.0,13,M1,R1,True,7830535.74603555,1000000.0,1,False
278,2780.0,0.0,13,M1,R2,True,4133160.3551335013,1000000.0,2,True
278,2780.0,0.0,13,M1,R3,True,6768677.673822663,1000000.0,4,False
278,2780.0,0.0,13,M1,R4,True,7043863.120225582,1000000.0,3,False
278,2780.0,0.0,13,R1,S1,True,4088673.0127713643,500000.0,2,True
278,2780.0,0.0,13,R1,S2,True,7043863.120225582,500000.0,3,False
278,2780.0,0.0,13,R2,S3,True,7830535.74603555,500000.0,1,False
278,2780.0,0.0,13,R2,S4,True,6768677.67382266,500000.0,4,False
278,2780.0,0.0,13,R3,A1,True,4220591.08271707,500000.0,2,True
278,2780.0,0.0,13,R3,A2,True,7043863.120225582,500000.0,3,False
278,2780.0,0.0,13,R4,A3,True,7830535.74603555,500000.0,1,False
278,2780.0,0.0,13,R4,A4,True,6768677.67382266,500000.0,4,False
279,2790.0,0.0,13,M1,R1,True,7830535.74603555,1000000.0,1,False
279,2790.0,0.0,13,M1,R2,True,4131160.045904058,1000000.0,2,True
279,2790.0,0.0,13,M1,R3,True,6768677.673822663,1000000.0,4,False
279,2790.0,0.0,13,M1,R4,True,7043863.120225582,1000000.0,3,False
279,2790.0,0.0,13,R1,S1,True,4086609.594610824,500000.0,2,True
279,2790.0,0.0,13,R1,S2,True,7043863.120225582,500000.0,3,False
279,2790.0,0.0,13,R2,S3,True,7830535.74603555,500000.0,1,False
279,2790.0,0.0,13,R2,S4,True,6768677.67382266,500000.0,4,False
279,2790.0,0.0,13,R3,A1,True,4218713.10298904,500000.0,2,True
279,2790.0,0.0,13,R3,A2,True,7043863.120225582,500000.0,3,False
279,2790.0,0.0,13,R4,A3,True,7830535.74603555,500000.0,1,False
279,2790.0,0.0,13,R4,A4,True,6768677.67382266,500000.0,4,False
280,2800.0,0.0,13,M1,R1,True,7830535.74603555,1000000.0,1,False
280,2800.0,0.0,13,M1,R2,True,4129156.8784480724,1000000.0,2,True
280,2800.0,0.0,13,M1,R3,True,6768677.673822663,1000000.0,4,False
280,2800.0,0.0,13,M1,R4,True,7043863.120225582,1000000.0,3,False
280,2800.0,0.0,13,R1,S1,True,4084543.1456506443,500000.0,2,True
280,2800.0,0.0,13,R1,S2,True,7043863.120225582,500000.0,3,False
280,2800.0,0.0,13,R2,S3,True,7830535.74603555,500000.0,1,False
280,2800.0,0.0,13,R2,S4,True,6768677.67382266,500000.0,4,False
280,2800.0,0.0,13,R3,A1,True,4216832.595000335,500000.0,2,True
280,2800.0,0.0,13,R3,A2,True,7043863.120225582,500000.0,3,False
280,2800.0,0.0,13,R4,A3,True,7830535.74603555,500000.0,1,False
280,2800.0,0.0,13,R4,A4,True,6768677.67382266,500000.0,4,False
281,2810.0,0.0,13,M1,R1,True,7830535.74603555,1000000.0,1,False
281,2810.0,0.0,13,M1,R2,True,4127150.844879966,1000000.0,2,True
281,2810.0,0.0,13,M1,R3,True,6768677.673822663,1000000.0,4,False
281,2810.0,0.0,13,M1,R4,True,7043863.120225582,1000000.0,3,False
281,2810.0,0.0,13,R1,S1,True,4082473.657293776,500000.0,2,True
281,2810.0,0.0,13,R1,S2,True,7043863.120225582,500000.0,3,False
281,2810.0,0.0,13,R2,S3,True,7830535.74603555,500000.0,1,False
281,2810.0,0.0,13,R2,S4,True,6768677.67382266,500000.0,4,False
281,2810.0,0.0,13,R3,A1,True,4214949.552210422,500000.0,2,True
281,2810.0,0.0,13,R3,A2,True,7043863.120225582,500000.0,3,False
281,2810.0,0.0,13,R4,A3,True,7830535.74603555,500000.0,1,False
281,2810.0,0.0,13,R4,A4,True,6768677.67382266,500000.0,4,False
282,2820.0,0.0,13,M1,R1,True,7830535.74603555,1000000.0,1,False
282,2820.0,0.0,13,M1,R2,True,4125141.937281293,1000000.0,2,True
282,2820.0,0.0,13,M1,R3,True,6768677.673822663,1000000.0,4,False
282,2820.0,0.0,13,M1,R4,True,7043863.120225582,1000000.0,3,False
282,2820.0,0.0,13,R1,S1,True,4080401.120906428,500000.0,2,True
282,2820.0,0.0,13,R1,S2,True,7043863.120225582,500000.0,3,False
282,2820.0,0.0,13,R2,S3,True,7830535.74603555,500000.0,1,False
282,2820.0,0.0,13,R2,S4,True,6768677.67382266,500000.0,4,False
282,2820.0,0.0,13,R3,A1,True,4213063.9680532,500000.0,2,True
282,2820.0,0.0,13,R3,A2,True,7043863.120225582,500000.0,3,False
282,2820.0,0.0,13,R4,A3,True,7830535.74603555,500000.0,1,False
282,2820.0,0.0,13,R4,A4,True,6768677.67382266,500000.0,4,False
283,2830.0,0.0,13,M1,R1,True,7830535.74603555,1000000.0,1,False
283,2830.0,0.0,13,M1,R2,True,4123130.1477005663,1000000.0,2,True
283,2830.0,0.0,13,M1,R3,True,6768677.673822663,1000000.0,4,False
283,2830.0,0.0,13,M1,R4,True,7043863.120225582,1000000.0,3,False
283,2830.0,0.0,13,R1,S1,True,4078325.527817834,500000.0,2,True
283,2830.0,0.0,13,R1,S2,True,7043863.120225582,500000.0,3,False
283,2830.0,0.0,13,R2,S3,True,7830535.74603555,500000.0,1,False
283,2830.0,0.0,13,R2,S4,True,6768677.67382266,500000.0,4,False
283,2830.0,0.0,13,R3,A1,True,4211175.835936872,500000.0,2,True
283,2830.0,0.0,13,R3,A2,True,7043863.120225582,500000.0,3,False
283,2830.0,0.0,13,R4,A3,True,7830535.74603555,500000.0,1,False
283,2830.0,0.0,13,R4,A4,True,6768677.67382266,500000.0,4,False
284,2840.0,0.0,13,M1,R1,True,7830535.74603555,1000000.0,1,False
284,2840.0,0.0,13,M1,R2,True,4121115.4681530716,1000000.0,2,True
284,2840.0,0.0,13,M1,R3,True,6768677.673822663,1000000.0,4,False
284,2840.0,0.0,13,M1,R4,True,7043863.120225582,1000000.0,3,False
284,2840.0,0.0,13,R1,S1,True,4076246.8693200685,500000.0,2,True
284,2840.0,0.0,13,R1,S2,True,7043863.120225582,500000.0,3,False
284,2840.0,0.0,13,R2,S3,True,7830535.74603555,500000.0,1,False
284,2840.0,0.0,13,R2,S4,True,6768677.67382266,500000.0,4,False
284,2840.0,0.0,13,R3,A1,True,4209285.149243815,500000.0,2,True
284,2840.0,0.0,13,R3,A2,True,7043863.120225582,500000.0,3,False
284,2840.0,0.0,13,R4,A3,True,7830535.74603555,500000.0,1,False
284,2840.0,0.0,13,R4,A4,True,6768677.67382266,500000.0,4,False
285,2850.0,0.0,13,M1,R1,True,7830535.74603555,1000000.0,1,False
285,2850.0,0.0,13,M1,R2,True,4119097.890620671,1000000.0,2,True
285,2850.0,0.0,13,M1,R3,True,6768677.673822663,1000000.0,4,False
285,2850.0,0.0,13,M1,R4,True,7043863.120225582,1000000.0,3,False
285,2850.0,0.0,13,R1,S1,True,4074165.1366678313,500000.0,2,True
285,2850.0,0.0,13,R1,S2,True,7043863.120225582,500000.0,3,False
285,2850.0,0.0,13,R2,S3,True,7830535.74603555,500000.0,1,False
285,2850.0,0.0,13,R2,S4,True,6768677.67382266,500000.0,4,False
285,2850.0,0.0,13,R3,A1,True,4207391.90133042,500000.0,2,True
285,2850.0,0.0,13,R3,A2,True,7043863.120225582,500000.0,3,False
285,2850.0,0.0,13,R4,A3,True,7830535.74603555,500000.0,1,False
285,2850.0,0.0,13,R4,A4,True,6768677.67382266,500000.0,4,False
286,2860.0,0.0,13,M1,R1,True,7830535.74603555,1000000.0,1,False
286,2860.0,0.0,13,M1,R2,True,4117077.407051661,1000000.0,2,True
286,2860.0,0.0,13,M1,R3,True,6768677.673822663,1000000.0,4,False
286,2860.0,0.0,13,M1,R4,True,7043863.120225582,1000000.0,3,False
286,2860.0,0.0,13,R1,S1,True,4072080.3210782055,500000.0,2,True
286,2860.0,0.0,13,R1,S2,True,7043863.120225582,500000.0,3,False
286,2860.0,0.0,13,R2,S3,True,7830535.74603555,500000.0,1,False
286,2860.0,0.0,13,R2,S4,True,6768677.67382266,500000.0,4,False
286,2860.0,0.0,13,R3,A1,True,4205496.08552699,500000.0,2,True
286,2860.0,0.0,13,R3,A2,True,7043863.120225582,500000.0,3,False
286,2860.0,0.0,13,R4,A3,True,7830535.74603555,500000.0,1,False
286,2860.0,0.0,13,R4,A4,True,6768677.67382266,500000.0,4,False
287,2870.0,0.0,13,M1,R1,True,7830535.74603555,1000000.0,1,False
287,2870.0,0.0,13,M1,R2,True,4115054.009360534,1000000.0,2,True
287,2870.0,0.0,13,M1,R3,True,6768677.673822663,1000000.0,4,False
287,2870.0,0.0,13,M1,R4,True,7043863.120225582,1000000.0,3,False
287,2870.0,0.0,13,R1,S1,True,4069992.413730488,500000.0,2,True
287,2870.0,0.0,13,R1,S2,True,7043863.120225582,500000.0,3,False
287,2870.0,0.0,13,R2,S3,True,7830535.74603555,500000.0,1,False
287,2870.0,0.0,13,R2,S4,True,6768677.67382266,500000.0,4,False
287,2870.0,0.0,13,R3,A1,True,4203597.695137584,500000.0,2,True
287,2870.0,0.0,13,R3,A2,True,7043863.120225582,500000.0,3,False
287,2870.0,0.0,13,R4,A3,True,7830535.74603555,500000.0,1,False
287,2870.0,0.0,13,R4,A4,True,6768677.67382266,500000.0,4,False
288,2880.0,0.0,13,M1,R1,True,7830535.74603555,1000000.0,1,False
288,2880.0,0.0,13,M1,R2,True,4113027.6894278107,1000000.0,2,True
288,2880.0,0.0,13,M1,R3,True,6768677.673822663,1000000.0,4,False
288,2880.0,0.0,13,M1,R4,True,7043863.120225582,1000000.0,3,False
288,2880.0,0.0,13,R1,S1,True,4067901.405765939,500000.0,2,True
288,2880.0,0.0,13,R1,S2,True,7043863.120225582,500000.0,3,False
288,2880.0,0.0,13,R2,S3,True,7830535.74603555,500000.0,1,False
288,2880.0,0.0,13,R2,S4,True,6768677.67382266,500000.0,4,False
288,2880.0,0.0,13,R3,A1,True,4201696.7234398825,500000.0,2,True
288,2880.0,0.0,13,R3,A2,True,7043863.120225582,500000.0,3,False
288,2880.0,0.0,13,R4,A3,True,7830535.74603555,500000.0,1,False
288,2880.0,0.0,13,R4,A4,True,6768677.67382266,500000.0,4,False
289,2890.0,0.0,13,M1,R1,True,7830535.74603555,1000000.0,1,False
289,2890.0,0.0,13,M1,R2,True,4110998.439099844,1000000.0,2,True
289,2890.0,0.0,13,M1,R3,True,6768677.673822663,1000000.0,4,False
289,2890.0,0.0,13,M1,R4,True,7043863.120225582,1000000.0,3,False
289,2890.0,0.0,13,R1,S1,True,4065807.2882875665,500000.0,2,True
289,2890.0,0.0,13,R1,S2,True,7043863.120225582,500000.0,3,False
289,2890.0,0.0,13,R2,S3,True,7830535.74603555,500000.0,1,False
289,2890.0,0.0,13,R2,S4,True,6768677.67382266,500000.0,4,False
289,2890.0,0.0,13,R3,A1,True,4199793.163685053,500000.0,2,True
289,2890.0,0.0,13,R3,A2,True,7043863.120225582,500000.0,3,False
289,2890.0,0.0,13,R4,A3,True,7830535.74603555,500000.0,1,False
289,2890.0,0.0,13,R4,A4,True,6768677.67382266,500000.0,4,False
290,2900.0,0.0,13,M1,R1,True,7830535.74603555,1000000.0,1,False
290,2900.0,0.0,13,M1,R2,True,4108966.250188649,1000000.0,2,True
290,2900.0,0.0,13,M1,R3,True,6768677.673822663,1000000.0,4,False
290,2900.0,0.0,13,M1,R4,True,7043863.120225582,1000000.0,3,False
290,2900.0,0.0,13,R1,S1,True,4063710.052359942,500000.0,2,True
290,2900.0,0.0,13,R1,S2,True,7043863.120225582,500000.0,3,False
290,2900.0,0.0,13,R2,S3,True,7830535.74603555,500000.0,1,False
290,2900.0,0.0,13,R2,S4,True,6768677.67382266,500000.0,4,False
290,2900.0,0.0,13,R3,A1,True,4197887.009097608,500000.0,2,True
290,2900.0,0.0,13,R3,A2,True,7043863.120225582,500000.0,3,False
290,2900.0,0.0,13,R4,A3,True,7830535.74603555,500000.0,1,False
290,2900.0,0.0,13,R4,A4,True,6768677.67382266,500000.0,4,False
291,2910.0,0.0,13,M1,R1,True,7830535.74603555,1000000.0,1,False
291,2910.0,0.0,13,M1,R2,True,4106931.1144716963,1000000.0,2,True
291,2910.0,0.0,13,M1,R3,True,6768677.673822663,1000000.0,4,False
291,2910.0,0.0,13,M1,R4,True,7043863.120225582,1000000.0,3,False
291,2910.0,0.0,13,R1,S1,True,4061609.689008929,500000.0,2,True
291,2910.0,0.0,13,R1,S2,True,7043863.120225582,500000.0,3,False
291,2910.0,0.0,13,R2,S3,True,7830535.74603555,500000.0,1,False
291,2910.0,0.0,13,R2,S4,True,6768677.67382266,500000.0,4,False
291,2910.0,0.0,13,R3,A1,True,4195978.252875269,500000.0,2,True
291,2910.0,0.0,13,R3,A2,True,7043863.120225582,500000.0,3,False
291,2910.0,0.0,13,R4,A3,True,7830535.74603555,500000.0,1,False
291,2910.0,0.0,13,R4,A4,True,6768677.67382266,500000.0,4,False
292,2920.0,0.0,13,M1,R1,True,7830535.74603555,1000000.0,1,False
292,2920.0,0.0,13,M1,R2,True,4104893.023691691,1000000.0,2,True
292,2920.0,0.0,13,M1,R3,True,6768677.673822663,1000000.0,4,False
292,2920.0,0.0,13,M1,R4,True,7043863.120225582,1000000.0,3,False
292,2920.0,0.0,13,R1,S1,True,4059506.189221504,500000.0,2,True
292,2920.0,0.0,13,R1,S2,True,7043863.120225582,500000.0,3,False
292,2920.0,0.0,13,R2,S3,True,7830535.74603555,500000.0,1,False
292,2920.0,0.0,13,R2,S4,True,6768677.67382266,500000.0,4,False
292,2920.0,0.0,13,R3,A1,True,4194066.888188828,500000.0,2,True
292,2920.0,0.0,13,R3,A2,True,7043863.120225582,500000.0,3,False
292,2920.0,0.0,13,R4,A3,True,7830535.74603555,500000.0,1,False
292,2920.0,0.0,13,R4,A4,True,6768677.67382266,500000.0,4,False
293,2930.0,0.0,13,M1,R1,True,7830535.74603555,1000000.0,1,False
293,2930.0,0.0,13,M1,R2,True,4102851.9695564345,1000000.0,2,True
293,2930.0,0.0,13,M1,R3,True,6768677.673822663,1000000.0,4,False
293,2930.0,0.0,13,M1,R4,True,7043863.120225582,1000000.0,3,False
293,2930.0,0.0,13,R1,S1,True,4057399.5439455095,500000.0,2,True
293,2930.0,0.0,13,R1,S2,True,7043863.120225582,500000.0,3,False
293,2930.0,0.0,13,R2,S3,True,7830535.74603555,500000.0,1,False
293,2930.0,0.0,13,R2,S4,True,6768677.67382266,500000.0,4,False
293,2930.0,0.0,13,R3,A1,True,4192152.908181985,500000.0,2,True
293,2930.0,0.0,13,R3,A2,True,7043863.120225582,500000.0,3,False
293,2930.0,0.0,13,R4,A3,True,7830535.74603555,500000.0,1,False
293,2930.0,0.0,13,R4,A4,True,6768677.67382266,500000.0,4,False
294,2940.0,0.0,13,M1,R1,True,7830535.74603555,1000000.0,1,False
294,2940.0,0.0,13,M1,R2,True,4100807.9437385765,1000000.0,2,True
294,2940.0,0.0,13,M1,R3,True,6768677.673822663,1000000.0,4,False
294,2940.0,0.0,13,M1,R4,True,7043863.120225582,1000000.0,3,False
294,2940.0,0.0,13,R1,S1,True,4055289.7440894153,500000.0,2,True
294,2940.0,0.0,13,R1,S2,True,7043863.120225582,500000.0,3,False
294,2940.0,0.0,13,R2,S3,True,7830535.74603555,500000.0,1,False
294,2940.0,0.0,13,R2,S4,True,6768677.67382266,500000.0,4,False
294,2940.0,0.0,13,R3,A1,True,4190236.3059712364,500000.0,2,True
294,2940.0,0.0,13,R3,A2,True,7043863.120225582,500000.0,3,False
294,2940.0,0.0,13,R4,A3,True,7830535.74603555,500000.0,1,False
294,2940.0,0.0,13,R4,A4,True,6768677.67382266,500000.0,4,False
295,2950.0,0.0,13,M1,R1,True,7830535.74603555,1000000.0,1,False
295,2950.0,0.0,13,M1,R2,True,4098760.9378754557,1000000.0,2,True
295,2950.0,0.0,13,M1,R3,True,6768677.673822663,1000000.0,4,False
295,2950.0,0.0,13,M1,R4,True,7043863.120225582,1000000.0,3,False
295,2950.0,0.0,13,R1,S1,True,4053176.780522148,500000.0,2,True
295,2950.0,0.0,13,R1,S2,True,7043863.120225582,500000.0,3,False
295,2950.0,0.0,13,R2,S3,True,7830535.74603555,500000.0,1,False
295,2950.0,0.0,13,R2,S4,True,6768677.67382266,500000.0,4,False
295,2950.0,0.0,13,R3,A1,True,4188317.074645708,500000.0,2,True
295,2950.0,0.0,13,R3,A2,True,7043863.120225582,500000.0,3,False
295,2950.0,0.0,13,R4,A3,True,7830535.74603555,500000.0,1,False
295,2950.0,0.0,13,R4,A4,True,6768677.67382266,500000.0,4,False
296,2960.0,0.0,13,M1,R1,True,7830535.74603555,1000000.0,1,False
296,2960.0,0.0,13,M1,R2,True,4096710.9435688523,1000000.0,2,True
296,2960.0,0.0,13,M1,R3,True,6768677.673822663,1000000.0,4,False
296,2960.0,0.0,13,M1,R4,True,7043863.120225582,1000000.0,3,False
296,2960.0,0.0,13,R1,S1,True,4051060.644072794,500000.0,2,True
296,2960.0,0.0,13,R1,S2,True,7043863.120225582,500000.0,3,False
296,2960.0,0.0,13,R2,S3,True,7830535.74603555,500000.0,1,False
296,2960.0,0.0,13,R2,S4,True,6768677.67382266,500000.0,4,False
296,2960.0,0.0,13,R3,A1,True,4186395.207267018,500000.0,2,True
296,2960.0,0.0,13,R3,A2,True,7043863.120225582,500000.0,3,False
296,2960.0,0.0,13,R4,A3,True,7830535.74603555,500000.0,1,False
296,2960.0,0.0,13,R4,A4,True,6768677.67382266,500000.0,4,False
297,2970.0,0.0,13,M1,R1,True,7830535.74603555,1000000.0,1,False
297,2970.0,0.0,13,M1,R2,True,4094657.95238486,1000000.0,2,True
297,2970.0,0.0,13,M1,R3,True,6768677.673822663,1000000.0,4,False
297,2970.0,0.0,13,M1,R4,True,7043863.120225582,1000000.0,3,False
297,2970.0,0.0,13,R1,S1,True,4048941.325530407,500000.0,2,True
297,2970.0,0.0,13,R1,S2,True,7043863.120225582,500000.0,3,False
297,2970.0,0.0,13,R2,S3,True,7830535.74603555,500000.0,1,False
297,2970.0,0.0,13,R2,S4,True,6768677.67382266,500000.0,4,False
297,2970.0,0.0,13,R3,A1,True,4184470.6968691447,500000.0,2,True
297,2970.0,0.0,13,R3,A2,True,7043863.120225582,500000.0,3,False
297,2970.0,0.0,13,R4,A3,True,7830535.74603555,500000.0,1,False
297,2970.0,0.0,13,R4,A4,True,6768677.67382266,500000.0,4,False
298,2980.0,0.0,13,M1,R1,True,7830535.74603555,1000000.0,1,False
298,2980.0,0.0,13,M1,R2,True,4092601.9558535963,1000000.0,2,True
298,2980.0,0.0,13,M1,R3,True,6768677.673822663,1000000.0,4,False
298,2980.0,0.0,13,M1,R4,True,7043863.120225582,1000000.0,3,False
298,2980.0,0.0,13,R1,S1,True,4046818.8156437785,500000.0,2,True
298,2980.0,0.0,13,R1,S2,True,7043863.120225582,500000.0,3,False
298,2980.0,0.0,13,R2,S3,True,7830535.74603555,500000.0,1,False
298,2980.0,0.0,13,R2,S4,True,6768677.67382266,500000.0,4,False
298,2980.0,0.0,13,R3,A1,True,4182543.536458249,500000.0,2,True
298,2980.0,0.0,13,R3,A2,True,7043863.120225582,500000.0,3,False
298,2980.0,0.0,13,R4,A3,True,7830535.74603555,500000.0,1,False
298,2980.0,0.0,13,R4,A4,True,6768677.67382266,500000.0,4,False
299,2990.0,0.0,13,M1,R1,True,7830535.74603555,1000000.0,1,False
299,2990.0,0.0,13,M1,R2,True,4090542.9454690856,1000000.0,2,True
299,2990.0,0.0,13,M1,R3,True,6768677.673822663,1000000.0,4,False
299,2990.0,0.0,13,M1,R4,True,7043863.120225582,1000000.0,3,False
299,2990.0,0.0,13,R1,S1,True,4044693.105121181,500000.0,2,True
299,2990.0,0.0,13,R1,S2,True,7043863.120225582,500000.0,3,False
299,2990.0,0.0,13,R2,S3,True,7830535.74603555,500000.0,1,False
299,2990.0,0.0,13,R2,S4,True,6768677.67382266,500000.0,4,False
299,2990.0,0.0,13,R3,A1,True,4180613.719012566,500000.0,2,True
299,2990.0,0.0,13,R3,A2,True,7043863.120225582,500000.0,3,False
299,2990.0,0.0,13,R4,A3,True,7830535.74603555,500000.0,1,False
299,2990.0,0.0,13,R4,A4,True,6768677.67382266,500000.0,4,False
300,3000.0,0.0,13,M1,R1,True,7830535.74603555,1000000.0,1,False
300,3000.0,0.0,13,M1,R2,True,4088480.9126889845,1000000.0,2,True
300,3000.0,0.0,13,M1,R3,True,6768677.673822663,1000000.0,4,False
300,3000.0,0.0,13,M1,R4,True,7043863.120225582,1000000.0,3,False
300,3000.0,0.0,13,R1,S1,True,4042564.184630158,500000.0,2,True
300,3000.0,0.0,13,R1,S2,True,7043863.120225582,500000.0,3,False
300,3000.0,0.0,13,R2,S3,True,7830535.74603555,500000.0,1,False
300,3000.0,0.0,13,R2,S4,True,6768677.67382266,500000.0,4,False
300,3000.0,0.0,13,R3,A1,True,4178681.237482211,500000.0,2,True
300,3000.0,0.0,13,R3,A2,True,7043863.120225582,500000.0,3,False
300,3000.0,0.0,13,R4,A3,True,7830535.74603555,500000.0,1,False
300,3000.0,0.0,13,R4,A4,True,6768677.67382266,500000.0,4,False
301,3010.0,0.0,13,M1,R1,True,7830535.74603555,1000000.0,1,False
301,3010.0,0.0,13,M1,R2,True,4086415.8489344087,1000000.0,2,True
301,3010.0,0.0,13,M1,R3,True,6768677.673822663,1000000.0,4,False
301,3010.0,0.0,13,M1,R4,True,7043863.120225582,1000000.0,3,False
301,3010.0,0.0,13,R1,S1,True,4040432.0447972594,500000.0,2,True
301,3010.0,0.0,13,R1,S2,True,7043863.120225582,500000.0,3,False
301,3010.0,0.0,13,R2,S3,True,7830535.74603555,500000.0,1,False
301,3010.0,0.0,13,R2,S4,True,6768677.67382266,500000.0,4,False
301,3010.0,0.0,13,R3,A1,True,4176746.0847890857,500000.0,2,True
301,3010.0,0.0,13,R3,A2,True,7043863.120225582,500000.0,3,False
301,3010.0,0.0,13,R4,A3,True,7830535.74603555,500000.0,1,False
301,3010.0,0.0,13,R4,A4,True,6768677.67382266,500000.0,4,False
302,3020.0,0.0,13,M1,R1,True,7830535.74603555,1000000.0,1,False
302,3020.0,0.0,13,M1,R2,True,4084347.745589733,1000000.0,2,True
302,3020.0,0.0,13,M1,R3,True,6768677.673822663,1000000.0,4,False
302,3020.0,0.0,13,M1,R4,True,7043863.120225582,1000000.0,3,False
302,3020.0,0.0,13,R1,S1,True,4038296.6762078344,500000.0,2,True
302,3020.0,0.0,13,R1,S2,True,7043863.120225582,500000.0,3,False
302,3020.0,0.0,13,R2,S3,True,7830535.74603555,500000.0,1,False
302,3020.0,0.0,13,R2,S4,True,6768677.67382266,500000.0,4,False
302,3020.0,0.0,13,R3,A1,True,4174808.2538266703,500000.0,2,True
302,3020.0,0.0,13,R3,A2,True,7043863.120225582,500000.0,3,False
302,3020.0,0.0,13,R4,A3,True,7830535.74603555,500000.0,1,False
302,3020.0,0.0,13,R4,A4,True,6768677.67382266,500000.0,4,False
303,3030.0,0.0,13,M1,R1,True,7830535.74603555,1000000.0,1,False
303,3030.0,0.0,13,M1,R2,True,4082276.59400235,1000000.0,2,True
303,3030.0,0.0,13,M1,R3,True,6768677.673822663,1000000.0,4,False
303,3030.0,0.0,13,M1,R4,True,7043863.120225582,1000000.0,3,False
303,3030.0,0.0,13,R1,S1,True,4036158.0694057667,500000.0,2,True
303,3030.0,0.0,13,R1,S2,True,7043863.120225582,500000.0,3,False
303,3030.0,0.0,13,R2,S3,True,7830535.74603555,500000.0,1,False
303,3030.0,0.0,13,R2,S4,True,6768677.67382266,500000.0,4,False
303,3030.0,0.0,13,R3,A1,True,4172867.737459921,500000.0,2,True
303,3030.0,0.0,13,R3,A2,True,7043863.120225582,500000.0,3,False
303,3030.0,0.0,13,R4,A3,True,7830535.74603555,500000.0,1,False
303,3030.0,0.0,13,R4,A4,True,6768677.67382266,500000.0,4,False
304,3040.0,0.0,13,M1,R1,True,7830535.74603555,1000000.0,1,False
304,3040.0,0.0,13,M1,R2,True,4080202.3854824975,1000000.0,2,True
304,3040.0,0.0,13,M1,R3,True,6768677.673822663,1000000.0,4,False
304,3040.0,0.0,13,M1,R4,True,7043863.120225582,1000000.0,3,False
304,3040.0,0.0,13,R1,S1,True,4034016.2148932437,500000.0,2,True
304,3040.0,0.0,13,R1,S2,True,7043863.120225582,500000.0,3,False
304,3040.0,0.0,13,R2,S3,True,7830535.74603555,500000.0,1,False
304,3040.0,0.0,13,R2,S4,True,6768677.67382266,500000.0,4,False
304,3040.0,0.0,13,R3,A1,True,4170924.5285250763,500000.0,2,True
304,3040.0,0.0,13,R3,A2,True,7043863.120225582,500000.0,3,False
304,3040.0,0.0,13,R4,A3,True,7830535.74603555,500000.0,1,False
304,3040.0,0.0,13,R4,A4,True,6768677.67382266,500000.0,4,False
305,3050.0,0.0,13,M1,R1,True,7830535.74603555,1000000.0,1,False
305,3050.0,0.0,13,M1,R2,True,4078125.1113030114,1000000.0,2,True
305,3050.0,0.0,13,M1,R3,True,6768677.673822663,1000000.0,4,False
305,3050.0,0.0,13,M1,R4,True,7043863.120225582,1000000.0,3,False
305,3050.0,0.0,13,R1,S1,True,4031871.103130512,500000.0,2,True
305,3050.0,0.0,13,R1,S2,True,7043863.120225582,500000.0,3,False
305,3050.0,0.0,13,R2,S3,True,7830535.74603555,500000.0,1,False
305,3050.0,0.0,13,R2,S4,True,6768677.67382266,500000.0,4,False
305,3050.0,0.0,13,R3,A1,True,4168978.6198295355,500000.0,2,True
305,3050.0,0.0,13,R3,A2,True,7043863.120225582,500000.0,3,False
305,3050.0,0.0,13,R4,A3,True,7830535.74603555,500000.0,1,False
305,3050.0,0.0,13,R4,A4,True,6768677.67382266,500000.0,4,False
306,3060.0,0.0,13,M1,R1,True,7830535.74603555,1000000.0,1,False
306,3060.0,0.0,13,M1,R2,True,4076044.7626991346,1000000.0,2,True
306,3060.0,0.0,13,M1,R3,True,6768677.673822663,1000000.0,4,False
306,3060.0,0.0,13,M1,R4,True,7043863.120225582,1000000.0,3,False
306,3060.0,0.0,13,R1,S1,True,4029722.724535622,500000.0,2,True
306,3060.0,0.0,13,R1,S2,True,7043863.120225582,500000.0,3,False
306,3060.0,0.0,13,R2,S3,True,7830535.74603555,500000.0,1,False
306,3060.0,0.0,13,R2,S4,True,6768677.67382266,500000.0,4,False
306,3060.0,0.0,13,R3,A1,True,4167030.0041516935,500000.0,2,True
306,3060.0,0.0,13,R3,A2,True,7043863.120225582,500000.0,3,False
306,3060.0,0.0,13,R4,A3,True,7830535.74603555,500000.0,1,False
306,3060.0,0.0,13,R4,A4,True,6768677.67382266,500000.0,4,False
307,3070.0,0.0,13,M1,R1,True,7830535.74603555,1000000.0,1,False
307,3070.0,0.0,13,M1,R2,True,4073961.3308682945,1000000.0,2,True
307,3070.0,0.0,13,M1,R3,True,6768677.673822663,1000000.0,4,False
307,3070.0,0.0,13,M1,R4,True,7043863.120225582,1000000.0,3,False
307,3070.0,0.0,13,R1,S1,True,4027571.06948419,500000.0,2,True
307,3070.0,0.0,13,R1,S2,True,7043863.120225582,500000.0,3,False
307,3070.0,0.0,13,R2,S3,True,7830535.74603555,500000.0,1,False
307,3070.0,0.0,13,R2,S4,True,6768677.67382266,500000.0,4,False
307,3070.0,0.0,13,R3,A1,True,4165078.674240779,500000.0,2,True
307,3070.0,0.0,13,R3,A2,True,7043863.120225582,500000.0,3,False
307,3070.0,0.0,13,R4,A3,True,7830535.74603555,500000.0,1,False
307,3070.0,0.0,13,R4,A4,True,6768677.67382266,500000.0,4,False
308,3080.0,0.0,13,M1,R1,True,7830535.74603555,1000000.0,1,False
308,3080.0,0.0,13,M1,R2,True,4071874.8069698787,1000000.0,2,True
308,3080.0,0.0,13,M1,R3,True,6768677.673822663,1000000.0,4,False
308,3080.0,0.0,13,M1,R4,True,7043863.120225582,1000000.0,3,False
308,3080.0,0.0,13,R1,S1,True,4025416.1283091498,500000.0,2,True
308,3080.0,0.0,13,R1,S2,True,7043863.120225582,500000.0,3,False
308,3080.0,0.0,13,R2,S3,True,7830535.74603555,500000.0,1,False
308,3080.0,0.0,13,R2,S4,True,6768677.67382266,500000.0,4,False
308,3080.0,0.0,13,R3,A1,True,4163124.6228167075,500000.0,2,True
308,3080.0,0.0,13,R3,A2,True,7043863.120225582,500000.0,3,False
308,3080.0,0.0,13,R4,A3,True,7830535.74603555,500000.0,1,False
308,3080.0,0.0,13,R4,A4,True,6768677.67382266,500000.0,4,False
309,3090.0,0.0,13,M1,R1,True,7830535.74603555,1000000.0,1,False
309,3090.0,0.0,13,M1,R2,True,4069785.182125041,1000000.0,2,True
309,3090.0,0.0,13,M1,R3,True,6768677.673822663,1000000.0,4,False
309,3090.0,0.0,13,M1,R4,True,7043863.120225582,1000000.0,3,False
309,3090.0,0.0,13,R1,S1,True,4023257.891300493,500000.0,2,True
309,3090.0,0.0,13,R1,S2,True,7043863.120225582,500000.0,3,False
309,3090.0,0.0,13,R2,S3,True,7830535.74603555,500000.0,1,False
309,3090.0,0.0,13,R2,S4,True,6768677.67382266,500000.0,4,False
309,3090.0,0.0,13,R3,A1,True,4161167.842569914,500000.0,2,True
309,3090.0,0.0,13,R3,A2,True,7043863.120225582,500000.0,3,False
309,3090.0,0.0,13,R4,A3,True,7830535.74603555,500000.0,1,False
309,3090.0,0.0,13,R4,A4,True,6768677.67382266,500000.0,4,False
310,3100.0,0.0,13,M1,R1,True,7830535.74603555,1000000.0,1,False
310,3100.0,0.0,13,M1,R2,True,4067692.4474164518,1000000.0,2,True
310,3100.0,0.0,13,M1,R3,True,6768677.673822663,1000000.0,4,False
310,3100.0,0.0,13,M1,R4,True,7043863.120225582,1000000.0,3,False
310,3100.0,0.0,13,R1,S1,True,4021096.3487050277,500000.0,2,True
310,3100.0,0.0,13,R1,S2,True,7043863.120225582,500000.0,3,False
310,3100.0,0.0,13,R2,S3,True,7830535.74603555,500000.0,1,False
310,3100.0,0.0,13,R2,S4,True,6768677.67382266,500000.0,4,False
310,3100.0,0.0,13,R3,A1,True,4159208.3261612062,500000.0,2,True
310,3100.0,0.0,13,R3,A2,True,7043863.120225582,500000.0,3,False
310,3100.0,0.0,13,R4,A3,True,7830535.74603555,500000.0,1,False
310,3100.0,0.0,13,R4,A4,True,6768677.67382266,500000.0,4,False
311,3110.0,0.0,13,M1,R1,True,7830535.74603555,1000000.0,1,False
311,3110.0,0.0,13,M1,R2,True,4065596.593888086,1000000.0,2,True
311,3110.0,0.0,13,M1,R3,True,6768677.673822663,1000000.0,4,False
311,3110.0,0.0,13,M1,R4,True,7043863.120225582,1000000.0,3,False
311,3110.0,0.0,13,R1,S1,True,4018931.4907261124,500000.0,2,True
311,3110.0,0.0,13,R1,S2,True,7043863.120225582,500000.0,3,False
311,3110.0,0.0,13,R2,S3,True,7830535.74603555,500000.0,1,False
311,3110.0,0.0,13,R2,S4,True,6768677.67382266,500000.0,4,False
311,3110.0,0.0,13,R3,A1,True,4157246.0662215943,500000.0,2,True
311,3110.0,0.0,13,R3,A2,True,7043863.120225582,500000.0,3,False
311,3110.0,0.0,13,R4,A3,True,7830535.74603555,500000.0,1,False
311,3110.0,0.0,13,R4,A4,True,6768677.67382266,500000.0,4,False
312,3120.0,0.0,13,M1,R1,True,7830535.74603555,1000000.0,1,False
312,3120.0,0.0,13,M1,R2,True,4063497.6125450023,1000000.0,2,True
312,3120.0,0.0,13,M1,R3,True,6768677.673822663,1000000.0,4,False
312,3120.0,0.0,13,M1,R4,True,7043863.120225582,1000000.0,3,False
312,3120.0,0.0,13,R1,S1,True,4016763.307523407,500000.0,2,True
312,3120.0,0.0,13,R1,S2,True,7043863.120225582,500000.0,3,False
312,3120.0,0.0,13,R2,S3,True,7830535.74603555,500000.0,1,False
312,3120.0,0.0,13,R2,S4,True,6768677.67382266,500000.0,4,False
312,3120.0,0.0,13,R3,A1,True,4155281.055352135,500000.0,2,True
312,3120.0,0.0,13,R3,A2,True,7043863.120225582,500000.0,3,False
312,3120.0,0.0,13,R4,A3,True,7830535.74603555,500000.0,1,False
312,3120.0,0.0,13,R4,A4,True,6768677.67382266,500000.0,4,False
313,3130.0,0.0,13,M1,R1,True,7830535.74603555,1000000.0,1,False
313,3130.0,0.0,13,M1,R2,True,4061395.494353137,1000000.0,2,True
313,3130.0,0.0,13,M1,R3,True,6768677.673822663,1000000.0,4,False
313,3130.0,0.0,13,M1,R4,True,7043863.120225582,1000000.0,3,False
313,3130.0,0.0,13,R1,S1,True,4014591.7892126082,500000.0,2,True
313,3130.0,0.0,13,R1,S2,True,7043863.120225582,500000.0,3,False
313,3130.0,0.0,13,R2,S3,True,7830535.74603555,500000.0,1,False
313,3130.0,0.0,13,R2,S4,True,6768677.67382266,500000.0,4,False
313,3130.0,0.0,13,R3,A1,True,4153313.2861237745,500000.0,2,True
313,3130.0,0.0,13,R3,A2,True,7043863.120225582,500000.0,3,False
313,3130.0,0.0,13,R4,A3,True,7830535.74603555,500000.0,1,False
313,3130.0,0.0,13,R4,A4,True,6768677.67382266,500000.0,4,False
314,3140.0,0.0,13,M1,R1,True,7830535.74603555,1000000.0,1,False
314,3140.0,0.0,13,M1,R2,True,4059290.230239041,1000000.0,2,True
314,3140.0,0.0,13,M1,R3,True,6768677.673822663,1000000.0,4,False
314,3140.0,0.0,13,M1,R4,True,7043863.120225582,1000000.0,3,False
314,3140.0,0.0,13,R1,S1,True,4012416.9258651985,500000.0,2,True
314,3140.0,0.0,13,R1,S2,True,7043863.120225582,500000.0,3,False
314,3140.0,0.0,13,R2,S3,True,7830535.74603555,500000.0,1,False
314,3140.0,0.0,13,R2,S4,True,6768677.67382266,500000.0,4,False
314,3140.0,0.0,13,R3,A1,True,4151342.751077177,500000.0,2,True
314,3140.0,0.0,13,R3,A2,True,7043863.120225582,500000.0,3,False
314,3140.0,0.0,13,R4,A3,True,7830535.74603555,500000.0,1,False
314,3140.0,0.0,13,R4,A4,True,6768677.67382266,500000.0,4,False
315,3150.0,0.0,13,M1,R1,True,7830535.74603555,1000000.0,1,False
315,3150.0,0.0,13,M1,R2,True,4057181.8110896805,1000000.0,2,True
315,3150.0,0.0,13,M1,R3,True,6768677.673822663,1000000.0,4,False
315,3150.0,0.0,13,M1,R4,True,7043863.120225582,1000000.0,3,False
315,3150.0,0.0,13,R1,S1,True,4010238.7075081617,500000.0,2,True
315,3150.0,0.0,13,R1,S2,True,7043863.120225582,500000.0,3,False
315,3150.0,0.0,13,R2,S3,True,7830535.74603555,500000.0,1,False
315,3150.0,0.0,13,R2,S4,True,6768677.67382266,500000.0,4,False
315,3150.0,0.0,13,R3,A1,True,4149369.4427225636,500000.0,2,True
315,3150.0,0.0,13,R3,A2,True,7043863.120225582,500000.0,3,False
315,3150.0,0.0,13,R4,A3,True,7830535.74603555,500000.0,1,False
315,3150.0,0.0,13,R4,A4,True,6768677.67382266,500000.0,4,False
316,3160.0,0.0,13,M1,R1,True,7830535.74603555,1000000.0,1,False
316,3160.0,0.0,13,M1,R2,True,4055070.2277521803,1000000.0,2,True
316,3160.0,0.0,13,M1,R3,True,6768677.673822663,1000000.0,4,False
316,3160.0,0.0,13,M1,R4,True,7043863.120225582,1000000.0,3,False
316,3160.0,0.0,13,R1,S1,True,4008057.1241237577,500000.0,2,True
316,3160.0,0.0,13,R1,S2,True,7043863.120225582,500000.0,3,False
316,3160.0,0.0,13,R2,S3,True,7830535.74603555,500000.0,1,False
316,3160.0,0.0,13,R2,S4,True,6768677.67382266,500000.0,4,False
316,3160.0,0.0,13,R3,A1,True,4147393.3535395497,500000.0,2,True
316,3160.0,0.0,13,R3,A2,True,7043863.120225582,500000.0,3,False
316,3160.0,0.0,13,R4,A3,True,7830535.74603555,500000.0,1,False
316,3160.0,0.0,13,R4,A4,True,6768677.67382266,500000.0,4,False
317,3170.0,0.0,13,M1,R1,True,7830535.74603555,1000000.0,1,False
317,3170.0,0.0,13,M1,R2,True,4052955.471033634,1000000.0,2,True
317,3170.0,0.0,13,M1,R3,True,6768677.673822663,1000000.0,4,False
317,3170.0,0.0,13,M1,R4,True,7043863.120225582,1000000.0,3,False
317,3170.0,0.0,13,R1,S1,True,4005872.1656492134,500000.0,2,True
317,3170.0,0.0,13,R1,S2,True,7043863.120225582,500000.0,3,False
317,3170.0,0.0,13,R2,S3,True,7830535.74603555,500000.0,1,False
317,3170.0,0.0,13,R2,S4,True,6768677.67382266,500000.0,4,False
317,3170.0,0.0,13,R3,A1,True,4145414.475976982,500000.0,2,True
317,3170.0,0.0,13,R3,A2,True,7043863.120225582,500000.0,3,False
317,3170.0,0.0,13,R4,A3,True,7830535.74603555,500000.0,1,False
317,3170.0,0.0,13,R4,A4,True,6768677.67382266,500000.0,4,False
318,3180.0,0.0,13,M1,R1,True,7830535.74603555,1000000.0,1,False
318,3180.0,0.0,13,M1,R2,True,4050837.5317008314,1000000.0,2,True
318,3180.0,0.0,13,M1,R3,True,6768677.673822663,1000000.0,4,False
318,3180.0,0.0,13,M1,R4,True,7043863.120225582,1000000.0,3,False
318,3180.0,0.0,13,R1,S1,True,4003683.821976482,500000.0,2,True
318,3180.0,0.0,13,R1,S2,True,7043863.120225582,500000.0,3,False
318,3180.0,0.0,13,R2,S3,True,7830535.74603555,500000.0,1,False
318,3180.0,0.0,13,R2,S4,True,6768677.67382266,500000.0,4,False
318,3180.0,0.0,13,R3,A1,True,4143432.802452752,500000.0,2,True
318,3180.0,0.0,13,R3,A2,True,7043863.120225582,500000.0,3,False
318,3180.0,0.0,13,R4,A3,True,7830535.74603555,500000.0,1,False
318,3180.0,0.0,13,R4,A4,True,6768677.67382266,500000.0,4,False
319,3190.0,0.0,13,M1,R1,True,7830535.74603555,1000000.0,1,False
319,3190.0,0.0,13,M1,R2,True,4048716.4004800427,1000000.0,2,True
319,3190.0,0.0,13,M1,R3,True,6768677.673822663,1000000.0,4,False
319,3190.0,0.0,13,M1,R4,True,7043863.120225582,1000000.0,3,False
319,3190.0,0.0,13,R1,S1,True,4001492.0829519634,500000.0,2,True
319,3190.0,0.0,13,R1,S2,True,7043863.120225582,500000.0,3,False
319,3190.0,0.0,13,R2,S3,True,7830535.74603555,500000.0,1,False
319,3190.0,0.0,13,R2,S4,True,6768677.67382266,500000.0,4,False
319,3190.0,0.0,13,R3,A1,True,4141448.3253536643,500000.0,2,True
319,3190.0,0.0,13,R3,A2,True,7043863.120225582,500000.0,3,False
319,3190.0,0.0,13,R4,A3,True,7830535.74603555,500000.0,1,False
319,3190.0,0.0,13,R4,A4,True,6768677.67382266,500000.0,4,False
320,3200.0,0.0,13,M1,R1,True,7830535.74603555,1000000.0,1,False
320,3200.0,0.0,13,M1,R2,True,4046592.068056774,1000000.0,2,True
320,3200.0,0.0,13,M1,R3,True,6768677.673822663,1000000.0,4,False
320,3200.0,0.0,13,M1,R4,True,7043863.120225582,1000000.0,3,False
320,3200.0,0.0,13,R1,S1,True,3999296.938376239,500000.0,2,True
320,3200.0,0.0,13,R1,S2,True,7043863.120225582,500000.0,3,False
320,3200.0,0.0,13,R2,S3,True,7830535.74603555,500000.0,1,False
320,3200.0,0.0,13,R2,S4,True,6768677.67382266,500000.0,4,False
320,3200.0,0.0,13,R3,A1,True,4139461.03703522,500000.0,2,True
320,3200.0,0.0,13,R3,A2,True,7043863.120225582,500000.0,3,False
320,3200.0,0.0,13,R4,A3,True,7830535.74603555,500000.0,1,False
320,3200.0,0.0,13,R4,A4,True,6768677.67382266,500000.0,4,False
321,3210.0,0.0,13,M1,R1,True,7830535.74603555,1000000.0,1,False
321,3210.0,0.0,13,M1,R2,True,4044464.5250755446,1000000.0,2,True
321,3210.0,0.0,13,M1,R3,True,6768677.673822663,1000000.0,4,False
321,3210.0,0.0,13,M1,R4,True,7043863.120225582,1000000.0,3,False
321,3210.0,0.0,13,R1,S1,True,3997098.3780037733,500000.0,2,True
321,3210.0,0.0,13,R1,S2,True,7043863.120225582,500000.0,3,False
321,3210.0,0.0,13,R2,S3,True,7830535.74603555,500000.0,1,False
321,3210.0,0.0,13,R2,S4,True,6768677.67382266,500000.0,4,False
321,3210.0,0.0,13,R3,A1,True,4137470.929821502,500000.0,2,True
321,3210.0,0.0,13,R3,A2,True,7043863.120225582,500000.0,3,False
321,3210.0,0.0,13,R4,A3,True,7830535.74603555,500000.0,1,False
321,3210.0,0.0,13,R4,A4,True,6768677.67382266,500000.0,4,False
322,3220.0,0.0,13,M1,R1,True,7830535.74603555,1000000.0,1,False
322,3220.0,0.0,13,M1,R2,True,4042333.7621396193,1000000.0,2,True
322,3220.0,0.0,13,M1,R3,True,6768677.673822663,1000000.0,4,False
322,3220.0,0.0,13,M1,R4,True,7043863.120225582,1000000.0,3,False
322,3220.0,0.0,13,R1,S1,True,3994896.391542677,500000.0,2,True
322,3220.0,0.0,13,R1,S2,True,7043863.120225582,500000.0,3,False
322,3220.0,0.0,13,R2,S3,True,7830535.74603555,500000.0,1,False
322,3220.0,0.0,13,R2,S4,True,6768677.67382266,500000.0,4,False
322,3220.0,0.0,13,R3,A1,True,4135477.9960049386,500000.0,2,True
322,3220.0,0.0,13,R3,A2,True,7043863.120225582,500000.0,3,False
322,3220.0,0.0,13,R4,A3,True,7830535.74603555,500000.0,1,False
322,3220.0,0.0,13,R4,A4,True,6768677.67382266,500000.0,4,False
323,3230.0,0.0,13,M1,R1,True,7830535.74603555,1000000.0,1,False
323,3230.0,0.0,13,M1,R2,True,4040199.7698108014,1000000.0,2,True
323,3230.0,0.0,13,M1,R3,True,6768677.673822663,1000000.0,4,False
323,3230.0,0.0,13,M1,R4,True,7043863.120225582,1000000.0,3,False
323,3230.0,0.0,13,R1,S1,True,3992690.9686544025,500000.0,2,True
323,3230.0,0.0,13,R1,S2,True,7043863.120225582,500000.0,3,False
323,3230.0,0.0,13,R2,S3,True,7830535.74603555,500000.0,1,False
323,3230.0,0.0,13,R2,S4,True,6768677.67382266,500000.0,4,False
323,3230.0,0.0,13,R3,A1,True,4133482.2278461917,500000.0,2,True
323,3230.0,0.0,13,R3,A2,True,7043863.120225582,500000.0,3,False
323,3230.0,0.0,13,R4,A3,True,7830535.74603555,500000.0,1,False
323,3230.0,0.0,13,R4,A4,True,6768677.67382266,500000.0,4,False
324,3240.0,0.0,13,M1,R1,True,7830535.74603555,1000000.0,1,False
324,3240.0,0.0,13,M1,R2,True,4038062.53860916,1000000.0,2,True
324,3240.0,0.0,13,M1,R3,True,6768677.673822663,1000000.0,4,False
324,3240.0,0.0,13,M1,R4,True,7043863.120225582,1000000.0,3,False
324,3240.0,0.0,13,R1,S1,True,3990482.0989534603,500000.0,2,True
324,3240.0,0.0,13,R1,S2,True,7043863.120225582,500000.0,3,False
324,3240.0,0.0,13,R2,S3,True,7830535.74603555,500000.0,1,False
324,3240.0,0.0,13,R2,S4,True,6768677.67382266,500000.0,4,False
324,3240.0,0.0,13,R3,A1,True,4131483.6175739407,500000.0,2,True
324,3240.0,0.0,13,R3,A2,True,7043863.120225582,500000.0,3,False
324,3240.0,0.0,13,R4,A3,True,7830535.74603555,500000.0,1,False
324,3240.0,0.0,13,R4,A4,True,6768677.67382266,500000.0,4,False
325,3250.0,0.0,13,M1,R1,True,7830535.74603555,1000000.0,1,False
325,3250.0,0.0,13,M1,R2,True,4035922.059012787,1000000.0,2,True
325,3250.0,0.0,13,M1,R3,True,6768677.673822663,1000000.0,4,False
325,3250.0,0.0,13,M1,R4,True,7043863.120225582,1000000.0,3,False
325,3250.0,0.0,13,R1,S1,True,3988269.7720071445,500000.0,2,True
325,3250.0,0.0,13,R1,S2,True,7043863.120225582,500000.0,3,False
325,3250.0,0.0,13,R2,S3,True,7830535.74603555,500000.0,1,False
325,3250.0,0.0,13,R2,S4,True,6768677.67382266,500000.0,4,False
325,3250.0,0.0,13,R3,A1,True,4129482.1573847206,500000.0,2,True
325,3250.0,0.0,13,R3,A2,True,7043863.120225582,500000.0,3,False
325,3250.0,0.0,13,R4,A3,True,7830535.74603555,500000.0,1,False
325,3250.0,0.0,13,R4,A4,True,6768677.67382266,500000.0,4,False
326,3260.0,0.0,13,M1,R1,True,7830535.74603555,1000000.0,1,False
326,3260.0,0.0,13,M1,R2,True,4033778.3214575895,1000000.0,2,True
326,3260.0,0.0,13,M1,R3,True,6768677.673822663,1000000.0,4,False
326,3260.0,0.0,13,M1,R4,True,7043863.120225582,1000000.0,3,False
326,3260.0,0.0,13,R1,S1,True,3986053.9773352616,500000.0,2,True
326,3260.0,0.0,13,R1,S2,True,7043863.120225582,500000.0,3,False
326,3260.0,0.0,13,R2,S3,True,7830535.74603555,500000.0,1,False
326,3260.0,0.0,13,R2,S4,True,6768677.67382266,500000.0,4,False
326,3260.0,0.0,13,R3,A1,True,4127477.8394427514,500000.0,2,True
326,3260.0,0.0,13,R3,A2,True,7043863.120225582,500000.0,3,False
326,3260.0,0.0,13,R4,A3,True,7830535.74603555,500000.0,1,False
326,3260.0,0.0,13,R4,A4,True,6768677.67382266,500000.0,4,False
327,3270.0,0.0,13,M1,R1,True,7830535.74603555,1000000.0,1,False
327,3270.0,0.0,13,M1,R2,True,4031631.316336985,1000000.0,2,True
327,3270.0,0.0,13,M1,R3,True,6768677.673822663,1000000.0,4,False
327,3270.0,0.0,13,M1,R4,True,7043863.120225582,1000000.0,3,False
327,3270.0,0.0,13,R1,S1,True,3983834.704409823,500000.0,2,True
327,3270.0,0.0,13,R1,S2,True,7043863.120225582,500000.0,3,False
327,3270.0,0.0,13,R2,S3,True,7830535.74603555,500000.0,1,False
327,3270.0,0.0,13,R2,S4,True,6768677.67382266,500000.0,4,False
327,3270.0,0.0,13,R3,A1,True,4125470.655879754,500000.0,2,True
327,3270.0,0.0,13,R3,A2,True,7043863.120225582,500000.0,3,False
327,3270.0,0.0,13,R4,A3,True,7830535.74603555,500000.0,1,False
327,3270.0,0.0,13,R4,A4,True,6768677.67382266,500000.0,4,False
328,3280.0,0.0,13,M1,R1,True,7830535.74603555,1000000.0,1,False
328,3280.0,0.0,13,M1,R2,True,4029481.034001683,1000000.0,2,True
328,3280.0,0.0,13,M1,R3,True,6768677.673822663,1000000.0,4,False
328,3280.0,0.0,13,M1,R4,True,7043863.120225582,1000000.0,3,False
328,3280.0,0.0,13,R1,S1,True,3981611.9426547578,500000.0,2,True
328,3280.0,0.0,13,R1,S2,True,7043863.120225582,500000.0,3,False
328,3280.0,0.0,13,R2,S3,True,7830535.74603555,500000.0,1,False
328,3280.0,0.0,13,R2,S4,True,6768677.67382266,500000.0,4,False
328,3280.0,0.0,13,R3,A1,True,4123460.598794779,500000.0,2,True
328,3280.0,0.0,13,R3,A2,True,7043863.120225582,500000.0,3,False
328,3280.0,0.0,13,R4,A3,True,7830535.74603555,500000.0,1,False
328,3280.0,0.0,13,R4,A4,True,6768677.67382266,500000.0,4,False
329,3290.0,0.0,13,M1,R1,True,7830535.74603555,1000000.0,1,False
329,3290.0,0.0,13,M1,R2,True,4027327.464759435,1000000.0,2,True
329,3290.0,0.0,13,M1,R3,True,6768677.673822663,1000000.0,4,False
329,3290.0,0.0,13,M1,R4,True,7043863.120225582,1000000.0,3,False
329,3290.0,0.0,13,R1,S1,True,3979385.6814456317,500000.0,2,True
329,3290.0,0.0,13,R1,S2,True,7043863.120225582,500000.0,3,False
329,3290.0,0.0,13,R2,S3,True,7830535.74603555,500000.0,1,False
329,3290.0,0.0,13,R2,S4,True,6768677.67382266,500000.0,4,False
329,3290.0,0.0,13,R3,A1,True,4121447.6602540123,500000.0,2,True
329,3290.0,0.0,13,R3,A2,True,7043863.120225582,500000.0,3,False
329,3290.0,0.0,13,R4,A3,True,7830535.74603555,500000.0,1,False
329,3290.0,0.0,13,R4,A4,True,6768677.67382266,500000.0,4,False
330,3300.0,0.0,13,M1,R1,True,7830535.74603555,1000000.0,1,False
330,3300.0,0.0,13,M1,R2,True,4025170.598874758,1000000.0,2,True
330,3300.0,0.0,13,M1,R3,True,6768677.673822663,1000000.0,4,False
330,3300.0,0.0,13,M1,R4,True,7043863.120225582,1000000.0,3,False
330,3300.0,0.0,13,R1,S1,True,3977155.9101093523,500000.0,2,True
330,3300.0,0.0,13,R1,S2,True,7043863.120225582,500000.0,3,False
330,3300.0,0.0,13,R2,S3,True,7830535.74603555,500000.0,1,False
330,3300.0,0.0,13,R2,S4,True,6768677.67382266,500000.0,4,False
330,3300.0,0.0,13,R3,A1,True,4119431.8322905977,500000.0,2,True
330,3300.0,0.0,13,R3,A2,True,7043863.120225582,500000.0,3,False
330,3300.0,0.0,13,R4,A3,True,7830535.74603555,500000.0,1,False
330,3300.0,0.0,13,R4,A4,True,6768677.67382266,500000.0,4,False
331,3310.0,0.0,13,M1,R1,True,7830535.74603555,1000000.0,1,False
331,3310.0,0.0,13,M1,R2,True,4023010.426568707,1000000.0,2,True
331,3310.0,0.0,13,M1,R3,True,6768677.673822663,1000000.0,4,False
331,3310.0,0.0,13,M1,R4,True,7043863.120225582,1000000.0,3,False
331,3310.0,0.0,13,R1,S1,True,3974922.6179238698,500000.0,2,True
331,3310.0,0.0,13,R1,S2,True,7043863.120225582,500000.0,3,False
331,3310.0,0.0,13,R2,S3,True,7830535.74603555,500000.0,1,False
331,3310.0,0.0,13,R2,S4,True,6768677.67382266,500000.0,4,False
331,3310.0,0.0,13,R3,A1,True,4117413.1069044676,500000.0,2,True
331,3310.0,0.0,13,R3,A2,True,7043863.120225582,500000.0,3,False
331,3310.0,0.0,13,R4,A3,True,7830535.74603555,500000.0,1,False
331,3310.0,0.0,13,R4,A4,True,6768677.67382266,500000.0,4,False
332,3320.0,0.0,13,M1,R1,True,7830535.74603555,1000000.0,1,False
332,3320.0,0.0,13,M1,R2,True,4020846.938018593,1000000.0,2,True
332,3320.0,0.0,13,M1,R3,True,6768677.673822663,1000000.0,4,False
332,3320.0,0.0,13,M1,R4,True,7043863.120225582,1000000.0,3,False
332,3320.0,0.0,13,R1,S1,True,3972685.7941178805,500000.0,2,True
332,3320.0,0.0,13,R1,S2,True,7043863.120225582,500000.0,3,False
332,3320.0,0.0,13,R2,S3,True,7830535.74603555,500000.0,1,False
332,3320.0,0.0,13,R2,S4,True,6768677.67382266,500000.0,4,False
332,3320.0,0.0,13,R3,A1,True,4115391.4760621404,500000.0,2,True
332,3320.0,0.0,13,R3,A2,True,7043863.120225582,500000.0,3,False
332,3320.0,0.0,13,R4,A3,True,7830535.74603555,500000.0,1,False
332,3320.0,0.0,13,R4,A4,True,6768677.67382266,500000.0,4,False
333,3330.0,0.0,13,M1,R1,True,7830535.74603555,1000000.0,1,False
333,3330.0,0.0,13,M1,R2,True,4018680.1233577365,1000000.0,2,True
333,3330.0,0.0,13,M1,R3,True,6768677.673822663,1000000.0,4,False
333,3330.0,0.0,13,M1,R4,True,7043863.120225582,1000000.0,3,False
333,3330.0,0.0,13,R1,S1,True,3970445.427870518,500000.0,2,True
333,3330.0,0.0,13,R1,S2,True,7043863.120225582,500000.0,3,False
333,3330.0,0.0,13,R2,S3,True,7830535.74603555,500000.0,1,False
333,3330.0,0.0,13,R2,S4,True,6768677.67382266,500000.0,4,False
333,3330.0,0.0,13,R3,A1,True,4113366.9316965537,500000.0,2,True
333,3330.0,0.0,13,R3,A2,True,7043863.120225582,500000.0,3,False
333,3330.0,0.0,13,R4,A3,True,7830535.74603555,500000.0,1,False
333,3330.0,0.0,13,R4,A4,True,6768677.67382266,500000.0,4,False
334,3340.0,0.0,13,M1,R1,True,7830535.74603555,1000000.0,1,False
334,3340.0,0.0,13,M1,R2,True,4016509.9726751964,1000000.0,2,True
334,3340.0,0.0,13,M1,R3,True,6768677.673822663,1000000.0,4,False
334,3340.0,0.0,13,M1,R4,True,7043863.120225582,1000000.0,3,False
334,3340.0,0.0,13,R1,S1,True,3968201.508311072,500000.0,2,True
334,3340.0,0.0,13,R1,S2,True,7043863.120225582,500000.0,3,False
334,3340.0,0.0,13,R2,S3,True,7830535.74603555,500000.0,1,False
334,3340.0,0.0,13,R2,S4,True,6768677.67382266,500000.0,4,False
334,3340.0,0.0,13,R3,A1,True,4111339.4657068686,500000.0,2,True
334,3340.0,0.0,13,R3,A2,True,7043863.120225582,500000.0,3,False
334,3340.0,0.0,13,R4,A3,True,7830535.74603555,500000.0,1,False
334,3340.0,0.0,13,R4,A4,True,6768677.67382266,500000.0,4,False
335,3350.0,0.0,13,M1,R1,True,7830535.74603555,1000000.0,1,False
335,3350.0,0.0,13,M1,R2,True,4014336.4760155124,1000000.0,2,True
335,3350.0,0.0,13,M1,R3,True,6768677.673822663,1000000.0,4,False
335,3350.0,0.0,13,M1,R4,True,7043863.120225582,1000000.0,3,False
335,3350.0,0.0,13,R1,S1,True,3965954.024518668,500000.0,2,True
335,3350.0,0.0,13,R1,S2,True,7043863.120225582,500000.0,3,False
335,3350.0,0.0,13,R2,S3,True,7830535.74603555,500000.0,1,False
335,3350.0,0.0,13,R2,S4,True,6768677.67382266,500000.0,4,False
335,3350.0,0.0,13,R3,A1,True,4109309.069958261,500000.0,2,True
335,3350.0,0.0,13,R3,A2,True,7043863.120225582,500000.0,3,False
335,3350.0,0.0,13,R4,A3,True,7830535.74603555,500000.0,1,False
335,3350.0,0.0,13,R4,A4,True,6768677.67382266,500000.0,4,False
336,3360.0,0.0,13,M1,R1,True,7830535.74603555,1000000.0,1,False
336,3360.0,0.0,13,M1,R2,True,4012159.6233784463,1000000.0,2,True
336,3360.0,0.0,13,M1,R3,True,6768677.673822663,1000000.0,4,False
336,3360.0,0.0,13,M1,R4,True,7043863.120225582,1000000.0,3,False
336,3360.0,0.0,13,R1,S1,True,3963702.9655219624,500000.0,2,True
336,3360.0,0.0,13,R1,S2,True,7043863.120225582,500000.0,3,False
336,3360.0,0.0,13,R2,S3,True,7830535.74603555,500000.0,1,False
336,3360.0,0.0,13,R2,S4,True,6768677.67382266,500000.0,4,False
336,3360.0,0.0,13,R3,A1,True,4107275.736281785,500000.0,2,True
336,3360.0,0.0,13,R3,A2,True,7043863.120225582,500000.0,3,False
336,3360.0,0.0,13,R4,A3,True,7830535.74603555,500000.0,1,False
336,3360.0,0.0,13,R4,A4,True,6768677.67382266,500000.0,4,False
337,3370.0,0.0,13,M1,R1,True,7830535.74603555,1000000.0,1,False
337,3370.0,0.0,13,M1,R2,True,4009979.4047186947,1000000.0,2,True
337,3370.0,0.0,13,M1,R3,True,6768677.673822663,1000000.0,4,False
337,3370.0,0.0,13,M1,R4,True,7043863.120225582,1000000.0,3,False
337,3370.0,0.0,13,R1,S1,True,3961448.32029883,500000.0,2,True
337,3370.0,0.0,13,R1,S2,True,7043863.120225582,500000.0,3,False
337,3370.0,0.0,13,R2,S3,True,7830535.74603555,500000.0,1,False
337,3370.0,0.0,13,R2,S4,True,6768677.67382266,500000.0,4,False
337,3370.0,0.0,13,R3,A1,True,4105239.4564741263,500000.0,2,True
337,3370.0,0.0,13,R3,A2,True,7043863.120225582,500000.0,3,False
337,3370.0,0.0,13,R4,A3,True,7830535.74603555,500000.0,1,False
337,3370.0,0.0,13,R4,A4,True,6768677.67382266,500000.0,4,False
338,3380.0,0.0,13,M1,R1,True,7830535.74603555,1000000.0,1,False
338,3380.0,0.0,13,M1,R2,True,4007795.8099456383,1000000.0,2,True
338,3380.0,0.0,13,M1,R3,True,6768677.673822663,1000000.0,4,False
338,3380.0,0.0,13,M1,R4,True,7043863.120225582,1000000.0,3,False
338,3380.0,0.0,13,R1,S1,True,3959190.0777760656,500000.0,2,True
338,3380.0,0.0,13,R1,S2,True,7043863.120225582,500000.0,3,False
338,3380.0,0.0,13,R2,S3,True,7830535.74603555,500000.0,1,False
338,3380.0,0.0,13,R2,S4,True,6768677.67382266,500000.0,4,False
338,3380.0,0.0,13,R3,A1,True,4103200.222297451,500000.0,2,True
338,3380.0,0.0,13,R3,A2,True,7043863.120225582,500000.0,3,False
338,3380.0,0.0,13,R4,A3,True,7830535.74603555,500000.0,1,False
338,3380.0,0.0,13,R4,A4,True,6768677.67382266,500000.0,4,False
339,3390.0,0.0,13,M1,R1,True,7830535.74603555,1000000.0,1,False
339,3390.0,0.0,13,M1,R2,True,4005608.8289230606,1000000.0,2,True
339,3390.0,0.0,13,M1,R3,True,6768677.673822663,1000000.0,4,False
339,3390.0,0.0,13,M1,R4,True,7043863.120225582,1000000.0,3,False
339,3390.0,0.0,13,R1,S1,True,3956928.2268290557,500000.0,2,True
339,3390.0,0.0,13,R1,S2,True,7043863.120225582,500000.0,3,False
339,3390.0,0.0,13,R2,S3,True,7830535.74603555,500000.0,1,False
339,3390.0,0.0,13,R2,S4,True,6768677.67382266,500000.0,4,False
339,3390.0,0.0,13,R3,A1,True,4101158.025479176,500000.0,2,True
339,3390.0,0.0,13,R3,A2,True,7043863.120225582,500000.0,3,False
339,3390.0,0.0,13,R4,A3,True,7830535.74603555,500000.0,1,False
339,3390.0,0.0,13,R4,A4,True,6768677.67382266,500000.0,4,False
340,3400.0,0.0,13,M1,R1,True,7830535.74603555,1000000.0,1,False
340,3400.0,0.0,13,M1,R2,True,4003418.4514688784,1000000.0,2,True
340,3400.0,0.0,13,M1,R3,True,6768677.673822663,1000000.0,4,False
340,3400.0,0.0,13,M1,R4,True,7043863.120225582,1000000.0,3,False
340,3400.0,0.0,13,R1,S1,True,3954662.7562814713,500000.0,2,True
340,3400.0,0.0,13,R1,S2,True,7043863.120225582,500000.0,3,False
340,3400.0,0.0,13,R2,S3,True,7830535.74603555,500000.0,1,False
340,3400.0,0.0,13,R2,S4,True,6768677.67382266,500000.0,4,False
340,3400.0,0.0,13,R3,A1,True,4099112.857711817,500000.0,2,True
340,3400.0,0.0,13,R3,A2,True,7043863.120225582,500000.0,3,False
340,3400.0,0.0,13,R4,A3,True,7830535.74603555,500000.0,1,False
340,3400.0,0.0,13,R4,A4,True,6768677.67382266,500000.0,4,False
341,3410.0,0.0,13,M1,R1,True,7830535.74603555,1000000.0,1,False
341,3410.0,0.0,13,M1,R2,True,4001224.6673548627,1000000.0,2,True
341,3410.0,0.0,13,M1,R3,True,6768677.673822663,1000000.0,4,False
341,3410.0,0.0,13,M1,R4,True,7043863.120225582,1000000.0,3,False
341,3410.0,0.0,13,R1,S1,True,3952393.6549049453,500000.0,2,True
341,3410.0,0.0,13,R1,S2,True,7043863.120225582,500000.0,3,False
341,3410.0,0.0,13,R2,S3,True,7830535.74603555,500000.0,1,False
341,3410.0,0.0,13,R2,S4,True,6768677.67382266,500000.0,4,False
341,3410.0,0.0,13,R3,A1,True,4097064.710652763,500000.0,2,True
341,3410.0,0.0,13,R3,A2,True,7043863.120225582,500000.0,3,False
341,3410.0,0.0,13,R4,A3,True,7830535.74603555,500000.0,1,False
341,3410.0,0.0,13,R4,A4,True,6768677.67382266,500000.0,4,False
342,3420.0,0.0,13,M1,R1,True,7830535.74603555,1000000.0,1,False
342,3420.0,0.0,13,M1,R2,True,3999027.4663063535,1000000.0,2,True
342,3420.0,0.0,13,M1,R3,True,6768677.673822663,1000000.0,4,False
342,3420.0,0.0,13,M1,R4,True,7043863.120225582,1000000.0,3,False
342,3420.0,0.0,13,R1,S1,True,3950120.91141875,500000.0,2,True
342,3420.0,0.0,13,R1,S2,True,7043863.120225582,500000.0,3,False
342,3420.0,0.0,13,R2,S3,True,7830535.74603555,500000.0,1,False
342,3420.0,0.0,13,R2,S4,True,6768677.67382266,500000.0,4,False
342,3420.0,0.0,13,R3,A1,True,4095013.575924084,500000.0,2,True
342,3420.0,0.0,13,R3,A2,True,7043863.120225582,500000.0,3,False
342,3420.0,0.0,13,R4,A3,True,7830535.74603555,500000.0,1,False
342,3420.0,0.0,13,R4,A4,True,6768677.67382266,500000.0,4,False
343,3430.0,0.0,13,M1,R1,True,7830535.74603555,1000000.0,1,False
343,3430.0,0.0,13,M1,R2,True,3996826.838002012,1000000.0,2,True
343,3430.0,0.0,13,M1,R3,True,6768677.673822663,1000000.0,4,False
343,3430.0,0.0,13,M1,R4,True,7043863.120225582,1000000.0,3,False
343,3430.0,0.0,13,R1,S1,True,3947844.514489483,500000.0,2,True
343,3430.0,0.0,13,R1,S2,True,7043863.120225582,500000.0,3,False
343,3430.0,0.0,13,R2,S3,True,7830535.74603555,500000.0,1,False
343,3430.0,0.0,13,R2,S4,True,6768677.67382266,500000.0,4,False
343,3430.0,0.0,13,R3,A1,True,4092959.4451123388,500000.0,2,True
343,3430.0,0.0,13,R3,A2,True,7043863.120225582,500000.0,3,False
343,3430.0,0.0,13,R4,A3,True,7830535.74603555,500000.0,1,False
343,3430.0,0.0,13,R4,A4,True,6768677.67382266,500000.0,4,False
344,3440.0,0.0,13,M1,R1,True,7830535.74603555,1000000.0,1,False
344,3440.0,0.0,13,M1,R2,True,3994622.7720734817,1000000.0,2,True
344,3440.0,0.0,13,M1,R3,True,6768677.673822663,1000000.0,4,False
344,3440.0,0.0,13,M1,R4,True,7043863.120225582,1000000.0,3,False
344,3440.0,0.0,13,R1,S1,True,3945564.452730731,500000.0,2,True
344,3440.0,0.0,13,R1,S2,True,7043863.120225582,500000.0,3,False
344,3440.0,0.0,13,R2,S3,True,7830535.74603555,500000.0,1,False
344,3440.0,0.0,13,R2,S4,True,6768677.67382266,500000.0,4,False
344,3440.0,0.0,13,R3,A1,True,4090902.309768369,500000.0,2,True
344,3440.0,0.0,13,R3,A2,True,7043863.120225582,500000.0,3,False
344,3440.0,0.0,13,R4,A3,True,7830535.74603555,500000.0,1,False
344,3440.0,0.0,13,R4,A4,True,6768677.67382266,500000.0,4,False
345,3450.0,0.0,13,M1,R1,True,7830535.74603555,1000000.0,1,False
345,3450.0,0.0,13,M1,R2,True,3992415.258105167,1000000.0,2,True
345,3450.0,0.0,13,M1,R3,True,6768677.673822663,1000000.0,4,False
345,3450.0,0.0,13,M1,R4,True,7043863.120225582,1000000.0,3,False
345,3450.0,0.0,13,R1,S1,True,3943280.7147027357,500000.0,2,True
345,3450.0,0.0,13,R1,S2,True,7043863.120225582,500000.0,3,False
345,3450.0,0.0,13,R2,S3,True,7830535.74603555,500000.0,1,False
345,3450.0,0.0,13,R2,S4,True,6768677.67382266,500000.0,4,False
345,3450.0,0.0,13,R3,A1,True,4088842.161407099,500000.0,2,True
345,3450.0,0.0,13,R3,A2,True,7043863.120225582,500000.0,3,False
345,3450.0,0.0,13,R4,A3,True,7830535.74603555,500000.0,1,False
345,3450.0,0.0,13,R4,A4,True,6768677.67382266,500000.0,4,False
346,3460.0,0.0,13,M1,R1,True,7830535.74603555,1000000.0,1,False
346,3460.0,0.0,13,M1,R2,True,3990204.2856338983,1000000.0,2,True
346,3460.0,0.0,13,M1,R3,True,6768677.673822663,1000000.0,4,False
346,3460.0,0.0,13,M1,R4,True,7043863.120225582,1000000.0,3,False
346,3460.0,0.0,13,R1,S1,True,3940993.2889120835,500000.0,2,True
346,3460.0,0.0,13,R1,S2,True,7043863.120225582,500000.0,3,False
346,3460.0,0.0,13,R2,S3,True,7830535.74603555,500000.0,1,False
346,3460.0,0.0,13,R2,S4,True,6768677.67382266,500000.0,4,False
346,3460.0,0.0,13,R3,A1,True,4086778.991507349,500000.0,2,True
346,3460.0,0.0,13,R3,A2,True,7043863.120225582,500000.0,3,False
346,3460.0,0.0,13,R4,A3,True,7830535.74603555,500000.0,1,False
346,3460.0,0.0,13,R4,A4,True,6768677.67382266,500000.0,4,False
347,3470.0,0.0,13,M1,R1,True,7830535.74603555,1000000.0,1,False
347,3470.0,0.0,13,M1,R2,True,3987989.8441486745,1000000.0,2,True
347,3470.0,0.0,13,M1,R3,True,6768677.673822663,1000000.0,4,False
347,3470.0,0.0,13,M1,R4,True,7043863.120225582,1000000.0,3,False
347,3470.0,0.0,13,R1,S1,True,3938702.1638113484,500000.0,2,True
347,3470.0,0.0,13,R1,S2,True,7043863.120225582,500000.0,3,False
347,3470.0,0.0,13,R2,S3,True,7830535.74603555,500000.0,1,False
347,3470.0,0.0,13,R2,S4,True,6768677.67382266,500000.0,4,False
347,3470.0,0.0,13,R3,A1,True,4084712.791511602,500000.0,2,True
347,3470.0,0.0,13,R3,A2,True,7043863.120225582,500000.0,3,False
347,3470.0,0.0,13,R4,A3,True,7830535.74603555,500000.0,1,False
347,3470.0,0.0,13,R4,A4,True,6768677.67382266,500000.0,4,False
348,3480.0,0.0,13,M1,R1,True,7830535.74603555,1000000.0,1,False
348,3480.0,0.0,13,M1,R2,True,3985771.9230903513,1000000.0,2,True
348,3480.0,0.0,13,M1,R3,True,6768677.673822663,1000000.0,4,False
348,3480.0,0.0,13,M1,R4,True,7043863.120225582,1000000.0,3,False
348,3480.0,0.0,13,R1,S1,True,3936407.3277987726,500000.0,2,True
348,3480.0,0.0,13,R1,S2,True,7043863.120225582,500000.0,3,False
348,3480.0,0.0,13,R2,S3,True,7830535.74603555,500000.0,1,False
348,3480.0,0.0,13,R2,S4,True,6768677.67382266,500000.0,4,False
348,3480.0,0.0,13,R3,A1,True,4082643.5528258164,500000.0,2,True
348,3480.0,0.0,13,R3,A2,True,7043863.120225582,500000.0,3,False
348,3480.0,0.0,13,R4,A3,True,7830535.74603555,500000.0,1,False
348,3480.0,0.0,13,R4,A4,True,6768677.67382266,500000.0,4,False
349,3490.0,0.0,13,M1,R1,True,7830535.74603555,1000000.0,1,False
349,3490.0,0.0,13,M1,R2,True,3983550.511851367,1000000.0,2,True
349,3490.0,0.0,13,M1,R3,True,6768677.673822663,1000000.0,4,False
349,3490.0,0.0,13,M1,R4,True,7043863.120225582,1000000.0,3,False
349,3490.0,0.0,13,R1,S1,True,3934108.769217924,500000.0,2,True
349,3490.0,0.0,13,R1,S2,True,7043863.120225582,500000.0,3,False
349,3490.0,0.0,13,R2,S3,True,7830535.74603555,500000.0,1,False
349,3490.0,0.0,13,R2,S4,True,6768677.67382266,500000.0,4,False
349,3490.0,0.0,13,R3,A1,True,4080571.266819218,500000.0,2,True
349,3490.0,0.0,13,R3,A2,True,7043863.120225582,500000.0,3,False
349,3490.0,0.0,13,R4,A3,True,7830535.74603555,500000.0,1,False
349,3490.0,0.0,13,R4,A4,True,6768677.67382266,500000.0,4,False
350,3500.0,0.0,13,M1,R1,True,7830535.74603555,1000000.0,1,False
350,3500.0,0.0,13,M1,R2,True,3981325.599775437,1000000.0,2,True
350,3500.0,0.0,13,M1,R3,True,6768677.673822663,1000000.0,4,False
350,3500.0,0.0,13,M1,R4,True,7043863.120225582,1000000.0,3,False
350,3500.0,0.0,13,R1,S1,True,3931806.476357351,500000.0,2,True
350,3500.0,0.0,13,R1,S2,True,7043863.120225582,500000.0,3,False
350,3500.0,0.0,13,R2,S3,True,7830535.74603555,500000.0,1,False
350,3500.0,0.0,13,R2,S4,True,6768677.67382266,500000.0,4,False
350,3500.0,0.0,13,R3,A1,True,4078495.924824091,500000.0,2,True
350,3500.0,0.0,13,R3,A2,True,7043863.120225582,500000.0,3,False
350,3500.0,0.0,13,R4,A3,True,7830535.74603555,500000.0,1,False
350,3500.0,0.0,13,R4,A4,True,6768677.67382266,500000.0,4,False
351,3510.0,0.0,13,M1,R1,True,7830535.74603555,1000000.0,1,False
351,3510.0,0.0,13,M1,R2,True,3979097.176157252,1000000.0,2,True
351,3510.0,0.0,13,M1,R3,True,6768677.673822663,1000000.0,4,False
351,3510.0,0.0,13,M1,R4,True,7043863.120225582,1000000.0,3,False
351,3510.0,0.0,13,R1,S1,True,3929500.4374502394,500000.0,2,True
351,3510.0,0.0,13,R1,S2,True,7043863.120225582,500000.0,3,False
351,3510.0,0.0,13,R2,S3,True,7830535.74603555,500000.0,1,False
351,3510.0,0.0,13,R2,S4,True,6768677.67382266,500000.0,4,False
351,3510.0,0.0,13,R3,A1,True,4076417.518135564,500000.0,2,True
351,3510.0,0.0,13,R3,A2,True,7043863.120225582,500000.0,3,False
351,3510.0,0.0,13,R4,A3,True,7830535.74603555,500000.0,1,False
351,3510.0,0.0,13,R4,A4,True,6768677.67382266,500000.0,4,False
352,3520.0,0.0,13,M1,R1,True,7830535.74603555,1000000.0,1,False
352,3520.0,0.0,13,M1,R2,True,3976865.2302421797,1000000.0,2,True
352,3520.0,0.0,13,M1,R3,True,6768677.673822663,1000000.0,4,False
352,3520.0,0.0,13,M1,R4,True,7043863.120225582,1000000.0,3,False
352,3520.0,0.0,13,R1,S1,True,3927190.64067406,500000.0,2,True
352,3520.0,0.0,13,R1,S2,True,7043863.120225582,500000.0,3,False
352,3520.0,0.0,13,R2,S3,True,7830535.74603555,500000.0,1,False
352,3520.0,0.0,13,R2,S4,True,6768677.67382266,500000.0,4,False
352,3520.0,0.0,13,R3,A1,True,4074336.038011406,500000.0,2,True
352,3520.0,0.0,13,R3,A2,True,7043863.120225582,500000.0,3,False
352,3520.0,0.0,13,R4,A3,True,7830535.74603555,500000.0,1,False
352,3520.0,0.0,13,R4,A4,True,6768677.67382266,500000.0,4,False
353,3530.0,0.0,13,M1,R1,True,7830535.74603555,1000000.0,1,False
353,3530.0,0.0,13,M1,R2,True,3974629.751222056,1000000.0,2,True
353,3530.0,0.0,13,M1,R3,True,6768677.673822663,1000000.0,4,False
353,3530.0,0.0,13,M1,R4,True,7043863.120225582,1000000.0,3,False
353,3530.0,0.0,13,R1,S1,True,3924877.074150238,500000.0,2,True
353,3530.0,0.0,13,R1,S2,True,7043863.120225582,500000.0,3,False
353,3530.0,0.0,13,R2,S3,True,7830535.74603555,500000.0,1,False
353,3530.0,0.0,13,R2,S4,True,6768677.67382266,500000.0,4,False
353,3530.0,0.0,13,R3,A1,True,4072251.4756718013,500000.0,2,True
353,3530.0,0.0,13,R3,A2,True,7043863.120225582,500000.0,3,False
353,3530.0,0.0,13,R4,A3,True,7830535.74603555,500000.0,1,False
353,3530.0,0.0,13,R4,A4,True,6768677.67382266,500000.0,4,False
354,3540.0,0.0,13,M1,R1,True,7830535.74603555,1000000.0,1,False
354,3540.0,0.0,13,M1,R2,True,3972390.7281995923,1000000.0,2,True
354,3540.0,0.0,13,M1,R3,True,6768677.673822663,1000000.0,4,False
354,3540.0,0.0,13,M1,R4,True,7043863.120225582,1000000.0,3,False
354,3540.0,0.0,13,R1,S1,True,3922559.7259437805,500000.0,2,True
354,3540.0,0.0,13,R1,S2,True,7043863.120225582,500000.0,3,False
354,3540.0,0.0,13,R2,S3,True,7830535.74603555,500000.0,1,False
354,3540.0,0.0,13,R2,S4,True,6768677.67382266,500000.0,4,False
354,3540.0,0.0,13,R3,A1,True,4070163.8222991424,500000.0,2,True
354,3540.0,0.0,13,R3,A2,True,7043863.120225582,500000.0,3,False
354,3540.0,0.0,13,R4,A3,True,7830535.74603555,500000.0,1,False
354,3540.0,0.0,13,R4,A4,True,6768677.67382266,500000.0,4,False
355,3550.0,0.0,13,M1,R1,True,7830535.74603555,1000000.0,1,False
355,3550.0,0.0,13,M1,R2,True,3970148.15031711,1000000.0,2,True
355,3550.0,0.0,13,M1,R3,True,6768677.673822663,1000000.0,4,False
355,3550.0,0.0,13,M1,R4,True,7043863.120225582,1000000.0,3,False
355,3550.0,0.0,13,R1,S1,True,3920238.5840629307,500000.0,2,True
355,3550.0,0.0,13,R1,S2,True,7043863.120225582,500000.0,3,False
355,3550.0,0.0,13,R2,S3,True,7830535.74603555,500000.0,1,False
355,3550.0,0.0,13,R2,S4,True,6768677.67382266,500000.0,4,False
355,3550.0,0.0,13,R3,A1,True,4068073.069037829,500000.0,2,True
355,3550.0,0.0,13,R3,A2,True,7043863.120225582,500000.0,3,False
355,3550.0,0.0,13,R4,A3,True,7830535.74603555,500000.0,1,False
355,3550.0,0.0,13,R4,A4,True,6768677.67382266,500000.0,4,False
356,3560.0,0.0,13,M1,R1,True,7830535.74603555,1000000.0,1,False
356,3560.0,0.0,13,M1,R2,True,3967902.006619673,1000000.0,2,True
356,3560.0,0.0,13,M1,R3,True,6768677.673822663,1000000.0,4,False
356,3560.0,0.0,13,M1,R4,True,7043863.120225582,1000000.0,3,False
356,3560.0,0.0,13,R1,S1,True,3917913.636458807,500000.0,2,True
356,3560.0,0.0,13,R1,S2,True,7043863.120225582,500000.0,3,False
356,3560.0,0.0,13,R2,S3,True,7830535.74603555,500000.0,1,False
356,3560.0,0.0,13,R2,S4,True,6768677.67382266,500000.0,4,False
356,3560.0,0.0,13,R3,A1,True,4065979.206994016,500000.0,2,True
356,3560.0,0.0,13,R3,A2,True,7043863.120225582,500000.0,3,False
356,3560.0,0.0,13,R4,A3,True,7830535.74603555,500000.0,1,False
356,3560.0,0.0,13,R4,A4,True,6768677.67382266,500000.0,4,False
357,3570.0,0.0,13,M1,R1,True,7830535.74603555,1000000.0,1,False
357,3570.0,0.0,13,M1,R2,True,3965652.286101476,1000000.0,2,True
357,3570.0,0.0,13,M1,R3,True,6768677.673822663,1000000.0,4,False
357,3570.0,0.0,13,M1,R4,True,7043863.120225582,1000000.0,3,False
357,3570.0,0.0,13,R1,S1,True,3915584.871025044,500000.0,2,True
357,3570.0,0.0,13,R1,S2,True,7043863.120225582,500000.0,3,False
357,3570.0,0.0,13,R2,S3,True,7830535.74603555,500000.0,1,False
357,3570.0,0.0,13,R2,S4,True,6768677.67382266,500000.0,4,False
357,3570.0,0.0,13,R3,A1,True,4063882.2272354267,500000.0,2,True
357,3570.0,0.0,13,R3,A2,True,7043863.120225582,500000.0,3,False
357,3570.0,0.0,13,R4,A3,True,7830535.74603555,500000.0,1,False
357,3570.0,0.0,13,R4,A4,True,6768677.67382266,500000.0,4,False
358,3580.0,0.0,13,M1,R1,True,7830535.74603555,1000000.0,1,False
358,3580.0,0.0,13,M1,R2,True,3963398.977705566,1000000.0,2,True
358,3580.0,0.0,13,M1,R3,True,6768677.673822663,1000000.0,4,False
358,3580.0,0.0,13,M1,R4,True,7043863.120225582,1000000.0,3,False
358,3580.0,0.0,13,R1,S1,True,3913252.275597441,500000.0,2,True
358,3580.0,0.0,13,R1,S2,True,7043863.120225582,500000.0,3,False
358,3580.0,0.0,13,R2,S3,True,7830535.74603555,500000.0,1,False
358,3580.0,0.0,13,R2,S4,True,6768677.67382266,500000.0,4,False
358,3580.0,0.0,13,R3,A1,True,4061782.120791116,500000.0,2,True
358,3580.0,0.0,13,R3,A2,True,7043863.120225582,500000.0,3,False
358,3580.0,0.0,13,R4,A3,True,7830535.74603555,500000.0,1,False
358,3580.0,0.0,13,R4,A4,True,6768677.67382266,500000.0,4,False
359,3590.0,0.0,13,M1,R1,True,7830535.74603555,1000000.0,1,False
359,3590.0,0.0,13,M1,R2,True,3961142.0703235054,1000000.0,2,True
359,3590.0,0.0,13,M1,R3,True,6768677.673822663,1000000.0,4,False
359,3590.0,0.0,13,M1,R4,True,7043863.120225582,1000000.0,3,False
359,3590.0,0.0,13,R1,S1,True,3910915.8379535605,500000.0,2,True
359,3590.0,0.0,13,R1,S2,True,7043863.120225582,500000.0,3,False
359,3590.0,0.0,13,R2,S3,True,7830535.74603555,500000.0,1,False
359,3590.0,0.0,13,R2,S4,True,6768677.67382266,500000.0,4,False
359,3590.0,0.0,13,R3,A1,True,4059678.878651252,500000.0,2,True
359,3590.0,0.0,13,R3,A2,True,7043863.120225582,500000.0,3,False
359,3590.0,0.0,13,R4,A3,True,7830535.74603555,500000.0,1,False
359,3590.0,0.0,13,R4,A4,True,6768677.67382266,500000.0,4,False
360,3600.0,0.0,13,M1,R1,True,7830535.74603555,1000000.0,1,False
360,3600.0,0.0,13,M1,R2,True,3958881.5527950623,1000000.0,2,True
360,3600.0,0.0,13,M1,R3,True,6768677.673822663,1000000.0,4,False
360,3600.0,0.0,13,M1,R4,True,7043863.120225582,1000000.0,3,False
360,3600.0,0.0,13,R1,S1,True,3908575.5458124112,500000.0,2,True
360,3600.0,0.0,13,R1,S2,True,7043863.120225582,500000.0,3,False
360,3600.0,0.0,13,R2,S3,True,7830535.74603555,500000.0,1,False
360,3600.0,0.0,13,R2,S4,True,6768677.67382266,500000.0,4,False
360,3600.0,0.0,13,R3,A1,True,4057572.491766905,500000.0,2,True
360,3600.0,0.0,13,R3,A2,True,7043863.120225582,500000.0,3,False
360,3600.0,0.0,13,R4,A3,True,7830535.74603555,500000.0,1,False
360,3600.0,0.0,13,R4,A4,True,6768677.67382266,500000.0,4,False
361,3610.0,0.0,13,M1,R1,True,7830535.74603555,1000000.0,1,False
361,3610.0,0.0,13,M1,R2,True,3956617.413907876,1000000.0,2,True
361,3610.0,0.0,13,M1,R3,True,6768677.673822663,1000000.0,4,False
361,3610.0,0.0,13,M1,R4,True,7043863.120225582,1000000.0,3,False
361,3610.0,0.0,13,R1,S1,True,3906231.3868340235,500000.0,2,True
361,3610.0,0.0,13,R1,S2,True,7043863.120225582,500000.0,3,False
361,3610.0,0.0,13,R2,S3,True,7830535.74603555,500000.0,1,False
361,3610.0,0.0,13,R2,S4,True,6768677.67382266,500000.0,4,False
361,3610.0,0.0,13,R3,A1,True,4055462.9510497833,500000.0,2,True
361,3610.0,0.0,13,R3,A2,True,7043863.120225582,500000.0,3,False
361,3610.0,0.0,13,R4,A3,True,7830535.74603555,500000.0,1,False
361,3610.0,0.0,13,R4,A4,True,6768677.67382266,500000.0,4,False
362,3620.0,0.0,13,M1,R1,True,7830535.74603555,1000000.0,1,False
362,3620.0,0.0,13,M1,R2,True,3954349.6423971546,1000000.0,2,True
362,3620.0,0.0,13,M1,R3,True,6768677.673822663,1000000.0,4,False
362,3620.0,0.0,13,M1,R4,True,7043863.120225582,1000000.0,3,False
362,3620.0,0.0,13,R1,S1,True,3903883.348619109,500000.0,2,True
362,3620.0,0.0,13,R1,S2,True,7043863.120225582,500000.0,3,False
362,3620.0,0.0,13,R2,S3,True,7830535.74603555,500000.0,1,False
362,3620.0,0.0,13,R2,S4,True,6768677.67382266,500000.0,4,False
362,3620.0,0.0,13,R3,A1,True,4053350.2473720545,500000.0,2,True
362,3620.0,0.0,13,R3,A2,True,7043863.120225582,500000.0,3,False
362,3620.0,0.0,13,R4,A3,True,7830535.74603555,500000.0,1,False
362,3620.0,0.0,13,R4,A4,True,6768677.67382266,500000.0,4,False
363,3630.0,0.0,13,M1,R1,True,7830535.74603555,1000000.0,1,False
363,3630.0,0.0,13,M1,R2,True,3952078.2269453323,1000000.0,2,True
363,3630.0,0.0,13,M1,R3,True,6768677.673822663,1000000.0,4,False
363,3630.0,0.0,13,M1,R4,True,7043863.120225582,1000000.0,3,False
363,3630.0,0.0,13,R1,S1,True,3901531.4187086867,500000.0,2,True
363,3630.0,0.0,13,R1,S2,True,7043863.120225582,500000.0,3,False
363,3630.0,0.0,13,R2,S3,True,7830535.74603555,500000.0,1,False
363,3630.0,0.0,13,R2,S4,True,6768677.67382266,500000.0,4,False
363,3630.0,0.0,13,R3,A1,True,4051234.371566088,500000.0,2,True
363,3630.0,0.0,13,R3,A2,True,7043863.120225582,500000.0,3,False
363,3630.0,0.0,13,R4,A3,True,7830535.74603555,500000.0,1,False
363,3630.0,0.0,13,R4,A4,True,6768677.67382266,500000.0,4,False
364,3640.0,0.0,13,M1,R1,True,7830535.74603555,1000000.0,1,False
364,3640.0,0.0,13,M1,R2,True,3949803.1561817396,1000000.0,2,True
364,3640.0,0.0,13,M1,R3,True,6768677.673822663,1000000.0,4,False
364,3640.0,0.0,13,M1,R4,True,7043863.120225582,1000000.0,3,False
364,3640.0,0.0,13,R1,S1,True,3899175.5845836564,500000.0,2,True
364,3640.0,0.0,13,R1,S2,True,7043863.120225582,500000.0,3,False
364,3640.0,0.0,13,R2,S3,True,7830535.74603555,500000.0,1,False
364,3640.0,0.0,13,R2,S4,True,6768677.67382266,500000.0,4,False
364,3640.0,0.0,13,R3,A1,True,4049115.314424238,500000.0,2,True
364,3640.0,0.0,13,R3,A2,True,7043863.120225582,500000.0,3,False
364,3640.0,0.0,13,R4,A3,True,7830535.74603555,500000.0,1,False
364,3640.0,0.0,13,R4,A4,True,6768677.67382266,500000.0,4,False
365,3650.0,0.0,13,M1,R1,True,7830535.74603555,1000000.0,1,False
365,3650.0,0.0,13,M1,R2,True,3947524.418682296,1000000.0,2,True
365,3650.0,0.0,13,M1,R3,True,6768677.673822663,1000000.0,4,False
365,3650.0,0.0,13,M1,R4,True,7043863.120225582,1000000.0,3,False
365,3650.0,0.0,13,R1,S1,True,3896815.8336644783,500000.0,2,True
365,3650.0,0.0,13,R1,S2,True,7043863.120225582,500000.0,3,False
365,3650.0,0.0,13,R2,S3,True,7830535.74603555,500000.0,1,False
365,3650.0,0.0,13,R2,S4,True,6768677.67382266,500000.0,4,False
365,3650.0,0.0,13,R3,A1,True,4046993.0666985973,500000.0,2,True
365,3650.0,0.0,13,R3,A2,True,7043863.120225582,500000.0,3,False
365,3650.0,0.0,13,R4,A3,True,7830535.74603555,500000.0,1,False
365,3650.0,0.0,13,R4,A4,True,6768677.67382266,500000.0,4,False
366,3660.0,0.0,13,M1,R1,True,7830535.74603555,1000000.0,1,False
366,3660.0,0.0,13,M1,R2,True,3945242.0029691462,1000000.0,2,True
366,3660.0,0.0,13,M1,R3,True,6768677.673822663,1000000.0,4,False
366,3660.0,0.0,13,M1,R4,True,7043863.120225582,1000000.0,3,False
366,3660.0,0.0,13,R1,S1,True,3894452.1533107315,500000.0,2,True
366,3660.0,0.0,13,R1,S2,True,7043863.120225582,500000.0,3,False
366,3660.0,0.0,13,R2,S3,True,7830535.74603555,500000.0,1,False
366,3660.0,0.0,13,R2,S4,True,6768677.67382266,500000.0,4,False
366,3660.0,0.0,13,R3,A1,True,4044867.619100777,500000.0,2,True
366,3660.0,0.0,13,R3,A2,True,7043863.120225582,500000.0,3,False
366,3660.0,0.0,13,R4,A3,True,7830535.74603555,500000.0,1,False
366,3660.0,0.0,13,R4,A4,True,6768677.67382266,500000.0,4,False
367,3670.0,0.0,13,M1,R1,True,7830535.74603555,1000000.0,1,False
367,3670.0,0.0,13,M1,R2,True,3942955.897510346,1000000.0,2,True
367,3670.0,0.0,13,M1,R3,True,6768677.673822663,1000000.0,4,False
367,3670.0,0.0,13,M1,R4,True,7043863.120225582,1000000.0,3,False
367,3670.0,0.0,13,R1,S1,True,3892084.530820758,500000.0,2,True
367,3670.0,0.0,13,R1,S2,True,7043863.120225582,500000.0,3,False
367,3670.0,0.0,13,R2,S3,True,7830535.74603555,500000.0,1,False
367,3670.0,0.0,13,R2,S4,True,6768677.67382266,500000.0,4,False
367,3670.0,0.0,13,R3,A1,True,4042738.962301664,500000.0,2,True
367,3670.0,0.0,13,R3,A2,True,7043863.120225582,500000.0,3,False
367,3670.0,0.0,13,R4,A3,True,7830535.74603555,500000.0,1,False
367,3670.0,0.0,13,R4,A4,True,6768677.67382266,500000.0,4,False
368,3680.0,0.0,13,M1,R1,True,7830535.74603555,1000000.0,1,False
368,3680.0,0.0,13,M1,R2,True,3940666.090719508,1000000.0,2,True
368,3680.0,0.0,13,M1,R3,True,6768677.673822663,1000000.0,4,False
368,3680.0,0.0,13,M1,R4,True,7043863.120225582,1000000.0,3,False
368,3680.0,0.0,13,R1,S1,True,3889712.95343126,500000.0,2,True
368,3680.0,0.0,13,R1,S2,True,7043863.120225582,500000.0,3,False
368,3680.0,0.0,13,R2,S3,True,7830535.74603555,500000.0,1,False
368,3680.0,0.0,13,R2,S4,True,6768677.67382266,500000.0,4,False
368,3680.0,0.0,13,R3,A1,True,4040607.086931181,500000.0,2,True
368,3680.0,0.0,13,R3,A2,True,7043863.120225582,500000.0,3,False
368,3680.0,0.0,13,R4,A3,True,7830535.74603555,500000.0,1,False
368,3680.0,0.0,13,R4,A4,True,6768677.67382266,500000.0,4,False
369,3690.0,0.0,13,M1,R1,True,7830535.74603555,1000000.0,1,False
369,3690.0,0.0,13,M1,R2,True,3938372.5709554874,1000000.0,2,True
369,3690.0,0.0,13,M1,R3,True,6768677.673822663,1000000.0,4,False
369,3690.0,0.0,13,M1,R4,True,7043863.120225582,1000000.0,3,False
369,3690.0,0.0,13,R1,S1,True,3887337.408316899,500000.0,2,True
369,3690.0,0.0,13,R1,S2,True,7043863.120225582,500000.0,3,False
369,3690.0,0.0,13,R2,S3,True,7830535.74603555,500000.0,1,False
369,3690.0,0.0,13,R2,S4,True,6768677.67382266,500000.0,4,False
369,3690.0,0.0,13,R3,A1,True,4038471.9835780817,500000.0,2,True
369,3690.0,0.0,13,R3,A2,True,7043863.120225582,500000.0,3,False
369,3690.0,0.0,13,R4,A3,True,7830535.74603555,500000.0,1,False
369,3690.0,0.0,13,R4,A4,True,6768677.67382266,500000.0,4,False
370,3700.0,0.0,13,M1,R1,True,7830535.74603555,1000000.0,1,False
370,3700.0,0.0,13,M1,R2,True,3936075.3265219913,1000000.0,2,True
370,3700.0,0.0,13,M1,R3,True,6768677.673822663,1000000.0,4,False
370,3700.0,0.0,13,M1,R4,True,7043863.120225582,1000000.0,3,False
370,3700.0,0.0,13,R1,S1,True,3884957.882589894,500000.0,2,True
370,3700.0,0.0,13,R1,S2,True,7043863.120225582,500000.0,3,False
370,3700.0,0.0,13,R2,S3,True,7830535.74603555,500000.0,1,False
370,3700.0,0.0,13,R2,S4,True,6768677.67382266,500000.0,4,False
370,3700.0,0.0,13,R3,A1,True,4036333.642789638,500000.0,2,True
370,3700.0,0.0,13,R3,A2,True,7043863.120225582,500000.0,3,False
370,3700.0,0.0,13,R4,A3,True,7830535.74603555,500000.0,1,False
370,3700.0,0.0,13,R4,A4,True,6768677.67382266,500000.0,4,False
371,3710.0,0.0,13,M1,R1,True,7830535.74603555,1000000.0,1,False
371,3710.0,0.0,13,M1,R2,True,3933774.345667284,1000000.0,2,True
371,3710.0,0.0,13,M1,R3,True,6768677.673822663,1000000.0,4,False
371,3710.0,0.0,13,M1,R4,True,7043863.120225582,1000000.0,3,False
371,3710.0,0.0,13,R1,S1,True,3882574.363299631,500000.0,2,True
371,3710.0,0.0,13,R1,S2,True,7043863.120225582,500000.0,3,False
371,3710.0,0.0,13,R2,S3,True,7830535.74603555,500000.0,1,False
371,3710.0,0.0,13,R2,S4,True,6768677.67382266,500000.0,4,False
371,3710.0,0.0,13,R3,A1,True,4034192.055071488,500000.0,2,True
371,3710.0,0.0,13,R3,A2,True,7043863.120225582,500000.0,3,False
371,3710.0,0.0,13,R4,A3,True,7830535.74603555,500000.0,1,False
371,3710.0,0.0,13,R4,A4,True,6768677.67382266,500000.0,4,False
372,3720.0,0.0,13,M1,R1,True,7830535.74603555,1000000.0,1,False
372,3720.0,0.0,13,M1,R2,True,3931469.616583799,1000000.0,2,True
372,3720.0,0.0,13,M1,R3,True,6768677.673822663,1000000.0,4,False
372,3720.0,0.0,13,M1,R4,True,7043863.120225582,1000000.0,3,False
372,3720.0,0.0,13,R1,S1,True,3880186.8374322536,500000.0,2,True
372,3720.0,0.0,13,R1,S2,True,7043863.120225582,500000.0,3,False
372,3720.0,0.0,13,R2,S3,True,7830535.74603555,500000.0,1,False
372,3720.0,0.0,13,R2,S4,True,6768677.67382266,500000.0,4,False
372,3720.0,0.0,13,R3,A1,True,4032047.2108873078,500000.0,2,True
372,3720.0,0.0,13,R3,A2,True,7043863.120225582,500000.0,3,False
372,3720.0,0.0,13,R4,A3,True,7830535.74603555,500000.0,1,False
372,3720.0,0.0,13,R4,A4,True,6768677.67382266,500000.0,4,False
373,3730.0,0.0,13,M1,R1,True,7830535.74603555,1000000.0,1,False
373,3730.0,0.0,13,M1,R2,True,3929161.1274078093,1000000.0,2,True
373,3730.0,0.0,13,M1,R3,True,6768677.673822663,1000000.0,4,False
373,3730.0,0.0,13,M1,R4,True,7043863.120225582,1000000.0,3,False
373,3730.0,0.0,13,R1,S1,True,3877795.2919102465,500000.0,2,True
373,3730.0,0.0,13,R1,S2,True,7043863.120225582,500000.0,3,False
373,3730.0,0.0,13,R2,S3,True,7830535.74603555,500000.0,1,False
373,3730.0,0.0,13,R2,S4,True,6768677.67382266,500000.0,4,False
373,3730.0,0.0,13,R3,A1,True,4029899.1006586296,500000.0,2,True
373,3730.0,0.0,13,R3,A2,True,7043863.120225582,500000.0,3,False
373,3730.0,0.0,13,R4,A3,True,7830535.74603555,500000.0,1,False
373,3730.0,0.0,13,R4,A4,True,6768677.67382266,500000.0,4,False
374,3740.0,0.0,13,M1,R1,True,7830535.74603555,1000000.0,1,False
374,3740.0,0.0,13,M1,R2,True,3926848.866219061,1000000.0,2,True
374,3740.0,0.0,13,M1,R3,True,6768677.673822663,1000000.0,4,False
374,3740.0,0.0,13,M1,R4,True,7043863.120225582,1000000.0,3,False
374,3740.0,0.0,13,R1,S1,True,3875399.7135920343,500000.0,2,True
374,3740.0,0.0,13,R1,S2,True,7043863.120225582,500000.0,3,False
374,3740.0,0.0,13,R2,S3,True,7830535.74603555,500000.0,1,False
374,3740.0,0.0,13,R2,S4,True,6768677.67382266,500000.0,4,False
374,3740.0,0.0,13,R3,A1,True,4027747.7147645582,500000.0,2,True
374,3740.0,0.0,13,R3,A2,True,7043863.120225582,500000.0,3,False
374,3740.0,0.0,13,R4,A3,True,7830535.74603555,500000.0,1,False
374,3740.0,0.0,13,R4,A4,True,6768677.67382266,500000.0,4,False
375,3750.0,0.0,13,M1,R1,True,7830535.74603555,1000000.0,1,False
375,3750.0,0.0,13,M1,R2,True,3924532.821040427,1000000.0,2,True
375,3750.0,0.0,13,M1,R3,True,6768677.673822663,1000000.0,4,False
375,3750.0,0.0,13,M1,R4,True,7043863.120225582,1000000.0,3,False
375,3750.0,0.0,13,R1,S1,True,3873000.08927155,500000.0,2,True
375,3750.0,0.0,13,R1,S2,True,7043863.120225582,500000.0,3,False
375,3750.0,0.0,13,R2,S3,True,7830535.74603555,500000.0,1,False
375,3750.0,0.0,13,R2,S4,True,6768677.67382266,500000.0,4,False
375,3750.0,0.0,13,R3,A1,True,4025593.04354154,500000.0,2,True
375,3750.0,0.0,13,R3,A2,True,7043863.120225582,500000.0,3,False
375,3750.0,0.0,13,R4,A3,True,7830535.74603555,500000.0,1,False
375,3750.0,0.0,13,R4,A4,True,6768677.67382266,500000.0,4,False
376,3760.0,0.0,13,M1,R1,True,7830535.74603555,1000000.0,1,False
376,3760.0,0.0,13,M1,R2,True,3922212.9798375205,1000000.0,2,True
376,3760.0,0.0,13,M1,R3,True,6768677.673822663,1000000.0,4,False
376,3760.0,0.0,13,M1,R4,True,7043863.120225582,1000000.0,3,False
376,3760.0,0.0,13,R1,S1,True,3870596.405677831,500000.0,2,True
376,3760.0,0.0,13,R1,S2,True,7043863.120225582,500000.0,3,False
376,3760.0,0.0,13,R2,S3,True,7830535.74603555,500000.0,1,False
376,3760.0,0.0,13,R2,S4,True,6768677.67382266,500000.0,4,False
376,3760.0,0.0,13,R3,A1,True,4023435.0772830984,500000.0,2,True
376,3760.0,0.0,13,R3,A2,True,7043863.120225582,500000.0,3,False
376,3760.0,0.0,13,R4,A3,True,7830535.74603555,500000.0,1,False
376,3760.0,0.0,13,R4,A4,True,6768677.67382266,500000.0,4,False
377,3770.0,0.0,13,M1,R1,True,7830535.74603555,1000000.0,1,False
377,3770.0,0.0,13,M1,R2,True,3919889.330518385,1000000.0,2,True
377,3770.0,0.0,13,M1,R3,True,6768677.673822663,1000000.0,4,False
377,3770.0,0.0,13,M1,R4,True,7043863.120225582,1000000.0,3,False
377,3770.0,0.0,13,R1,S1,True,3868188.649474594,500000.0,2,True
377,3770.0,0.0,13,R1,S2,True,7043863.120225582,500000.0,3,False
377,3770.0,0.0,13,R2,S3,True,7830535.74603555,500000.0,1,False
377,3770.0,0.0,13,R2,S4,True,6768677.67382266,500000.0,4,False
377,3770.0,0.0,13,R3,A1,True,4021273.8062395924,500000.0,2,True
377,3770.0,0.0,13,R3,A2,True,7043863.120225582,500000.0,3,False
377,3770.0,0.0,13,R4,A3,True,7830535.74603555,500000.0,1,False
377,3770.0,0.0,13,R4,A4,True,6768677.67382266,500000.0,4,False
378,3780.0,0.0,13,M1,R1,True,7830535.74603555,1000000.0,1,False
378,3780.0,0.0,13,M1,R2,True,3917561.8609330575,1000000.0,2,True
378,3780.0,0.0,13,M1,R3,True,6768677.673822663,1000000.0,4,False
378,3780.0,0.0,13,M1,R4,True,7043863.120225582,1000000.0,3,False
378,3780.0,0.0,13,R1,S1,True,3865776.8072598055,500000.0,2,True
378,3780.0,0.0,13,R1,S2,True,7043863.120225582,500000.0,3,False
378,3780.0,0.0,13,R2,S3,True,7830535.74603555,500000.0,1,False
378,3780.0,0.0,13,R2,S4,True,6768677.67382266,500000.0,4,False
378,3780.0,0.0,13,R3,A1,True,4019109.220617952,500000.0,2,True
378,3780.0,0.0,13,R3,A2,True,7043863.120225582,500000.0,3,False
378,3780.0,0.0,13,R4,A3,True,7830535.74603555,500000.0,1,False
378,3780.0,0.0,13,R4,A4,True,6768677.67382266,500000.0,4,False
379,3790.0,0.0,13,M1,R1,True,7830535.74603555,1000000.0,1,False
379,3790.0,0.0,13,M1,R2,True,3915230.5588732637,1000000.0,2,True
379,3790.0,0.0,13,M1,R3,True,6768677.673822663,1000000.0,4,False
379,3790.0,0.0,13,M1,R4,True,7043863.120225582,1000000.0,3,False
379,3790.0,0.0,13,R1,S1,True,3863360.8655652506,500000.0,2,True
379,3790.0,0.0,13,R1,S2,True,7043863.120225582,500000.0,3,False
379,3790.0,0.0,13,R2,S3,True,7830535.74603555,500000.0,1,False
379,3790.0,0.0,13,R2,S4,True,6768677.67382266,500000.0,4,False
379,3790.0,0.0,13,R3,A1,True,4016941.3105814373,500000.0,2,True
379,3790.0,0.0,13,R3,A2,True,7043863.120225582,500000.0,3,False
379,3790.0,0.0,13,R4,A3,True,7830535.74603555,500000.0,1,False
379,3790.0,0.0,13,R4,A4,True,6768677.67382266,500000.0,4,False
380,3800.0,0.0,13,M1,R1,True,7830535.74603555,1000000.0,1,False
380,3800.0,0.0,13,M1,R2,True,3912895.4120719964,1000000.0,2,True
380,3800.0,0.0,13,M1,R3,True,6768677.673822663,1000000.0,4,False
380,3800.0,0.0,13,M1,R4,True,7043863.120225582,1000000.0,3,False
380,3800.0,0.0,13,R1,S1,True,3860940.8108561113,500000.0,2,True
380,3800.0,0.0,13,R1,S2,True,7043863.120225582,500000.0,3,False
380,3800.0,0.0,13,R2,S3,True,7830535.74603555,500000.0,1,False
380,3800.0,0.0,13,R2,S4,True,6768677.67382266,500000.0,4,False
380,3800.0,0.0,13,R3,A1,True,4014770.0662493603,500000.0,2,True
380,3800.0,0.0,13,R3,A2,True,7043863.120225582,500000.0,3,False
380,3800.0,0.0,13,R4,A3,True,7830535.74603555,500000.0,1,False
380,3800.0,0.0,13,R4,A4,True,6768677.67382266,500000.0,4,False
381,3810.0,0.0,13,M1,R1,True,7830535.74603555,1000000.0,1,False
381,3810.0,0.0,13,M1,R2,True,3910556.4082031786,1000000.0,2,True
381,3810.0,0.0,13,M1,R3,True,6768677.673822663,1000000.0,4,False
381,3810.0,0.0,13,M1,R4,True,7043863.120225582,1000000.0,3,False
381,3810.0,0.0,13,R1,S1,True,3858516.6295305113,500000.0,2,True
381,3810.0,0.0,13,R1,S2,True,7043863.120225582,500000.0,3,False
381,3810.0,0.0,13,R2,S3,True,7830535.74603555,500000.0,1,False
381,3810.0,0.0,13,R2,S4,True,6768677.67382266,500000.0,4,False
381,3810.0,0.0,13,R3,A1,True,4012595.477696835,500000.0,2,True
381,3810.0,0.0,13,R3,A2,True,7043863.120225582,500000.0,3,False
381,3810.0,0.0,13,R4,A3,True,7830535.74603555,500000.0,1,False
381,3810.0,0.0,13,R4,A4,True,6768677.67382266,500000.0,4,False
382,3820.0,0.0,13,M1,R1,True,7830535.74603555,1000000.0,1,False
382,3820.0,0.0,13,M1,R2,True,3908213.5348812644,1000000.0,2,True
382,3820.0,0.0,13,M1,R3,True,6768677.673822663,1000000.0,4,False
382,3820.0,0.0,13,M1,R4,True,7043863.120225582,1000000.0,3,False
382,3820.0,0.0,13,R1,S1,True,3856088.3079191027,500000.0,2,True
382,3820.0,0.0,13,R1,S2,True,7043863.120225582,500000.0,3,False
382,3820.0,0.0,13,R2,S3,True,7830535.74603555,500000.0,1,False
382,3820.0,0.0,13,R2,S4,True,6768677.67382266,500000.0,4,False
382,3820.0,0.0,13,R3,A1,True,4010417.53495451,500000.0,2,True
382,3820.0,0.0,13,R3,A2,True,7043863.120225582,500000.0,3,False
382,3820.0,0.0,13,R4,A3,True,7830535.74603555,500000.0,1,False
382,3820.0,0.0,13,R4,A4,True,6768677.67382266,500000.0,4,False
383,3830.0,0.0,13,M1,R1,True,7830535.74603555,1000000.0,1,False
383,3830.0,0.0,13,M1,R2,True,3905866.779660862,1000000.0,2,True
383,3830.0,0.0,13,M1,R3,True,6768677.673822663,1000000.0,4,False
383,3830.0,0.0,13,M1,R4,True,7043863.120225582,1000000.0,3,False
383,3830.0,0.0,13,R1,S1,True,3853655.832284598,500000.0,2,True
383,3830.0,0.0,13,R1,S2,True,7043863.120225582,500000.0,3,False
383,3830.0,0.0,13,R2,S3,True,7830535.74603555,500000.0,1,False
383,3830.0,0.0,13,R2,S4,True,6768677.67382266,500000.0,4,False
383,3830.0,0.0,13,R3,A1,True,4008236.2280083243,500000.0,2,True
383,3830.0,0.0,13,R3,A2,True,7043863.120225582,500000.0,3,False
383,3830.0,0.0,13,R4,A3,True,7830535.74603555,500000.0,1,False
383,3830.0,0.0,13,R4,A4,True,6768677.67382266,500000.0,4,False
384,3840.0,0.0,13,M1,R1,True,7830535.74603555,1000000.0,1,False
384,3840.0,0.0,13,M1,R2,True,3903516.130036361,1000000.0,2,True
384,3840.0,0.0,13,M1,R3,True,6768677.673822663,1000000.0,4,False
384,3840.0,0.0,13,M1,R4,True,7043863.120225582,1000000.0,3,False
384,3840.0,0.0,13,R1,S1,True,3851219.188821338,500000.0,2,True
384,3840.0,0.0,13,R1,S2,True,7043863.120225582,500000.0,3,False
384,3840.0,0.0,13,R2,S3,True,7830535.74603555,500000.0,1,False
384,3840.0,0.0,13,R2,S4,True,6768677.67382266,500000.0,4,False
384,3840.0,0.0,13,R3,A1,True,4006051.5467992034,500000.0,2,True
384,3840.0,0.0,13,R3,A2,True,7043863.120225582,500000.0,3,False
384,3840.0,0.0,13,R4,A3,True,7830535.74603555,500000.0,1,False
384,3840.0,0.0,13,R4,A4,True,6768677.67382266,500000.0,4,False
385,3850.0,0.0,13,M1,R1,True,7830535.74603555,1000000.0,1,False
385,3850.0,0.0,13,M1,R2,True,3901161.5734415166,1000000.0,2,True
385,3850.0,0.0,13,M1,R3,True,6768677.673822663,1000000.0,4,False
385,3850.0,0.0,13,M1,R4,True,7043863.120225582,1000000.0,3,False
385,3850.0,0.0,13,R1,S1,True,3848778.363654826,500000.0,2,True
385,3850.0,0.0,13,R1,S2,True,7043863.120225582,500000.0,3,False
385,3850.0,0.0,13,R2,S3,True,7830535.74603555,500000.0,1,False
385,3850.0,0.0,13,R2,S4,True,6768677.67382266,500000.0,4,False
385,3850.0,0.0,13,R3,A1,True,4003863.481222832,500000.0,2,True
385,3850.0,0.0,13,R3,A2,True,7043863.120225582,500000.0,3,False
385,3850.0,0.0,13,R4,A3,True,7830535.74603555,500000.0,1,False
385,3850.0,0.0,13,R4,A4,True,6768677.67382266,500000.0,4,False
386,3860.0,0.0,13,M1,R1,True,7830535.74603555,1000000.0,1,False
386,3860.0,0.0,13,M1,R2,True,3898803.097249103,1000000.0,2,True
386,3860.0,0.0,13,M1,R3,True,6768677.673822663,1000000.0,4,False
386,3860.0,0.0,13,M1,R4,True,7043863.120225582,1000000.0,3,False
386,3860.0,0.0,13,R1,S1,True,3846333.3428413016,500000.0,2,True
386,3860.0,0.0,13,R1,S2,True,7043863.120225582,500000.0,3,False
386,3860.0,0.0,13,R2,S3,True,7830535.74603555,500000.0,1,False
386,3860.0,0.0,13,R2,S4,True,6768677.67382266,500000.0,4,False
386,3860.0,0.0,13,R3,A1,True,4001672.0211293534,500000.0,2,True
386,3860.0,0.0,13,R3,A2,True,7043863.120225582,500000.0,3,False
386,3860.0,0.0,13,R4,A3,True,7830535.74603555,500000.0,1,False
386,3860.0,0.0,13,R4,A4,True,6768677.67382266,500000.0,4,False
387,3870.0,0.0,13,M1,R1,True,7830535.74603555,1000000.0,1,False
387,3870.0,0.0,13,M1,R2,True,3896440.6887704767,1000000.0,2,True
387,3870.0,0.0,13,M1,R3,True,6768677.673822663,1000000.0,4,False
387,3870.0,0.0,13,M1,R4,True,7043863.120225582,1000000.0,3,False
387,3870.0,0.0,13,R1,S1,True,3843884.112367257,500000.0,2,True
387,3870.0,0.0,13,R1,S2,True,7043863.120225582,500000.0,3,False
387,3870.0,0.0,13,R2,S3,True,7830535.74603555,500000.0,1,False
387,3870.0,0.0,13,R2,S4,True,6768677.67382266,500000.0,4,False
387,3870.0,0.0,13,R3,A1,True,3999477.156323118,500000.0,2,True
387,3870.0,0.0,13,R3,A2,True,7043863.120225582,500000.0,3,False
387,3870.0,0.0,13,R4,A3,True,7830535.74603555,500000.0,1,False
387,3870.0,0.0,13,R4,A4,True,6768677.67382266,500000.0,4,False
388,3880.0,0.0,13,M1,R1,True,7830535.74603555,1000000.0,1,False
388,3880.0,0.0,13,M1,R2,True,3894074.3352552094,1000000.0,2,True
388,3880.0,0.0,13,M1,R3,True,6768677.673822663,1000000.0,4,False
388,3880.0,0.0,13,M1,R4,True,7043863.120225582,1000000.0,3,False
388,3880.0,0.0,13,R1,S1,True,3841430.658148979,500000.0,2,True
388,3880.0,0.0,13,R1,S2,True,7043863.120225582,500000.0,3,False
388,3880.0,0.0,13,R2,S3,True,7830535.74603555,500000.0,1,False
388,3880.0,0.0,13,R2,S4,True,6768677.67382266,500000.0,4,False
388,3880.0,0.0,13,R3,A1,True,3997278.876562389,500000.0,2,True
388,3880.0,0.0,13,R3,A2,True,7043863.120225582,500000.0,3,False
388,3880.0,0.0,13,R4,A3,True,7830535.74603555,500000.0,1,False
388,3880.0,0.0,13,R4,A4,True,6768677.67382266,500000.0,4,False
389,3890.0,0.0,13,M1,R1,True,7830535.74603555,1000000.0,1,False
389,3890.0,0.0,13,M1,R2,True,3891704.023890676,1000000.0,2,True
389,3890.0,0.0,13,M1,R3,True,6768677.673822663,1000000.0,4,False
389,3890.0,0.0,13,M1,R4,True,7043863.120225582,1000000.0,3,False
389,3890.0,0.0,13,R1,S1,True,3838972.9660320915,500000.0,2,True
389,3890.0,0.0,13,R1,S2,True,7043863.120225582,500000.0,3,False
389,3890.0,0.0,13,R2,S3,True,7830535.74603555,500000.0,1,False
389,3890.0,0.0,13,R2,S4,True,6768677.67382266,500000.0,4,False
389,3890.0,0.0,13,R3,A1,True,3995077.171559082,500000.0,2,True
389,3890.0,0.0,13,R3,A2,True,7043863.120225582,500000.0,3,False
389,3890.0,0.0,13,R4,A3,True,7830535.74603555,500000.0,1,False
389,3890.0,0.0,13,R4,A4,True,6768677.67382266,500000.0,4,False
390,3900.0,0.0,13,M1,R1,True,7830535.74603555,1000000.0,1,False
390,3900.0,0.0,13,M1,R2,True,3889329.74180166,1000000.0,2,True
390,3900.0,0.0,13,M1,R3,True,6768677.673822663,1000000.0,4,False
390,3900.0,0.0,13,M1,R4,True,7043863.120225582,1000000.0,3,False
390,3900.0,0.0,13,R1,S1,True,3836511.0217910996,500000.0,2,True
390,3900.0,0.0,13,R1,S2,True,7043863.120225582,500000.0,3,False
390,3900.0,0.0,13,R2,S3,True,7830535.74603555,500000.0,1,False
390,3900.0,0.0,13,R2,S4,True,6768677.67382266,500000.0,4,False
390,3900.0,0.0,13,R3,A1,True,3992872.0309784906,500000.0,2,True
390,3900.0,0.0,13,R3,A2,True,7043863.120225582,500000.0,3,False
390,3900.0,0.0,13,R4,A3,True,7830535.74603555,500000.0,1,False
390,3900.0,0.0,13,R4,A4,True,6768677.67382266,500000.0,4,False
391,3910.0,0.0,13,M1,R1,True,7830535.74603555,1000000.0,1,False
391,3910.0,0.0,13,M1,R2,True,3886951.476049937,1000000.0,2,True
391,3910.0,0.0,13,M1,R3,True,6768677.673822663,1000000.0,4,False
391,3910.0,0.0,13,M1,R4,True,7043863.120225582,1000000.0,3,False
391,3910.0,0.0,13,R1,S1,True,3834044.8111288706,500000.0,2,True
391,3910.0,0.0,13,R1,S2,True,7043863.120225582,500000.0,3,False
391,3910.0,0.0,13,R2,S3,True,7830535.74603555,500000.0,1,False
391,3910.0,0.0,13,R2,S4,True,6768677.67382266,500000.0,4,False
391,3910.0,0.0,13,R3,A1,True,3990663.4444389874,500000.0,2,True
391,3910.0,0.0,13,R3,A2,True,7043863.120225582,500000.0,3,False
391,3910.0,0.0,13,R4,A3,True,7830535.74603555,500000.0,1,False
391,3910.0,0.0,13,R4,A4,True,6768677.67382266,500000.0,4,False
392,3920.0,0.0,13,M1,R1,True,7830535.74603555,1000000.0,1,False
392,3920.0,0.0,13,M1,R2,True,3884569.2136338716,1000000.0,2,True
392,3920.0,0.0,13,M1,R3,True,6768677.673822663,1000000.0,4,False
392,3920.0,0.0,13,M1,R4,True,7043863.120225582,1000000.0,3,False
392,3920.0,0.0,13,R1,S1,True,3831574.3196762055,500000.0,2,True
392,3920.0,0.0,13,R1,S2,True,7043863.120225582,500000.0,3,False
392,3920.0,0.0,13,R2,S3,True,7830535.74603555,500000.0,1,False
392,3920.0,0.0,13,R2,S4,True,6768677.67382266,500000.0,4,False
392,3920.0,0.0,13,R3,A1,True,3988451.4015117562,500000.0,2,True
392,3920.0,0.0,13,R3,A2,True,7043863.120225582,500000.0,3,False
392,3920.0,0.0,13,R4,A3,True,7830535.74603555,500000.0,1,False
392,3920.0,0.0,13,R4,A4,True,6768677.67382266,500000.0,4,False
393,3930.0,0.0,13,M1,R1,True,7830535.74603555,1000000.0,1,False
393,3930.0,0.0,13,M1,R2,True,3882182.9414880103,1000000.0,2,True
393,3930.0,0.0,13,M1,R3,True,6768677.673822663,1000000.0,4,False
393,3930.0,0.0,13,M1,R4,True,7043863.120225582,1000000.0,3,False
393,3930.0,0.0,13,R1,S1,True,3829099.5329913367,500000.0,2,True
393,3930.0,0.0,13,R1,S2,True,7043863.120225582,500000.0,3,False
393,3930.0,0.0,13,R2,S3,True,7830535.74603555,500000.0,1,False
393,3930.0,0.0,13,R2,S4,True,6768677.67382266,500000.0,4,False
393,3930.0,0.0,13,R3,A1,True,3986235.891720499,500000.0,2,True
393,3930.0,0.0,13,R3,A2,True,7043863.120225582,500000.0,3,False
393,3930.0,0.0,13,R4,A3,True,7830535.74603555,500000.0,1,False
393,3930.0,0.0,13,R4,A4,True,6768677.67382266,500000.0,4,False
394,3940.0,0.0,13,M1,R1,True,7830535.74603555,1000000.0,1,False
394,3940.0,0.0,13,M1,R2,True,3879792.646482652,1000000.0,2,True
394,3940.0,0.0,13,M1,R3,True,6768677.673822663,1000000.0,4,False
394,3940.0,0.0,13,M1,R4,True,7043863.120225582,1000000.0,3,False
394,3940.0,0.0,13,R1,S1,True,3826620.436559446,500000.0,2,True
394,3940.0,0.0,13,R1,S2,True,7043863.120225582,500000.0,3,False
394,3940.0,0.0,13,R2,S3,True,7830535.74603555,500000.0,1,False
394,3940.0,0.0,13,R2,S4,True,6768677.67382266,500000.0,4,False
394,3940.0,0.0,13,R3,A1,True,3984016.9045411595,500000.0,2,True
394,3940.0,0.0,13,R3,A2,True,7043863.120225582,500000.0,3,False
394,3940.0,0.0,13,R4,A3,True,7830535.74603555,500000.0,1,False
394,3940.0,0.0,13,R4,A4,True,6768677.67382266,500000.0,4,False
395,3950.0,0.0,13,M1,R1,True,7830535.74603555,1000000.0,1,False
395,3950.0,0.0,13,M1,R2,True,3877398.3154234407,1000000.0,2,True
395,3950.0,0.0,13,M1,R3,True,6768677.673822663,1000000.0,4,False
395,3950.0,0.0,13,M1,R4,True,7043863.120225582,1000000.0,3,False
395,3950.0,0.0,13,R1,S1,True,3824137.0157921705,500000.0,2,True
395,3950.0,0.0,13,R1,S2,True,7043863.120225582,500000.0,3,False
395,3950.0,0.0,13,R2,S3,True,7830535.74603555,500000.0,1,False
395,3950.0,0.0,13,R2,S4,True,6768677.67382266,500000.0,4,False
395,3950.0,0.0,13,R3,A1,True,3981794.4294016296,500000.0,2,True
395,3950.0,0.0,13,R3,A2,True,7043863.120225582,500000.0,3,False
395,3950.0,0.0,13,R4,A3,True,7830535.74603555,500000.0,1,False
395,3950.0,0.0,13,R4,A4,True,6768677.67382266,500000.0,4,False
396,3960.0,0.0,13,M1,R1,True,7830535.74603555,1000000.0,1,False
396,3960.0,0.0,13,M1,R2,True,3874999.9350509406,1000000.0,2,True
396,3960.0,0.0,13,M1,R3,True,6768677.673822663,1000000.0,4,False
396,3960.0,0.0,13,M1,R4,True,7043863.120225582,1000000.0,3,False
396,3960.0,0.0,13,R1,S1,True,3821649.2560271113,500000.0,2,True
396,3960.0,0.0,13,R1,S2,True,7043863.120225582,500000.0,3,False
396,3960.0,0.0,13,R2,S3,True,7830535.74603555,500000.0,1,False
396,3960.0,0.0,13,R2,S4,True,6768677.67382266,500000.0,4,False
396,3960.0,0.0,13,R3,A1,True,3979568.455681455,500000.0,2,True
396,3960.0,0.0,13,R3,A2,True,7043863.120225582,500000.0,3,False
396,3960.0,0.0,13,R4,A3,True,7830535.74603555,500000.0,1,False
396,3960.0,0.0,13,R4,A4,True,6768677.67382266,500000.0,4,False
397,3970.0,0.0,13,M1,R1,True,7830535.74603555,1000000.0,1,False
397,3970.0,0.0,13,M1,R2,True,3872597.492040205,1000000.0,2,True
397,3970.0,0.0,13,M1,R3,True,6768677.673822663,1000000.0,4,False
397,3970.0,0.0,13,M1,R4,True,7043863.120225582,1000000.0,3,False
397,3970.0,0.0,13,R1,S1,True,3819157.1425273586,500000.0,2,True
397,3970.0,0.0,13,R1,S2,True,7043863.120225582,500000.0,3,False
397,3970.0,0.0,13,R2,S3,True,7830535.74603555,500000.0,1,False
397,3970.0,0.0,13,R2,S4,True,6768677.67382266,500000.0,4,False
397,3970.0,0.0,13,R3,A1,True,3977338.9727115384,500000.0,2,True
397,3970.0,0.0,13,R3,A2,True,7043863.120225582,500000.0,3,False
397,3970.0,0.0,13,R4,A3,True,7830535.74603555,500000.0,1,False
397,3970.0,0.0,13,R4,A4,True,6768677.67382266,500000.0,4,False
398,3980.0,0.0,13,M1,R1,True,7830535.74603555,1000000.0,1,False
398,3980.0,0.0,13,M1,R2,True,3870190.97300035,1000000.0,2,True
398,3980.0,0.0,13,M1,R3,True,6768677.673822663,1000000.0,4,False
398,3980.0,0.0,13,M1,R4,True,7043863.120225582,1000000.0,3,False
398,3980.0,0.0,13,R1,S1,True,3816660.660480947,500000.0,2,True
398,3980.0,0.0,13,R1,S2,True,7043863.120225582,500000.0,3,False
398,3980.0,0.0,13,R2,S3,True,7830535.74603555,500000.0,1,False
398,3980.0,0.0,13,R2,S4,True,6768677.67382266,500000.0,4,False
398,3980.0,0.0,13,R3,A1,True,3975105.969773859,500000.0,2,True
398,3980.0,0.0,13,R3,A2,True,7043863.120225582,500000.0,3,False
398,3980.0,0.0,13,R4,A3,True,7830535.74603555,500000.0,1,False
398,3980.0,0.0,13,R4,A4,True,6768677.67382266,500000.0,4,False
399,3990.0,0.0,13,M1,R1,True,7830535.74603555,1000000.0,1,False
399,3990.0,0.0,13,M1,R2,True,3867780.364474131,1000000.0,2,True
399,3990.0,0.0,13,M1,R3,True,6768677.673822663,1000000.0,4,False
399,3990.0,0.0,13,M1,R4,True,7043863.120225582,1000000.0,3,False
399,3990.0,0.0,13,R1,S1,True,3814159.7950003864,500000.0,2,True
399,3990.0,0.0,13,R1,S2,True,7043863.120225582,500000.0,3,False
399,3990.0,0.0,13,R2,S3,True,7830535.74603555,500000.0,1,False
399,3990.0,0.0,13,R2,S4,True,6768677.67382266,500000.0,4,False
399,3990.0,0.0,13,R3,A1,True,3972869.436101166,500000.0,2,True
399,3990.0,0.0,13,R3,A2,True,7043863.120225582,500000.0,3,False
399,3990.0,0.0,13,R4,A3,True,7830535.74603555,500000.0,1,False
399,3990.0,0.0,13,R4,A4,True,6768677.67382266,500000.0,4,False
400,4000.0,0.0,13,M1,R1,True,7830535.74603555,1000000.0,1,False
400,4000.0,0.0,13,M1,R2,True,3865365.652937478,1000000.0,2,True
400,4000.0,0.0,13,M1,R3,True,6768677.673822663,1000000.0,4,False
400,4000.0,0.0,13,M1,R4,True,7043863.120225582,1000000.0,3,False
400,4000.0,0.0,13,R1,S1,True,3811654.531122143,500000.0,2,True
400,4000.0,0.0,13,R1,S2,True,7043863.120225582,500000.0,3,False
400,4000.0,0.0,13,R2,S3,True,7830535.74603555,500000.0,1,False
400,4000.0,0.0,13,R2,S4,True,6768677.67382266,500000.0,4,False
400,4000.0,0.0,13,R3,A1,True,3970629.3608766706,500000.0,2,True
400,4000.0,0.0,13,R3,A2,True,7043863.120225582,500000.0,3,False
400,4000.0,0.0,13,R4,A3,True,7830535.74603555,500000.0,1,False
400,4000.0,0.0,13,R4,A4,True,6768677.67382266,500000.0,4,False
401,4010.0,0.0,13,M1,R1,True,7830535.74603555,1000000.0,1,False
401,4010.0,0.0,13,M1,R2,True,3862946.824799101,1000000.0,2,True
401,4010.0,0.0,13,M1,R3,True,6768677.673822663,1000000.0,4,False
401,4010.0,0.0,13,M1,R4,True,7043863.120225582,1000000.0,3,False
401,4010.0,0.0,13,R1,S1,True,3809144.8538061194,500000.0,2,True
401,4010.0,0.0,13,R1,S2,True,7043863.120225582,500000.0,3,False
401,4010.0,0.0,13,R2,S3,True,7830535.74603555,500000.0,1,False
401,4010.0,0.0,13,R2,S4,True,6768677.67382266,500000.0,4,False
401,4010.0,0.0,13,R3,A1,True,3968385.73323376,500000.0,2,True
401,4010.0,0.0,13,R3,A2,True,7043863.120225582,500000.0,3,False
401,4010.0,0.0,13,R4,A3,True,7830535.74603555,500000.0,1,False
401,4010.0,0.0,13,R4,A4,True,6768677.67382266,500000.0,4,False
402,4020.0,0.0,13,M1,R1,True,7830535.74603555,1000000.0,1,False
402,4020.0,0.0,13,M1,R2,True,3860523.8663999955,1000000.0,2,True
402,4020.0,0.0,13,M1,R3,True,6768677.673822663,1000000.0,4,False
402,4020.0,0.0,13,M1,R4,True,7043863.120225582,1000000.0,3,False
402,4020.0,0.0,13,R1,S1,True,3806630.7479351377,500000.0,2,True
402,4020.0,0.0,13,R1,S2,True,7043863.120225582,500000.0,3,False
402,4020.0,0.0,13,R2,S3,True,7830535.74603555,500000.0,1,False
402,4020.0,0.0,13,R2,S4,True,6768677.67382266,500000.0,4,False
402,4020.0,0.0,13,R3,A1,True,3966138.542255699,500000.0,2,True
402,4020.0,0.0,13,R3,A2,True,7043863.120225582,500000.0,3,False
402,4020.0,0.0,13,R4,A3,True,7830535.74603555,500000.0,1,False
402,4020.0,0.0,13,R4,A4,True,6768677.67382266,500000.0,4,False
403,4030.0,0.0,13,M1,R1,True,7830535.74603555,1000000.0,1,False
403,4030.0,0.0,13,M1,R2,True,3858096.7640130217,1000000.0,2,True
403,4030.0,0.0,13,M1,R3,True,6768677.673822663,1000000.0,4,False
403,4030.0,0.0,13,M1,R4,True,7043863.120225582,1000000.0,3,False
403,4030.0,0.0,13,R1,S1,True,3804112.1983144134,500000.0,2,True
403,4030.0,0.0,13,R1,S2,True,7043863.120225582,500000.0,3,False
403,4030.0,0.0,13,R2,S3,True,7830535.74603555,500000.0,1,False
403,4030.0,0.0,13,R2,S4,True,6768677.67382266,500000.0,4,False
403,4030.0,0.0,13,R3,A1,True,3963887.776975275,500000.0,2,True
403,4030.0,0.0,13,R3,A2,True,7043863.120225582,500000.0,3,False
403,4030.0,0.0,13,R4,A3,True,7830535.74603555,500000.0,1,False
403,4030.0,0.0,13,R4,A4,True,6768677.67382266,500000.0,4,False
404,4040.0,0.0,13,M1,R1,True,7830535.74603555,1000000.0,1,False
404,4040.0,0.0,13,M1,R2,True,3855665.503842472,1000000.0,2,True
404,4040.0,0.0,13,M1,R3,True,6768677.673822663,1000000.0,4,False
404,4040.0,0.0,13,M1,R4,True,7043863.120225582,1000000.0,3,False
404,4040.0,0.0,13,R1,S1,True,3801589.1896710494,500000.0,2,True
404,4040.0,0.0,13,R1,S2,True,7043863.120225582,500000.0,3,False
404,4040.0,0.0,13,R2,S3,True,7830535.74603555,500000.0,1,False
404,4040.0,0.0,13,R2,S4,True,6768677.67382266,500000.0,4,False
404,4040.0,0.0,13,R3,A1,True,3961633.426374553,500000.0,2,True
404,4040.0,0.0,13,R3,A2,True,7043863.120225582,500000.0,3,False
404,4040.0,0.0,13,R4,A3,True,7830535.74603555,500000.0,1,False
404,4040.0,0.0,13,R4,A4,True,6768677.67382266,500000.0,4,False
405,4050.0,0.0,13,M1,R1,True,7830535.74603555,1000000.0,1,False
405,4050.0,0.0,13,M1,R2,True,3853230.0720235854,1000000.0,2,True
405,4050.0,0.0,13,M1,R3,True,6768677.673822663,1000000.0,4,False
405,4050.0,0.0,13,M1,R4,True,7043863.120225582,1000000.0,3,False
405,4050.0,0.0,13,R1,S1,True,3799061.7066534883,500000.0,2,True
405,4050.0,0.0,13,R1,S2,True,7043863.120225582,500000.0,3,False
405,4050.0,0.0,13,R2,S3,True,7830535.74603555,500000.0,1,False
405,4050.0,0.0,13,R2,S4,True,6768677.67382266,500000.0,4,False
405,4050.0,0.0,13,R3,A1,True,3959375.479384531,500000.0,2,True
405,4050.0,0.0,13,R3,A2,True,7043863.120225582,500000.0,3,False
405,4050.0,0.0,13,R4,A3,True,7830535.74603555,500000.0,1,False
405,4050.0,0.0,13,R4,A4,True,6768677.67382266,500000.0,4,False
406,4060.0,0.0,13,M1,R1,True,7830535.74603555,1000000.0,1,False
406,4060.0,0.0,13,M1,R2,True,3850790.4546220824,1000000.0,2,True
406,4060.0,0.0,13,M1,R3,True,6768677.673822663,1000000.0,4,False
406,4060.0,0.0,13,M1,R4,True,7043863.120225582,1000000.0,3,False
406,4060.0,0.0,13,R1,S1,True,3796529.733830959,500000.0,2,True
406,4060.0,0.0,13,R1,S2,True,7043863.120225582,500000.0,3,False
406,4060.0,0.0,13,R2,S3,True,7830535.74603555,500000.0,1,False
406,4060.0,0.0,13,R2,S4,True,6768677.67382266,500000.0,4,False
406,4060.0,0.0,13,R3,A1,True,3957113.924884817,500000.0,2,True
406,4060.0,0.0,13,R3,A2,True,7043863.120225582,500000.0,3,False
406,4060.0,0.0,13,R4,A3,True,7830535.74603555,500000.0,1,False
406,4060.0,0.0,13,R4,A4,True,6768677.67382266,500000.0,4,False
407,4070.0,0.0,13,M1,R1,True,7830535.74603555,1000000.0,1,False
407,4070.0,0.0,13,M1,R2,True,3848346.6376337414,1000000.0,2,True
407,4070.0,0.0,13,M1,R3,True,6768677.673822663,1000000.0,4,False
407,4070.0,0.0,13,M1,R4,True,7043863.120225582,1000000.0,3,False
407,4070.0,0.0,13,R1,S1,True,3793993.255692973,500000.0,2,True
407,4070.0,0.0,13,R1,S2,True,7043863.120225582,500000.0,3,False
407,4070.0,0.0,13,R2,S3,True,7830535.74603555,500000.0,1,False
407,4070.0,0.0,13,R2,S4,True,6768677.67382266,500000.0,4,False
407,4070.0,0.0,13,R3,A1,True,3954848.7517033415,500000.0,2,True
407,4070.0,0.0,13,R3,A2,True,7043863.120225582,500000.0,3,False
407,4070.0,0.0,13,R4,A3,True,7830535.74603555,500000.0,1,False
407,4070.0,0.0,13,R4,A4,True,6768677.67382266,500000.0,4,False
408,4080.0,0.0,13,M1,R1,True,7830535.74603555,1000000.0,1,False
408,4080.0,0.0,13,M1,R2,True,3845898.606983907,1000000.0,2,True
408,4080.0,0.0,13,M1,R3,True,6768677.673822663,1000000.0,4,False
408,4080.0,0.0,13,M1,R4,True,7043863.120225582,1000000.0,3,False
408,4080.0,0.0,13,R1,S1,True,3791452.2566487584,500000.0,2,True
408,4080.0,0.0,13,R1,S2,True,7043863.120225582,500000.0,3,False
408,4080.0,0.0,13,R2,S3,True,7830535.74603555,500000.0,1,False
408,4080.0,0.0,13,R2,S4,True,6768677.67382266,500000.0,4,False
408,4080.0,0.0,13,R3,A1,True,3952579.9486160204,500000.0,2,True
408,4080.0,0.0,13,R3,A2,True,7043863.120225582,500000.0,3,False
408,4080.0,0.0,13,R4,A3,True,7830535.74603555,500000.0,1,False
408,4080.0,0.0,13,R4,A4,True,6768677.67382266,500000.0,4,False
409,4090.0,0.0,13,M1,R1,True,7830535.74603555,1000000.0,1,False
409,4090.0,0.0,13,M1,R2,True,3843446.348527011,1000000.0,2,True
409,4090.0,0.0,13,M1,R3,True,6768677.673822663,1000000.0,4,False
409,4090.0,0.0,13,M1,R4,True,7043863.120225582,1000000.0,3,False
409,4090.0,0.0,13,R1,S1,True,3788906.721026709,500000.0,2,True
409,4090.0,0.0,13,R1,S2,True,7043863.120225582,500000.0,3,False
409,4090.0,0.0,13,R2,S3,True,7830535.74603555,500000.0,1,False
409,4090.0,0.0,13,R2,S4,True,6768677.67382266,500000.0,4,False
409,4090.0,0.0,13,R3,A1,True,3950307.5043464312,500000.0,2,True
409,4090.0,0.0,13,R3,A2,True,7043863.120225582,500000.0,3,False
409,4090.0,0.0,13,R4,A3,True,7830535.74603555,500000.0,1,False
409,4090.0,0.0,13,R4,A4,True,6768677.67382266,500000.0,4,False
410,4100.0,0.0,13,M1,R1,True,7830535.74603555,1000000.0,1,False
410,4100.0,0.0,13,M1,R2,True,3840989.8480461296,1000000.0,2,True
410,4100.0,0.0,13,M1,R3,True,6768677.673822663,1000000.0,4,False
410,4100.0,0.0,13,M1,R4,True,7043863.120225582,1000000.0,3,False
410,4100.0,0.0,13,R1,S1,True,3786356.63307384,500000.0,2,True
410,4100.0,0.0,13,R1,S2,True,7043863.120225582,500000.0,3,False
410,4100.0,0.0,13,R2,S3,True,7830535.74603555,500000.0,1,False
410,4100.0,0.0,13,R2,S4,True,6768677.67382266,500000.0,4,False
410,4100.0,0.0,13,R3,A1,True,3948031.4075655015,500000.0,2,True
410,4100.0,0.0,13,R3,A2,True,7043863.120225582,500000.0,3,False
410,4100.0,0.0,13,R4,A3,True,7830535.74603555,500000.0,1,False
410,4100.0,0.0,13,R4,A4,True,6768677.67382266,500000.0,4,False
411,4110.0,0.0,13,M1,R1,True,7830535.74603555,1000000.0,1,False
411,4110.0,0.0,13,M1,R2,True,3838529.091252473,1000000.0,2,True
411,4110.0,0.0,13,M1,R3,True,6768677.673822663,1000000.0,4,False
411,4110.0,0.0,13,M1,R4,True,7043863.120225582,1000000.0,3,False
411,4110.0,0.0,13,R1,S1,True,3783801.976955217,500000.0,2,True
411,4110.0,0.0,13,R1,S2,True,7043863.120225582,500000.0,3,False
411,4110.0,0.0,13,R2,S3,True,7830535.74603555,500000.0,1,False
411,4110.0,0.0,13,R2,S4,True,6768677.67382266,500000.0,4,False
411,4110.0,0.0,13,R3,A1,True,3945751.6468911786,500000.0,2,True
411,4110.0,0.0,13,R3,A2,True,7043863.120225582,500000.0,3,False
411,4110.0,0.0,13,R4,A3,True,7830535.74603555,500000.0,1,False
411,4110.0,0.0,13,R4,A4,True,6768677.67382266,500000.0,4,False
412,4120.0,0.0,13,M1,R1,True,7830535.74603555,1000000.0,1,False
412,4120.0,0.0,13,M1,R2,True,3836064.0637849336,1000000.0,2,True
412,4120.0,0.0,13,M1,R3,True,6768677.673822663,1000000.0,4,False
412,4120.0,0.0,13,M1,R4,True,7043863.120225582,1000000.0,3,False
412,4120.0,0.0,13,R1,S1,True,3781242.736753407,500000.0,2,True
412,4120.0,0.0,13,R1,S2,True,7043863.120225582,500000.0,3,False
412,4120.0,0.0,13,R2,S3,True,7830535.74603555,500000.0,1,False
412,4120.0,0.0,13,R2,S4,True,6768677.67382266,500000.0,4,False
412,4120.0,0.0,13,R3,A1,True,3943468.210888101,500000.0,2,True
412,4120.0,0.0,13,R3,A2,True,7043863.120225582,500000.0,3,False
412,4120.0,0.0,13,R4,A3,True,7830535.74603555,500000.0,1,False
412,4120.0,0.0,13,R4,A4,True,6768677.67382266,500000.0,4,False
413,4130.0,0.0,13,M1,R1,True,7830535.74603555,1000000.0,1,False
413,4130.0,0.0,13,M1,R2,True,3833594.7512095636,1000000.0,2,True
413,4130.0,0.0,13,M1,R3,True,6768677.673822663,1000000.0,4,False
413,4130.0,0.0,13,M1,R4,True,7043863.120225582,1000000.0,3,False
413,4130.0,0.0,13,R1,S1,True,3778678.896467897,500000.0,2,True
413,4130.0,0.0,13,R1,S2,True,7043863.120225582,500000.0,3,False
413,4130.0,0.0,13,R2,S3,True,7830535.74603555,500000.0,1,False
413,4130.0,0.0,13,R2,S4,True,6768677.67382266,500000.0,4,False
413,4130.0,0.0,13,R3,A1,True,3941181.0880672596,500000.0,2,True
413,4130.0,0.0,13,R3,A2,True,7043863.120225582,500000.0,3,False
413,4130.0,0.0,13,R4,A3,True,7830535.74603555,500000.0,1,False
413,4130.0,0.0,13,R4,A4,True,6768677.67382266,500000.0,4,False
414,4140.0,0.0,13,M1,R1,True,7830535.74603555,1000000.0,1,False
414,4140.0,0.0,13,M1,R2,True,3831121.139019129,1000000.0,2,True
414,4140.0,0.0,13,M1,R3,True,6768677.673822663,1000000.0,4,False
414,4140.0,0.0,13,M1,R4,True,7043863.120225582,1000000.0,3,False
414,4140.0,0.0,13,R1,S1,True,3776110.440014533,500000.0,2,True
414,4140.0,0.0,13,R1,S2,True,7043863.120225582,500000.0,3,False
414,4140.0,0.0,13,R2,S3,True,7830535.74603555,500000.0,1,False
414,4140.0,0.0,13,R2,S4,True,6768677.67382266,500000.0,4,False
414,4140.0,0.0,13,R3,A1,True,3938890.266885678,500000.0,2,True
414,4140.0,0.0,13,R3,A2,True,7043863.120225582,500000.0,3,False
414,4140.0,0.0,13,R4,A3,True,7830535.74603555,500000.0,1,False
414,4140.0,0.0,13,R4,A4,True,6768677.67382266,500000.0,4,False
415,4150.0,0.0,13,M1,R1,True,7830535.74603555,1000000.0,1,False
415,4150.0,0.0,13,M1,R2,True,3828643.2126325797,1000000.0,2,True
415,4150.0,0.0,13,M1,R3,True,6768677.673822663,1000000.0,4,False
415,4150.0,0.0,13,M1,R4,True,7043863.120225582,1000000.0,3,False
415,4150.0,0.0,13,R1,S1,True,3773537.351224926,500000.0,2,True
415,4150.0,0.0,13,R1,S2,True,7043863.120225582,500000.0,3,False
415,4150.0,0.0,13,R2,S3,True,7830535.74603555,500000.0,1,False
415,4150.0,0.0,13,R2,S4,True,6768677.67382266,500000.0,4,False
415,4150.0,0.0,13,R3,A1,True,3936595.735746068,500000.0,2,True
415,4150.0,0.0,13,R3,A2,True,7043863.120225582,500000.0,3,False
415,4150.0,0.0,13,R4,A3,True,7830535.74603555,500000.0,1,False
415,4150.0,0.0,13,R4,A4,True,6768677.67382266,500000.0,4,False
416,4160.0,0.0,13,M1,R1,True,7830535.74603555,1000000.0,1,False
416,4160.0,0.0,13,M1,R2,True,3826160.957394568,1000000.0,2,True
416,4160.0,0.0,13,M1,R3,True,6768677.673822663,1000000.0,4,False
416,4160.0,0.0,13,M1,R4,True,7043863.120225582,1000000.0,3,False
416,4160.0,0.0,13,R1,S1,True,3770959.6138458783,500000.0,2,True
416,4160.0,0.0,13,R1,S2,True,7043863.120225582,500000.0,3,False
416,4160.0,0.0,13,R2,S3,True,7830535.74603555,500000.0,1,False
416,4160.0,0.0,13,R2,S4,True,6768677.67382266,500000.0,4,False
416,4160.0,0.0,13,R3,A1,True,3934297.482996491,500000.0,2,True
416,4160.0,0.0,13,R3,A2,True,7043863.120225582,500000.0,3,False
416,4160.0,0.0,13,R4,A3,True,7830535.74603555,500000.0,1,False
416,4160.0,0.0,13,R4,A4,True,6768677.67382266,500000.0,4,False
417,4170.0,0.0,13,M1,R1,True,7830535.74603555,1000000.0,1,False
417,4170.0,0.0,13,M1,R2,True,3823674.3585749497,1000000.0,2,True
417,4170.0,0.0,13,M1,R3,True,6768677.673822663,1000000.0,4,False
417,4170.0,0.0,13,M1,R4,True,7043863.120225582,1000000.0,3,False
417,4170.0,0.0,13,R1,S1,True,3768377.2115388107,500000.0,2,True
417,4170.0,0.0,13,R1,S2,True,7043863.120225582,500000.0,3,False
417,4170.0,0.0,13,R2,S3,True,7830535.74603555,500000.0,1,False
417,4170.0,0.0,13,R2,S4,True,6768677.67382266,500000.0,4,False
417,4170.0,0.0,13,R3,A1,True,3931995.496930029,500000.0,2,True
417,4170.0,0.0,13,R3,A2,True,7043863.120225582,500000.0,3,False
417,4170.0,0.0,13,R4,A3,True,7830535.74603555,500000.0,1,False
417,4170.0,0.0,13,R4,A4,True,6768677.67382266,500000.0,4,False
418,4180.0,0.0,13,M1,R1,True,7830535.74603555,1000000.0,1,False
418,4180.0,0.0,13,M1,R2,True,3821183.401368267,1000000.0,2,True
418,4180.0,0.0,13,M1,R3,True,6768677.673822663,1000000.0,4,False
418,4180.0,0.0,13,M1,R4,True,7043863.120225582,1000000.0,3,False
418,4180.0,0.0,13,R1,S1,True,3765790.1278791316,500000.0,2,True
418,4180.0,0.0,13,R1,S2,True,7043863.120225582,500000.0,3,False
418,4180.0,0.0,13,R2,S3,True,7830535.74603555,500000.0,1,False
418,4180.0,0.0,13,R2,S4,True,6768677.67382266,500000.0,4,False
418,4180.0,0.0,13,R3,A1,True,3929689.7657844117,500000.0,2,True
418,4180.0,0.0,13,R3,A2,True,7043863.120225582,500000.0,3,False
418,4180.0,0.0,13,R4,A3,True,7830535.74603555,500000.0,1,False
418,4180.0,0.0,13,R4,A4,True,6768677.67382266,500000.0,4,False
419,4190.0,0.0,13,M1,R1,True,7830535.74603555,1000000.0,1,False
419,4190.0,0.0,13,M1,R2,True,3818688.0708932346,1000000.0,2,True
419,4190.0,0.0,13,M1,R3,True,6768677.673822663,1000000.0,4,False
419,4190.0,0.0,13,M1,R4,True,7043863.120225582,1000000.0,3,False
419,4190.0,0.0,13,R1,S1,True,3763198.34635568,500000.0,2,True
419,4190.0,0.0,13,R1,S2,True,7043863.120225582,500000.0,3,False
419,4190.0,0.0,13,R2,S3,True,7830535.74603555,500000.0,1,False
419,4190.0,0.0,13,R2,S4,True,6768677.67382266,500000.0,4,False
419,4190.0,0.0,13,R3,A1,True,3927380.277741707,500000.0,2,True
419,4190.0,0.0,13,R3,A2,True,7043863.120225582,500000.0,3,False
419,4190.0,0.0,13,R4,A3,True,7830535.74603555,500000.0,1,False
419,4190.0,0.0,13,R4,A4,True,6768677.67382266,500000.0,4,False
420,4200.0,0.0,13,M1,R1,True,7830535.74603555,1000000.0,1,False
420,4200.0,0.0,13,M1,R2,True,3816188.3521922436,1000000.0,2,True
420,4200.0,0.0,13,M1,R3,True,6768677.673822663,1000000.0,4,False
420,4200.0,0.0,13,M1,R4,True,7043863.120225582,1000000.0,3,False
420,4200.0,0.0,13,R1,S1,True,3760601.85037008,500000.0,2,True
420,4200.0,0.0,13,R1,S2,True,7043863.120225582,500000.0,3,False
420,4200.0,0.0,13,R2,S3,True,7830535.74603555,500000.0,1,False
420,4200.0,0.0,13,R2,S4,True,6768677.67382266,500000.0,4,False
420,4200.0,0.0,13,R3,A1,True,3925067.0209279372,500000.0,2,True
420,4200.0,0.0,13,R3,A2,True,7043863.120225582,500000.0,3,False
420,4200.0,0.0,13,R4,A3,True,7830535.74603555,500000.0,1,False
420,4200.0,0.0,13,R4,A4,True,6768677.67382266,500000.0,4,False
421,4210.0,0.0,13,M1,R1,True,7830535.74603555,1000000.0,1,False
421,4210.0,0.0,13,M1,R2,True,3813684.230230834,1000000.0,2,True
421,4210.0,0.0,13,M1,R3,True,6768677.673822663,1000000.0,4,False
421,4210.0,0.0,13,M1,R4,True,7043863.120225582,1000000.0,3,False
421,4210.0,0.0,13,R1,S1,True,3758000.6232361794,500000.0,2,True
421,4210.0,0.0,13,R1,S2,True,7043863.120225582,500000.0,3,False
421,4210.0,0.0,13,R2,S3,True,7830535.74603555,500000.0,1,False
421,4210.0,0.0,13,R2,S4,True,6768677.67382266,500000.0,4,False
421,4210.0,0.0,13,R3,A1,True,3922749.983412759,500000.0,2,True
421,4210.0,0.0,13,R3,A2,True,7043863.120225582,500000.0,3,False
421,4210.0,0.0,13,R4,A3,True,7830535.74603555,500000.0,1,False
421,4210.0,0.0,13,R4,A4,True,6768677.67382266,500000.0,4,False
422,4220.0,0.0,13,M1,R1,True,7830535.74603555,1000000.0,1,False
422,4220.0,0.0,13,M1,R2,True,3811175.6898971573,1000000.0,2,True
422,4220.0,0.0,13,M1,R3,True,6768677.673822663,1000000.0,4,False
422,4220.0,0.0,13,M1,R4,True,7043863.120225582,1000000.0,3,False
422,4220.0,0.0,13,R1,S1,True,3755394.6481793965,500000.0,2,True
422,4220.0,0.0,13,R1,S2,True,7043863.120225582,500000.0,3,False
422,4220.0,0.0,13,R2,S3,True,7830535.74603555,500000.0,1,False
422,4220.0,0.0,13,R2,S4,True,6768677.67382266,500000.0,4,False
422,4220.0,0.0,13,R3,A1,True,3920429.1532090837,500000.0,2,True
422,4220.0,0.0,13,R3,A2,True,7043863.120225582,500000.0,3,False
422,4220.0,0.0,13,R4,A3,True,7830535.74603555,500000.0,1,False
422,4220.0,0.0,13,R4,A4,True,6768677.67382266,500000.0,4,False
423,4230.0,0.0,13,M1,R1,True,7830535.74603555,1000000.0,1,False
423,4230.0,0.0,13,M1,R2,True,3808662.7160014636,1000000.0,2,True
423,4230.0,0.0,13,M1,R3,True,6768677.673822663,1000000.0,4,False
423,4230.0,0.0,13,M1,R4,True,7043863.120225582,1000000.0,3,False
423,4230.0,0.0,13,R1,S1,True,3752783.908336121,500000.0,2,True
423,4230.0,0.0,13,R1,S2,True,7043863.120225582,500000.0,3,False
423,4230.0,0.0,13,R2,S3,True,7830535.74603555,500000.0,1,False
423,4230.0,0.0,13,R2,S4,True,6768677.67382266,500000.0,4,False
423,4230.0,0.0,13,R3,A1,True,3918104.5182727305,500000.0,2,True
423,4230.0,0.0,13,R3,A2,True,7043863.120225582,500000.0,3,False
423,4230.0,0.0,13,R4,A3,True,7830535.74603555,500000.0,1,False
423,4230.0,0.0,13,R4,A4,True,6768677.67382266,500000.0,4,False
424,4240.0,0.0,13,M1,R1,True,7830535.74603555,1000000.0,1,False
424,4240.0,0.0,13,M1,R2,True,3806145.293275563,1000000.0,2,True
424,4240.0,0.0,13,M1,R3,True,6768677.673822663,1000000.0,4,False
424,4240.0,0.0,13,M1,R4,True,7043863.120225582,1000000.0,3,False
424,4240.0,0.0,13,R1,S1,True,3750168.386753087,500000.0,2,True
424,4240.0,0.0,13,R1,S2,True,7043863.120225582,500000.0,3,False
424,4240.0,0.0,13,R2,S3,True,7830535.74603555,500000.0,1,False
424,4240.0,0.0,13,R2,S4,True,6768677.67382266,500000.0,4,False
424,4240.0,0.0,13,R3,A1,True,3915776.0665020635,500000.0,2,True
424,4240.0,0.0,13,R3,A2,True,7043863.120225582,500000.0,3,False
424,4240.0,0.0,13,R4,A3,True,7830535.74603555,500000.0,1,False
424,4240.0,0.0,13,R4,A4,True,6768677.67382266,500000.0,4,False
425,4250.0,0.0,13,M1,R1,True,7830535.74603555,1000000.0,1,False
425,4250.0,0.0,13,M1,R2,True,3803623.406372302,1000000.0,2,True
425,4250.0,0.0,13,M1,R3,True,6768677.673822663,1000000.0,4,False
425,4250.0,0.0,13,M1,R4,True,7043863.120225582,1000000.0,3,False
425,4250.0,0.0,13,R1,S1,True,3747548.0663867313,500000.0,2,True
425,4250.0,0.0,13,R1,S2,True,7043863.120225582,500000.0,3,False
425,4250.0,0.0,13,R2,S3,True,7830535.74603555,500000.0,1,False
425,4250.0,0.0,13,R2,S4,True,6768677.67382266,500000.0,4,False
425,4250.0,0.0,13,R3,A1,True,3913443.7857376356,500000.0,2,True
425,4250.0,0.0,13,R3,A2,True,7043863.120225582,500000.0,3,False
425,4250.0,0.0,13,R4,A3,True,7830535.74603555,500000.0,1,False
425,4250.0,0.0,13,R4,A4,True,6768677.67382266,500000.0,4,False
426,4260.0,0.0,13,M1,R1,True,7830535.74603555,1000000.0,1,False
426,4260.0,0.0,13,M1,R2,True,3801097.0398649927,1000000.0,2,True
426,4260.0,0.0,13,M1,R3,True,6768677.673822663,1000000.0,4,False
426,4260.0,0.0,13,M1,R4,True,7043863.120225582,1000000.0,3,False
426,4260.0,0.0,13,R1,S1,True,3744922.9301025737,500000.0,2,True
426,4260.0,0.0,13,R1,S2,True,7043863.120225582,500000.0,3,False
426,4260.0,0.0,13,R2,S3,True,7830535.74603555,500000.0,1,False
426,4260.0,0.0,13,R2,S4,True,6768677.67382266,500000.0,4,False
426,4260.0,0.0,13,R3,A1,True,3911107.6637618085,500000.0,2,True
426,4260.0,0.0,13,R3,A2,True,7043863.120225582,500000.0,3,False
426,4260.0,0.0,13,R4,A3,True,7830535.74603555,500000.0,1,False
426,4260.0,0.0,13,R4,A4,True,6768677.67382266,500000.0,4,False
427,4270.0,0.0,13,M1,R1,True,7830535.74603555,1000000.0,1,False
427,4270.0,0.0,13,M1,R2,True,3798566.1782468962,1000000.0,2,True
427,4270.0,0.0,13,M1,R3,True,6768677.673822663,1000000.0,4,False
427,4270.0,0.0,13,M1,R4,True,7043863.120225582,1000000.0,3,False
427,4270.0,0.0,13,R1,S1,True,3742292.9606745755,500000.0,2,True
427,4270.0,0.0,13,R1,S2,True,7043863.120225582,500000.0,3,False
427,4270.0,0.0,13,R2,S3,True,7830535.74603555,500000.0,1,False
427,4270.0,0.0,13,R2,S4,True,6768677.67382266,500000.0,4,False
427,4270.0,0.0,13,R3,A1,True,3908767.688298399,500000.0,2,True
427,4270.0,0.0,13,R3,A2,True,7043863.120225582,500000.0,3,False
427,4270.0,0.0,13,R4,A3,True,7830535.74603555,500000.0,1,False
427,4270.0,0.0,13,R4,A4,True,6768677.67382266,500000.0,4,False
428,4280.0,0.0,13,M1,R1,True,7830535.74603555,1000000.0,1,False
428,4280.0,0.0,13,M1,R2,True,3796030.805930652,1000000.0,2,True
428,4280.0,0.0,13,M1,R3,True,6768677.673822663,1000000.0,4,False
428,4280.0,0.0,13,M1,R4,True,7043863.120225582,1000000.0,3,False
428,4280.0,0.0,13,R1,S1,True,3739658.140784471,500000.0,2,True
428,4280.0,0.0,13,R1,S2,True,7043863.120225582,500000.0,3,False
428,4280.0,0.0,13,R2,S3,True,7830535.74603555,500000.0,1,False
428,4280.0,0.0,13,R2,S4,True,6768677.67382266,500000.0,4,False
428,4280.0,0.0,13,R3,A1,True,3906423.8470122945,500000.0,2,True
428,4280.0,0.0,13,R3,A2,True,7043863.120225582,500000.0,3,False
428,4280.0,0.0,13,R4,A3,True,7830535.74603555,500000.0,1,False
428,4280.0,0.0,13,R4,A4,True,6768677.67382266,500000.0,4,False
429,4290.0,0.0,13,M1,R1,True,7830535.74603555,1000000.0,1,False
429,4290.0,0.0,13,M1,R2,True,3793490.9072477296,1000000.0,2,True
429,4290.0,0.0,13,M1,R3,True,6768677.673822663,1000000.0,4,False
429,4290.0,0.0,13,M1,R4,True,7043863.120225582,1000000.0,3,False
429,4290.0,0.0,13,R1,S1,True,3737018.4530211417,500000.0,2,True
429,4290.0,0.0,13,R1,S2,True,7043863.120225582,500000.0,3,False
429,4290.0,0.0,13,R2,S3,True,7830535.74603555,500000.0,1,False
429,4290.0,0.0,13,R2,S4,True,6768677.67382266,500000.0,4,False
429,4290.0,0.0,13,R3,A1,True,3904076.1275090924,500000.0,2,True
429,4290.0,0.0,13,R3,A2,True,7043863.120225582,500000.0,3,False
429,4290.0,0.0,13,R4,A3,True,7830535.74603555,500000.0,1,False
429,4290.0,0.0,13,R4,A4,True,6768677.67382266,500000.0,4,False
430,4300.0,0.0,13,M1,R1,True,7830535.74603555,1000000.0,1,False
430,4300.0,0.0,13,M1,R2,True,3790946.4664478768,1000000.0,2,True
430,4300.0,0.0,13,M1,R3,True,6768677.673822663,1000000.0,4,False
430,4300.0,0.0,13,M1,R4,True,7043863.120225582,1000000.0,3,False
430,4300.0,0.0,13,R1,S1,True,3734373.8798799454,500000.0,2,True
430,4300.0,0.0,13,R1,S2,True,7043863.120225582,500000.0,3,False
430,4300.0,0.0,13,R2,S3,True,7830535.74603555,500000.0,1,False
430,4300.0,0.0,13,R2,S4,True,6768677.67382266,500000.0,4,False
430,4300.0,0.0,13,R3,A1,True,3901724.517334708,500000.0,2,True
430,4300.0,0.0,13,R3,A2,True,7043863.120225582,500000.0,3,False
430,4300.0,0.0,13,R4,A3,True,7830535.74603555,500000.0,1,False
430,4300.0,0.0,13,R4,A4,True,6768677.67382266,500000.0,4,False
431,4310.0,0.0,13,M1,R1,True,7830535.74603555,1000000.0,1,False
431,4310.0,0.0,13,M1,R2,True,3788397.4676985377,1000000.0,2,True
431,4310.0,0.0,13,M1,R3,True,6768677.673822663,1000000.0,4,False
431,4310.0,0.0,13,M1,R4,True,7043863.120225582,1000000.0,3,False
431,4310.0,0.0,13,R1,S1,True,3731724.403762061,500000.0,2,True
431,4310.0,0.0,13,R1,S2,True,7043863.120225582,500000.0,3,False
431,4310.0,0.0,13,R2,S3,True,7830535.74603555,500000.0,1,False
431,4310.0,0.0,13,R2,S4,True,6768677.67382266,500000.0,4,False
431,4310.0,0.0,13,R3,A1,True,3899369.003975003,500000.0,2,True
431,4310.0,0.0,13,R3,A2,True,7043863.120225582,500000.0,3,False
431,4310.0,0.0,13,R4,A3,True,7830535.74603555,500000.0,1,False
431,4310.0,0.0,13,R4,A4,True,6768677.67382266,500000.0,4,False
432,4320.0,0.0,13,M1,R1,True,7830535.74603555,1000000.0,1,False
432,4320.0,0.0,13,M1,R2,True,3785843.895084288,1000000.0,2,True
432,4320.0,0.0,13,M1,R3,True,6768677.673822663,1000000.0,4,False
432,4320.0,0.0,13,M1,R4,True,7043863.120225582,1000000.0,3,False
432,4320.0,0.0,13,R1,S1,True,3729070.0069738044,500000.0,2,True
432,4320.0,0.0,13,R1,S2,True,7043863.120225582,500000.0,3,False
432,4320.0,0.0,13,R2,S3,True,7830535.74603555,500000.0,1,False
432,4320.0,0.0,13,R2,S4,True,6768677.67382266,500000.0,4,False
432,4320.0,0.0,13,R3,A1,True,3897009.574855399,500000.0,2,True
432,4320.0,0.0,13,R3,A2,True,7043863.120225582,500000.0,3,False
432,4320.0,0.0,13,R4,A3,True,7830535.74603555,500000.0,1,False
432,4320.0,0.0,13,R4,A4,True,6768677.67382266,500000.0,4,False
433,4330.0,0.0,13,M1,R1,True,7830535.74603555,1000000.0,1,False
433,4330.0,0.0,13,M1,R2,True,3783285.7326062717,1000000.0,2,True
433,4330.0,0.0,13,M1,R3,True,6768677.673822663,1000000.0,4,False
433,4330.0,0.0,13,M1,R4,True,7043863.120225582,1000000.0,3,False
433,4330.0,0.0,13,R1,S1,True,3726410.6717259656,500000.0,2,True
433,4330.0,0.0,13,R1,S2,True,7043863.120225582,500000.0,3,False
433,4330.0,0.0,13,R2,S3,True,7830535.74603555,500000.0,1,False
433,4330.0,0.0,13,R2,S4,True,6768677.67382266,500000.0,4,False
433,4330.0,0.0,13,R3,A1,True,3894646.217340493,500000.0,2,True
433,4330.0,0.0,13,R3,A2,True,7043863.120225582,500000.0,3,False
433,4330.0,0.0,13,R4,A3,True,7830535.74603555,500000.0,1,False
433,4330.0,0.0,13,R4,A4,True,6768677.67382266,500000.0,4,False
434,4340.0,0.0,13,M1,R1,True,7830535.74603555,1000000.0,1,False
434,4340.0,0.0,13,M1,R2,True,3780722.9641816076,1000000.0,2,True
434,4340.0,0.0,13,M1,R3,True,6768677.673822663,1000000.0,4,False
434,4340.0,0.0,13,M1,R4,True,7043863.120225582,1000000.0,3,False
434,4340.0,0.0,13,R1,S1,True,3723746.3801331203,500000.0,2,True
434,4340.0,0.0,13,R1,S2,True,7043863.120225582,500000.0,3,False
434,4340.0,0.0,13,R2,S3,True,7830535.74603555,500000.0,1,False
434,4340.0,0.0,13,R2,S4,True,6768677.67382266,500000.0,4,False
434,4340.0,0.0,13,R3,A1,True,3892278.9187336583,500000.0,2,True
434,4340.0,0.0,13,R3,A2,True,7043863.120225582,500000.0,3,False
434,4340.0,0.0,13,R4,A3,True,7830535.74603555,500000.0,1,False
434,4340.0,0.0,13,R4,A4,True,6768677.67382266,500000.0,4,False
435,4350.0,0.0,13,M1,R1,True,7830535.74603555,1000000.0,1,False
435,4350.0,0.0,13,M1,R2,True,3778155.573642806,1000000.0,2,True
435,4350.0,0.0,13,M1,R3,True,6768677.673822663,1000000.0,4,False
435,4350.0,0.0,13,M1,R4,True,7043863.120225582,1000000.0,3,False
435,4350.0,0.0,13,R1,S1,True,3721077.1142129446,500000.0,2,True
435,4350.0,0.0,13,R1,S2,True,7043863.120225582,500000.0,3,False
435,4350.0,0.0,13,R2,S3,True,7830535.74603555,500000.0,1,False
435,4350.0,0.0,13,R2,S4,True,6768677.67382266,500000.0,4,False
435,4350.0,0.0,13,R3,A1,True,3889907.666276674,500000.0,2,True
435,4350.0,0.0,13,R3,A2,True,7043863.120225582,500000.0,3,False
435,4350.0,0.0,13,R4,A3,True,7830535.74603555,500000.0,1,False
435,4350.0,0.0,13,R4,A4,True,6768677.67382266,500000.0,4,False
436,4360.0,0.0,13,M1,R1,True,7830535.74603555,1000000.0,1,False
436,4360.0,0.0,13,M1,R2,True,3775583.5447371807,1000000.0,2,True
436,4360.0,0.0,13,M1,R3,True,6768677.673822663,1000000.0,4,False
436,4360.0,0.0,13,M1,R4,True,7043863.120225582,1000000.0,3,False
436,4360.0,0.0,13,R1,S1,True,3718402.855885539,500000.0,2,True
436,4360.0,0.0,13,R1,S2,True,7043863.120225582,500000.0,3,False
436,4360.0,0.0,13,R2,S3,True,7830535.74603555,500000.0,1,False
436,4360.0,0.0,13,R2,S4,True,6768677.67382266,500000.0,4,False
436,4360.0,0.0,13,R3,A1,True,3887532.4471492926,500000.0,2,True
436,4360.0,0.0,13,R3,A2,True,7043863.120225582,500000.0,3,False
436,4360.0,0.0,13,R4,A3,True,7830535.74603555,500000.0,1,False
436,4360.0,0.0,13,R4,A4,True,6768677.67382266,500000.0,4,False
437,4370.0,0.0,13,M1,R1,True,7830535.74603555,1000000.0,1,False
437,4370.0,0.0,13,M1,R2,True,3773006.8611262613,1000000.0,2,True
437,4370.0,0.0,13,M1,R3,True,6768677.673822663,1000000.0,4,False
437,4370.0,0.0,13,M1,R4,True,7043863.120225582,1000000.0,3,False
437,4370.0,0.0,13,R1,S1,True,3715723.586972688,500000.0,2,True
437,4370.0,0.0,13,R1,S2,True,7043863.120225582,500000.0,3,False
437,4370.0,0.0,13,R2,S3,True,7830535.74603555,500000.0,1,False
437,4370.0,0.0,13,R2,S4,True,6768677.67382266,500000.0,4,False
437,4370.0,0.0,13,R3,A1,True,3885153.248468893,500000.0,2,True
437,4370.0,0.0,13,R3,A2,True,7043863.120225582,500000.0,3,False
437,4370.0,0.0,13,R4,A3,True,7830535.74603555,500000.0,1,False
437,4370.0,0.0,13,R4,A4,True,6768677.67382266,500000.0,4,False
438,4380.0,0.0,13,M1,R1,True,7830535.74603555,1000000.0,1,False
438,4380.0,0.0,13,M1,R2,True,3770425.5063851825,1000000.0,2,True
438,4380.0,0.0,13,M1,R3,True,6768677.673822663,1000000.0,4,False
438,4380.0,0.0,13,M1,R4,True,7043863.120225582,1000000.0,3,False
438,4380.0,0.0,13,R1,S1,True,3713039.289197188,500000.0,2,True
438,4380.0,0.0,13,R1,S2,True,7043863.120225582,500000.0,3,False
438,4380.0,0.0,13,R2,S3,True,7830535.74603555,500000.0,1,False
438,4380.0,0.0,13,R2,S4,True,6768677.67382266,500000.0,4,False
438,4380.0,0.0,13,R3,A1,True,3882770.057290014,500000.0,2,True
438,4380.0,0.0,13,R3,A2,True,7043863.120225582,500000.0,3,False
438,4380.0,0.0,13,R4,A3,True,7830535.74603555,500000.0,1,False
438,4380.0,0.0,13,R4,A4,True,6768677.67382266,500000.0,4,False
439,4390.0,0.0,13,M1,R1,True,7830535.74603555,1000000.0,1,False
439,4390.0,0.0,13,M1,R2,True,3767839.4640020845,1000000.0,2,True
439,4390.0,0.0,13,M1,R3,True,6768677.673822663,1000000.0,4,False
439,4390.0,0.0,13,M1,R4,True,7043863.120225582,1000000.0,3,False
439,4390.0,0.0,13,R1,S1,True,3710349.9441821435,500000.0,2,True
439,4390.0,0.0,13,R1,S2,True,7043863.120225582,500000.0,3,False
439,4390.0,0.0,13,R2,S3,True,7830535.74603555,500000.0,1,False
439,4390.0,0.0,13,R2,S4,True,6768677.67382266,500000.0,4,False
439,4390.0,0.0,13,R3,A1,True,3880382.860604004,500000.0,2,True
439,4390.0,0.0,13,R3,A2,True,7043863.120225582,500000.0,3,False
439,4390.0,0.0,13,R4,A3,True,7830535.74603555,500000.0,1,False
439,4390.0,0.0,13,R4,A4,True,6768677.67382266,500000.0,4,False
440,4400.0,0.0,13,M1,R1,True,7830535.74603555,1000000.0,1,False
440,4400.0,0.0,13,M1,R2,True,3765248.717377492,1000000.0,2,True
440,4400.0,0.0,13,M1,R3,True,6768677.673822663,1000000.0,4,False
440,4400.0,0.0,13,M1,R4,True,7043863.120225582,1000000.0,3,False
440,4400.0,0.0,13,R1,S1,True,3707655.533450199,500000.0,2,True
440,4400.0,0.0,13,R1,S2,True,7043863.120225582,500000.0,3,False
440,4400.0,0.0,13,R2,S3,True,7830535.74603555,500000.0,1,False
440,4400.0,0.0,13,R2,S4,True,6768677.67382266,500000.0,4,False
440,4400.0,0.0,13,R3,A1,True,3877991.6453385996,500000.0,2,True
440,4400.0,0.0,13,R3,A2,True,7043863.120225582,500000.0,3,False
440,4400.0,0.0,13,R4,A3,True,7830535.74603555,500000.0,1,False
440,4400.0,0.0,13,R4,A4,True,6768677.67382266,500000.0,4,False
441,4410.0,0.0,13,M1,R1,True,7830535.74603555,1000000.0,1,False
441,4410.0,0.0,13,M1,R2,True,3762653.2498237155,1000000.0,2,True
441,4410.0,0.0,13,M1,R3,True,6768677.673822663,1000000.0,4,False
441,4410.0,0.0,13,M1,R4,True,7043863.120225582,1000000.0,3,False
441,4410.0,0.0,13,R1,S1,True,3704956.038422872,500000.0,2,True
441,4410.0,0.0,13,R1,S2,True,7043863.120225582,500000.0,3,False
441,4410.0,0.0,13,R2,S3,True,7830535.74603555,500000.0,1,False
441,4410.0,0.0,13,R2,S4,True,6768677.67382266,500000.0,4,False
441,4410.0,0.0,13,R3,A1,True,3875596.398357471,500000.0,2,True
441,4410.0,0.0,13,R3,A2,True,7043863.120225582,500000.0,3,False
441,4410.0,0.0,13,R4,A3,True,7830535.74603555,500000.0,1,False
441,4410.0,0.0,13,R4,A4,True,6768677.67382266,500000.0,4,False
442,4420.0,0.0,13,M1,R1,True,7830535.74603555,1000000.0,1,False
442,4420.0,0.0,13,M1,R2,True,3760053.04456422,1000000.0,2,True
442,4420.0,0.0,13,M1,R3,True,6768677.673822663,1000000.0,4,False
442,4420.0,0.0,13,M1,R4,True,7043863.120225582,1000000.0,3,False
442,4420.0,0.0,13,R1,S1,True,3702251.4404197843,500000.0,2,True
442,4420.0,0.0,13,R1,S2,True,7043863.120225582,500000.0,3,False
442,4420.0,0.0,13,R2,S3,True,7830535.74603555,500000.0,1,False
442,4420.0,0.0,13,R2,S4,True,6768677.67382266,500000.0,4,False
442,4420.0,0.0,13,R3,A1,True,3873197.106459875,500000.0,2,True
442,4420.0,0.0,13,R3,A2,True,7043863.120225582,500000.0,3,False
442,4420.0,0.0,13,R4,A3,True,7830535.74603555,500000.0,1,False
442,4420.0,0.0,13,R4,A4,True,6768677.67382266,500000.0,4,False
443,4430.0,0.0,13,M1,R1,True,7830535.74603555,1000000.0,1,False
443,4430.0,0.0,13,M1,R2,True,3757448.0847329856,1000000.0,2,True
443,4430.0,0.0,13,M1,R3,True,6768677.673822663,1000000.0,4,False
443,4430.0,0.0,13,M1,R4,True,7043863.120225582,1000000.0,3,False
443,4430.0,0.0,13,R1,S1,True,3699541.720657953,500000.0,2,True
443,4430.0,0.0,13,R1,S2,True,7043863.120225582,500000.0,3,False
443,4430.0,0.0,13,R2,S3,True,7830535.74603555,500000.0,1,False
443,4430.0,0.0,13,R2,S4,True,6768677.67382266,500000.0,4,False
443,4430.0,0.0,13,R3,A1,True,3870793.7563801925,500000.0,2,True
443,4430.0,0.0,13,R3,A2,True,7043863.120225582,500000.0,3,False
443,4430.0,0.0,13,R4,A3,True,7830535.74603555,500000.0,1,False
443,4430.0,0.0,13,R4,A4,True,6768677.67382266,500000.0,4,False
444,4440.0,0.0,13,M1,R1,True,7830535.74603555,1000000.0,1,False
444,4440.0,0.0,13,M1,R2,True,3754838.3533739084,1000000.0,2,True
444,4440.0,0.0,13,M1,R3,True,6768677.673822663,1000000.0,4,False
444,4440.0,0.0,13,M1,R4,True,7043863.120225582,1000000.0,3,False
444,4440.0,0.0,13,R1,S1,True,3696826.860251003,500000.0,2,True
444,4440.0,0.0,13,R1,S2,True,7043863.120225582,500000.0,3,False
444,4440.0,0.0,13,R2,S3,True,7830535.74603555,500000.0,1,False
444,4440.0,0.0,13,R2,S4,True,6768677.67382266,500000.0,4,False
444,4440.0,0.0,13,R3,A1,True,3868386.3347874964,500000.0,2,True
444,4440.0,0.0,13,R3,A2,True,7043863.120225582,500000.0,3,False
444,4440.0,0.0,13,R4,A3,True,7830535.74603555,500000.0,1,False
444,4440.0,0.0,13,R4,A4,True,6768677.67382266,500000.0,4,False
445,4450.0,0.0,13,M1,R1,True,7830535.74603555,1000000.0,1,False
445,4450.0,0.0,13,M1,R2,True,3752223.8334401213,1000000.0,2,True
445,4450.0,0.0,13,M1,R3,True,6768677.673822663,1000000.0,4,False
445,4450.0,0.0,13,M1,R4,True,7043863.120225582,1000000.0,3,False
445,4450.0,0.0,13,R1,S1,True,3694106.840208459,500000.0,2,True
445,4450.0,0.0,13,R1,S2,True,7043863.120225582,500000.0,3,False
445,4450.0,0.0,13,R2,S3,True,7830535.74603555,500000.0,1,False
445,4450.0,0.0,13,R2,S4,True,6768677.67382266,500000.0,4,False
445,4450.0,0.0,13,R3,A1,True,3865974.828285182,500000.0,2,True
445,4450.0,0.0,13,R3,A2,True,7043863.120225582,500000.0,3,False
445,4450.0,0.0,13,R4,A3,True,7830535.74603555,500000.0,1,False
445,4450.0,0.0,13,R4,A4,True,6768677.67382266,500000.0,4,False
446,4460.0,0.0,13,M1,R1,True,7830535.74603555,1000000.0,1,False
446,4460.0,0.0,13,M1,R2,True,3749604.5077933846,1000000.0,2,True
446,4460.0,0.0,13,M1,R3,True,6768677.673822663,1000000.0,4,False
446,4460.0,0.0,13,M1,R4,True,7043863.120225582,1000000.0,3,False
446,4460.0,0.0,13,R1,S1,True,3691381.641434974,500000.0,2,True
446,4460.0,0.0,13,R1,S2,True,7043863.120225582,500000.0,3,False
446,4460.0,0.0,13,R2,S3,True,7830535.74603555,500000.0,1,False
446,4460.0,0.0,13,R2,S4,True,6768677.67382266,500000.0,4,False
446,4460.0,0.0,13,R3,A1,True,3863559.2234104658,500000.0,2,True
446,4460.0,0.0,13,R3,A2,True,7043863.120225582,500000.0,3,False
446,4460.0,0.0,13,R4,A3,True,7830535.74603555,500000.0,1,False
446,4460.0,0.0,13,R4,A4,True,6768677.67382266,500000.0,4,False
447,4470.0,0.0,13,M1,R1,True,7830535.74603555,1000000.0,1,False
447,4470.0,0.0,13,M1,R2,True,3746980.359203422,1000000.0,2,True
447,4470.0,0.0,13,M1,R3,True,6768677.673822663,1000000.0,4,False
447,4470.0,0.0,13,M1,R4,True,7043863.120225582,1000000.0,3,False
447,4470.0,0.0,13,R1,S1,True,3688651.2447295478,500000.0,2,True
447,4470.0,0.0,13,R1,S2,True,7043863.120225582,500000.0,3,False
447,4470.0,0.0,13,R2,S3,True,7830535.74603555,500000.0,1,False
447,4470.0,0.0,13,R2,S4,True,6768677.67382266,500000.0,4,False
447,4470.0,0.0,13,R3,A1,True,3861139.506634013,500000.0,2,True
447,4470.0,0.0,13,R3,A2,True,7043863.120225582,500000.0,3,False
447,4470.0,0.0,13,R4,A3,True,7830535.74603555,500000.0,1,False
447,4470.0,0.0,13,R4,A4,True,6768677.67382266,500000.0,4,False
448,4480.0,0.0,13,M1,R1,True,7830535.74603555,1000000.0,1,False
448,4480.0,0.0,13,M1,R2,True,3744351.370347264,1000000.0,2,True
448,4480.0,0.0,13,M1,R3,True,6768677.673822663,1000000.0,4,False
448,4480.0,0.0,13,M1,R4,True,7043863.120225582,1000000.0,3,False
448,4480.0,0.0,13,R1,S1,True,3685915.6307847877,500000.0,2,True
448,4480.0,0.0,13,R1,S2,True,7043863.120225582,500000.0,3,False
448,4480.0,0.0,13,R2,S3,True,7830535.74603555,500000.0,1,False
448,4480.0,0.0,13,R2,S4,True,6768677.67382266,500000.0,4,False
448,4480.0,0.0,13,R3,A1,True,3858715.6643594746,500000.0,2,True
448,4480.0,0.0,13,R3,A2,True,7043863.120225582,500000.0,3,False
448,4480.0,0.0,13,R4,A3,True,7830535.74603555,500000.0,1,False
448,4480.0,0.0,13,R4,A4,True,6768677.67382266,500000.0,4,False
449,4490.0,0.0,13,M1,R1,True,7830535.74603555,1000000.0,1,False
449,4490.0,0.0,13,M1,R2,True,3741717.523808588,1000000.0,2,True
449,4490.0,0.0,13,M1,R3,True,6768677.673822663,1000000.0,4,False
449,4490.0,0.0,13,M1,R4,True,7043863.120225582,1000000.0,3,False
449,4490.0,0.0,13,R1,S1,True,3683174.7801860953,500000.0,2,True
449,4490.0,0.0,13,R1,S2,True,7043863.120225582,500000.0,3,False
449,4490.0,0.0,13,R2,S3,True,7830535.74603555,500000.0,1,False
449,4490.0,0.0,13,R2,S4,True,6768677.67382266,500000.0,4,False
449,4490.0,0.0,13,R3,A1,True,3856287.682923039,500000.0,2,True
449,4490.0,0.0,13,R3,A2,True,7043863.120225582,500000.0,3,False
449,4490.0,0.0,13,R4,A3,True,7830535.74603555,500000.0,1,False
449,4490.0,0.0,13,R4,A4,True,6768677.67382266,500000.0,4,False
450,4500.0,0.0,13,M1,R1,True,7830535.74603555,1000000.0,1,False
450,4500.0,0.0,13,M1,R2,True,3739078.8020770606,1000000.0,2,True
450,4500.0,0.0,13,M1,R3,True,6768677.673822663,1000000.0,4,False
450,4500.0,0.0,13,M1,R4,True,7043863.120225582,1000000.0,3,False
450,4500.0,0.0,13,R1,S1,True,3680428.673410909,500000.0,2,True
450,4500.0,0.0,13,R1,S2,True,7043863.120225582,500000.0,3,False
450,4500.0,0.0,13,R2,S3,True,7830535.74603555,500000.0,1,False
450,4500.0,0.0,13,R2,S4,True,6768677.67382266,500000.0,4,False
450,4500.0,0.0,13,R3,A1,True,3853855.5485930187,500000.0,2,True
450,4500.0,0.0,13,R3,A2,True,7043863.120225582,500000.0,3,False
450,4500.0,0.0,13,R4,A3,True,7830535.74603555,500000.0,1,False
450,4500.0,0.0,13,R4,A4,True,6768677.67382266,500000.0,4,False
451,4510.0,0.0,13,M1,R1,True,7830535.74603555,1000000.0,1,False
451,4510.0,0.0,13,M1,R2,True,3736435.18754765,1000000.0,2,True
451,4510.0,0.0,13,M1,R3,True,6768677.673822663,1000000.0,4,False
451,4510.0,0.0,13,M1,R4,True,7043863.120225582,1000000.0,3,False
451,4510.0,0.0,13,R1,S1,True,3677677.2908278913,500000.0,2,True
451,4510.0,0.0,13,R1,S2,True,7043863.120225582,500000.0,3,False
451,4510.0,0.0,13,R2,S3,True,7830535.74603555,500000.0,1,False
451,4510.0,0.0,13,R2,S4,True,6768677.67382266,500000.0,4,False
451,4510.0,0.0,13,R3,A1,True,3851419.247569375,500000.0,2,True
451,4510.0,0.0,13,R3,A2,True,7043863.120225582,500000.0,3,False
451,4510.0,0.0,13,R4,A3,True,7830535.74603555,500000.0,1,False
451,4510.0,0.0,13,R4,A4,True,6768677.67382266,500000.0,4,False
452,4520.0,0.0,13,M1,R1,True,7830535.74603555,1000000.0,1,False
452,4520.0,0.0,13,M1,R2,True,3733786.6625199695,1000000.0,2,True
452,4520.0,0.0,13,M1,R3,True,6768677.673822663,1000000.0,4,False
452,4520.0,0.0,13,M1,R4,True,7043863.120225582,1000000.0,3,False
452,4520.0,0.0,13,R1,S1,True,3674920.612696151,500000.0,2,True
452,4520.0,0.0,13,R1,S2,True,7043863.120225582,500000.0,3,False
452,4520.0,0.0,13,R2,S3,True,7830535.74603555,500000.0,1,False
452,4520.0,0.0,13,R2,S4,True,6768677.67382266,500000.0,4,False
452,4520.0,0.0,13,R3,A1,True,3848978.765983286,500000.0,2,True
452,4520.0,0.0,13,R3,A2,True,7043863.120225582,500000.0,3,False
452,4520.0,0.0,13,R4,A3,True,7830535.74603555,500000.0,1,False
452,4520.0,0.0,13,R4,A4,True,6768677.67382266,500000.0,4,False
453,4530.0,0.0,13,M1,R1,True,7830535.74603555,1000000.0,1,False
453,4530.0,0.0,13,M1,R2,True,3731133.2091975645,1000000.0,2,True
453,4530.0,0.0,13,M1,R3,True,6768677.673822663,1000000.0,4,False
453,4530.0,0.0,13,M1,R4,True,7043863.120225582,1000000.0,3,False
453,4530.0,0.0,13,R1,S1,True,3672158.6191644063,500000.0,2,True
453,4530.0,0.0,13,R1,S2,True,7043863.120225582,500000.0,3,False
453,4530.0,0.0,13,R2,S3,True,7830535.74603555,500000.0,1,False
453,4530.0,0.0,13,R2,S4,True,6768677.67382266,500000.0,4,False
453,4530.0,0.0,13,R3,A1,True,3846534.0898966747,500000.0,2,True
453,4530.0,0.0,13,R3,A2,True,7043863.120225582,500000.0,3,False
453,4530.0,0.0,13,R4,A3,True,7830535.74603555,500000.0,1,False
453,4530.0,0.0,13,R4,A4,True,6768677.67382266,500000.0,4,False
454,4540.0,0.0,13,M1,R1,True,7830535.74603555,1000000.0,1,False
454,4540.0,0.0,13,M1,R2,True,3728474.8096872414,1000000.0,2,True
454,4540.0,0.0,13,M1,R3,True,6768677.673822663,1000000.0,4,False
454,4540.0,0.0,13,M1,R4,True,7043863.120225582,1000000.0,3,False
454,4540.0,0.0,13,R1,S1,True,3669391.290270194,500000.0,2,True
454,4540.0,0.0,13,R1,S2,True,7043863.120225582,500000.0,3,False
454,4540.0,0.0,13,R2,S3,True,7830535.74603555,500000.0,1,False
454,4540.0,0.0,13,R2,S4,True,6768677.67382266,500000.0,4,False
454,4540.0,0.0,13,R3,A1,True,3844085.205301783,500000.0,2,True
454,4540.0,0.0,13,R3,A2,True,7043863.120225582,500000.0,3,False
454,4540.0,0.0,13,R4,A3,True,7830535.74603555,500000.0,1,False
454,4540.0,0.0,13,R4,A4,True,6768677.67382266,500000.0,4,False
455,4550.0,0.0,13,M1,R1,True,7830535.74603555,1000000.0,1,False
455,4550.0,0.0,13,M1,R2,True,3725811.4459983665,1000000.0,2,True
455,4550.0,0.0,13,M1,R3,True,6768677.673822663,1000000.0,4,False
455,4550.0,0.0,13,M1,R4,True,7043863.120225582,1000000.0,3,False
455,4550.0,0.0,13,R1,S1,True,3666618.6059390507,500000.0,2,True
455,4550.0,0.0,13,R1,S2,True,7043863.120225582,500000.0,3,False
455,4550.0,0.0,13,R2,S3,True,7830535.74603555,500000.0,1,False
455,4550.0,0.0,13,R2,S4,True,6768677.67382266,500000.0,4,False
455,4550.0,0.0,13,R3,A1,True,3841632.098120671,500000.0,2,True
455,4550.0,0.0,13,R3,A2,True,7043863.120225582,500000.0,3,False
455,4550.0,0.0,13,R4,A3,True,7830535.74603555,500000.0,1,False
455,4550.0,0.0,13,R4,A4,True,6768677.67382266,500000.0,4,False
456,4560.0,0.0,13,M1,R1,True,7830535.74603555,1000000.0,1,False
456,4560.0,0.0,13,M1,R2,True,3723143.1000421713,1000000.0,2,True
456,4560.0,0.0,13,M1,R3,True,6768677.673822663,1000000.0,4,False
456,4560.0,0.0,13,M1,R4,True,7043863.120225582,1000000.0,3,False
456,4560.0,0.0,13,R1,S1,True,3663840.545983664,500000.0,2,True
456,4560.0,0.0,13,R1,S2,True,7043863.120225582,500000.0,3,False
456,4560.0,0.0,13,R2,S3,True,7830535.74603555,500000.0,1,False
456,4560.0,0.0,13,R2,S4,True,6768677.67382266,500000.0,4,False
456,4560.0,0.0,13,R3,A1,True,3839174.7542047803,500000.0,2,True
456,4560.0,0.0,13,R3,A2,True,7043863.120225582,500000.0,3,False
456,4560.0,0.0,13,R4,A3,True,7830535.74603555,500000.0,1,False
456,4560.0,0.0,13,R4,A4,True,6768677.67382266,500000.0,4,False
457,4570.0,0.0,13,M1,R1,True,7830535.74603555,1000000.0,1,False
457,4570.0,0.0,13,M1,R2,True,3720469.753631021,1000000.0,2,True
457,4570.0,0.0,13,M1,R3,True,6768677.673822663,1000000.0,4,False
457,4570.0,0.0,13,M1,R4,True,7043863.120225582,1000000.0,3,False
457,4570.0,0.0,13,R1,S1,True,3661057.090103038,500000.0,2,True
457,4570.0,0.0,13,R1,S2,True,7043863.120225582,500000.0,3,False
457,4570.0,0.0,13,R2,S3,True,7830535.74603555,500000.0,1,False
457,4570.0,0.0,13,R2,S4,True,6768677.67382266,500000.0,4,False
457,4570.0,0.0,13,R3,A1,True,3836713.1593344617,500000.0,2,True
457,4570.0,0.0,13,R3,A2,True,7043863.120225582,500000.0,3,False
457,4570.0,0.0,13,R4,A3,True,7830535.74603555,500000.0,1,False
457,4570.0,0.0,13,R4,A4,True,6768677.67382266,500000.0,4,False
458,4580.0,0.0,13,M1,R1,True,7830535.74603555,1000000.0,1,False
458,4580.0,0.0,13,M1,R2,True,3717791.388477722,1000000.0,2,True
458,4580.0,0.0,13,M1,R3,True,6768677.673822663,1000000.0,4,False
458,4580.0,0.0,13,M1,R4,True,7043863.120225582,1000000.0,3,False
458,4580.0,0.0,13,R1,S1,True,3658268.217881671,500000.0,2,True
458,4580.0,0.0,13,R1,S2,True,7043863.120225582,500000.0,3,False
458,4580.0,0.0,13,R2,S3,True,7830535.74603555,500000.0,1,False
458,4580.0,0.0,13,R2,S4,True,6768677.67382266,500000.0,4,False
458,4580.0,0.0,13,R3,A1,True,3834247.299218475,500000.0,2,True
458,4580.0,0.0,13,R3,A2,True,7043863.120225582,500000.0,3,False
458,4580.0,0.0,13,R4,A3,True,7830535.74603555,500000.0,1,False
458,4580.0,0.0,13,R4,A4,True,6768677.67382266,500000.0,4,False
459,4590.0,0.0,13,M1,R1,True,7830535.74603555,1000000.0,1,False
459,4590.0,0.0,13,M1,R2,True,3715107.9861947866,1000000.0,2,True
459,4590.0,0.0,13,M1,R3,True,6768677.673822663,1000000.0,4,False
459,4590.0,0.0,13,M1,R4,True,7043863.120225582,1000000.0,3,False
459,4590.0,0.0,13,R1,S1,True,3655473.9087886782,500000.0,2,True
459,4590.0,0.0,13,R1,S2,True,7043863.120225582,500000.0,3,False
459,4590.0,0.0,13,R2,S3,True,7830535.74603555,500000.0,1,False
459,4590.0,0.0,13,R2,S4,True,6768677.67382266,500000.0,4,False
459,4590.0,0.0,13,R3,A1,True,3831777.159493563,500000.0,2,True
459,4590.0,0.0,13,R3,A2,True,7043863.120225582,500000.0,3,False
459,4590.0,0.0,13,R4,A3,True,7830535.74603555,500000.0,1,False
459,4590.0,0.0,13,R4,A4,True,6768677.67382266,500000.0,4,False
460,4600.0,0.0,13,M1,R1,True,7830535.74603555,1000000.0,1,False
460,4600.0,0.0,13,M1,R2,True,3712419.528293713,1000000.0,2,True
460,4600.0,0.0,13,M1,R3,True,6768677.673822663,1000000.0,4,False
460,4600.0,0.0,13,M1,R4,True,7043863.120225582,1000000.0,3,False
460,4600.0,0.0,13,R1,S1,True,3652674.1421769504,500000.0,2,True
460,4600.0,0.0,13,R1,S2,True,7043863.120225582,500000.0,3,False
460,4600.0,0.0,13,R2,S3,True,7830535.74603555,500000.0,1,False
460,4600.0,0.0,13,R2,S4,True,6768677.67382266,500000.0,4,False
460,4600.0,0.0,13,R3,A1,True,3829302.7257239157,500000.0,2,True
460,4600.0,0.0,13,R3,A2,True,7043863.120225582,500000.0,3,False
460,4600.0,0.0,13,R4,A3,True,7830535.74603555,500000.0,1,False
460,4600.0,0.0,13,R4,A4,True,6768677.67382266,500000.0,4,False
461,4610.0,0.0,13,M1,R1,True,7830535.74603555,1000000.0,1,False
461,4610.0,0.0,13,M1,R2,True,3709725.9961842294,1000000.0,2,True
461,4610.0,0.0,13,M1,R3,True,6768677.673822663,1000000.0,4,False
461,4610.0,0.0,13,M1,R4,True,7043863.120225582,1000000.0,3,False
461,4610.0,0.0,13,R1,S1,True,3649868.8972822665,500000.0,2,True
461,4610.0,0.0,13,R1,S2,True,7043863.120225582,500000.0,3,False
461,4610.0,0.0,13,R2,S3,True,7830535.74603555,500000.0,1,False
461,4610.0,0.0,13,R2,S4,True,6768677.67382266,500000.0,4,False
461,4610.0,0.0,13,R3,A1,True,3826823.983400734,500000.0,2,True
461,4610.0,0.0,13,R3,A2,True,7043863.120225582,500000.0,3,False
461,4610.0,0.0,13,R4,A3,True,7830535.74603555,500000.0,1,False
461,4610.0,0.0,13,R4,A4,True,6768677.67382266,500000.0,4,False
462,4620.0,0.0,13,M1,R1,True,7830535.74603555,1000000.0,1,False
462,4620.0,0.0,13,M1,R2,True,3707027.371173593,1000000.0,2,True
462,4620.0,0.0,13,M1,R3,True,6768677.673822663,1000000.0,4,False
462,4620.0,0.0,13,M1,R4,True,7043863.120225582,1000000.0,3,False
462,4620.0,0.0,13,R1,S1,True,3647058.1532224356,500000.0,2,True
462,4620.0,0.0,13,R1,S2,True,7043863.120225582,500000.0,3,False
462,4620.0,0.0,13,R2,S3,True,7830535.74603555,500000.0,1,False
462,4620.0,0.0,13,R2,S4,True,6768677.67382266,500000.0,4,False
462,4620.0,0.0,13,R3,A1,True,3824340.917941703,500000.0,2,True
462,4620.0,0.0,13,R3,A2,True,7043863.120225582,500000.0,3,False
462,4620.0,0.0,13,R4,A3,True,7830535.74603555,500000.0,1,False
462,4620.0,0.0,13,R4,A4,True,6768677.67382266,500000.0,4,False
463,4630.0,0.0,13,M1,R1,True,7830535.74603555,1000000.0,1,False
463,4630.0,0.0,13,M1,R2,True,3704323.634465792,1000000.0,2,True
463,4630.0,0.0,13,M1,R3,True,6768677.673822663,1000000.0,4,False
463,4630.0,0.0,13,M1,R4,True,7043863.120225582,1000000.0,3,False
463,4630.0,0.0,13,R1,S1,True,3644241.8889964,500000.0,2,True
463,4630.0,0.0,13,R1,S2,True,7043863.120225582,500000.0,3,False
463,4630.0,0.0,13,R2,S3,True,7830535.74603555,500000.0,1,False
463,4630.0,0.0,13,R2,S4,True,6768677.67382266,500000.0,4,False
463,4630.0,0.0,13,R3,A1,True,3821853.5146905235,500000.0,2,True
463,4630.0,0.0,13,R3,A2,True,7043863.120225582,500000.0,3,False
463,4630.0,0.0,13,R4,A3,True,7830535.74603555,500000.0,1,False
463,4630.0,0.0,13,R4,A4,True,6768677.67382266,500000.0,4,False
464,4640.0,0.0,13,M1,R1,True,7830535.74603555,1000000.0,1,False
464,4640.0,0.0,13,M1,R2,True,3701614.767160844,1000000.0,2,True
464,4640.0,0.0,13,M1,R3,True,6768677.673822663,1000000.0,4,False
464,4640.0,0.0,13,M1,R4,True,7043863.120225582,1000000.0,3,False
464,4640.0,0.0,13,R1,S1,True,3641420.0834833574,500000.0,2,True
464,4640.0,0.0,13,R1,S2,True,7043863.120225582,500000.0,3,False
464,4640.0,0.0,13,R2,S3,True,7830535.74603555,500000.0,1,False
464,4640.0,0.0,13,R2,S4,True,6768677.67382266,500000.0,4,False
464,4640.0,0.0,13,R3,A1,True,3819361.7589164088,500000.0,2,True
464,4640.0,0.0,13,R3,A2,True,7043863.120225582,500000.0,3,False
464,4640.0,0.0,13,R4,A3,True,7830535.74603555,500000.0,1,False
464,4640.0,0.0,13,R4,A4,True,6768677.67382266,500000.0,4,False
465,4650.0,0.0,13,M1,R1,True,7830535.74603555,1000000.0,1,False
465,4650.0,0.0,13,M1,R2,True,3698900.7502539693,1000000.0,2,True
465,4650.0,0.0,13,M1,R3,True,6768677.673822663,1000000.0,4,False
465,4650.0,0.0,13,M1,R4,True,7043863.120225582,1000000.0,3,False
465,4650.0,0.0,13,R1,S1,True,3638592.715441838,500000.0,2,True
465,4650.0,0.0,13,R1,S2,True,7043863.120225582,500000.0,3,False
465,4650.0,0.0,13,R2,S3,True,7830535.74603555,500000.0,1,False
465,4650.0,0.0,13,R2,S4,True,6768677.67382266,500000.0,4,False
465,4650.0,0.0,13,R3,A1,True,3816865.6358135724,500000.0,2,True
465,4650.0,0.0,13,R3,A2,True,7043863.120225582,500000.0,3,False
465,4650.0,0.0,13,R4,A3,True,7830535.74603555,500000.0,1,False
465,4650.0,0.0,13,R4,A4,True,6768677.67382266,500000.0,4,False
466,4660.0,0.0,13,M1,R1,True,7830535.74603555,1000000.0,1,False
466,4660.0,0.0,13,M1,R2,True,3696181.5646348847,1000000.0,2,True
466,4660.0,0.0,13,M1,R3,True,6768677.673822663,1000000.0,4,False
466,4660.0,0.0,13,M1,R4,True,7043863.120225582,1000000.0,3,False
466,4660.0,0.0,13,R1,S1,True,3635759.7635088153,500000.0,2,True
466,4660.0,0.0,13,R1,S2,True,7043863.120225582,500000.0,3,False
466,4660.0,0.0,13,R2,S3,True,7830535.74603555,500000.0,1,False
466,4660.0,0.0,13,R2,S4,True,6768677.67382266,500000.0,4,False
466,4660.0,0.0,13,R3,A1,True,3814365.130500738,500000.0,2,True
466,4660.0,0.0,13,R3,A2,True,7043863.120225582,500000.0,3,False
466,4660.0,0.0,13,R4,A3,True,7830535.74603555,500000.0,1,False
466,4660.0,0.0,13,R4,A4,True,6768677.67382266,500000.0,4,False
467,4670.0,0.0,13,M1,R1,True,7830535.74603555,1000000.0,1,False
467,4670.0,0.0,13,M1,R2,True,3693457.1910869866,1000000.0,2,True
467,4670.0,0.0,13,M1,R3,True,6768677.673822663,1000000.0,4,False
467,4670.0,0.0,13,M1,R4,True,7043863.120225582,1000000.0,3,False
467,4670.0,0.0,13,R1,S1,True,3632921.206198787,500000.0,2,True
467,4670.0,0.0,13,R1,S2,True,7043863.120225582,500000.0,3,False
467,4670.0,0.0,13,R2,S3,True,7830535.74603555,500000.0,1,False
467,4670.0,0.0,13,R2,S4,True,6768677.67382266,500000.0,4,False
467,4670.0,0.0,13,R3,A1,True,3811860.2280206284,500000.0,2,True
467,4670.0,0.0,13,R3,A2,True,7043863.120225582,500000.0,3,False
467,4670.0,0.0,13,R4,A3,True,7830535.74603555,500000.0,1,False
467,4670.0,0.0,13,R4,A4,True,6768677.67382266,500000.0,4,False
468,4680.0,0.0,13,M1,R1,True,7830535.74603555,1000000.0,1,False
468,4680.0,0.0,13,M1,R2,True,3690727.6102865953,1000000.0,2,True
468,4680.0,0.0,13,M1,R3,True,6768677.673822663,1000000.0,4,False
468,4680.0,0.0,13,M1,R4,True,7043863.120225582,1000000.0,3,False
468,4680.0,0.0,13,R1,S1,True,3630077.021902833,500000.0,2,True
468,4680.0,0.0,13,R1,S2,True,7043863.120225582,500000.0,3,False
468,4680.0,0.0,13,R2,S3,True,7830535.74603555,500000.0,1,False
468,4680.0,0.0,13,R2,S4,True,6768677.67382266,500000.0,4,False
468,4680.0,0.0,13,R3,A1,True,3809350.913339442,500000.0,2,True
468,4680.0,0.0,13,R3,A2,True,7043863.120225582,500000.0,3,False
468,4680.0,0.0,13,R4,A3,True,7830535.74603555,500000.0,1,False
468,4680.0,0.0,13,R4,A4,True,6768677.67382266,500000.0,4,False
469,4690.0,0.0,13,M1,R1,True,7830535.74603555,1000000.0,1,False
469,4690.0,0.0,13,M1,R2,True,3687992.802802134,1000000.0,2,True
469,4690.0,0.0,13,M1,R3,True,6768677.673822663,1000000.0,4,False
469,4690.0,0.0,13,M1,R4,True,7043863.120225582,1000000.0,3,False
469,4690.0,0.0,13,R1,S1,True,3627227.1888877,500000.0,2,True
469,4690.0,0.0,13,R1,S2,True,7043863.120225582,500000.0,3,False
469,4690.0,0.0,13,R2,S3,True,7830535.74603555,500000.0,1,False
469,4690.0,0.0,13,R2,S4,True,6768677.67382266,500000.0,4,False
469,4690.0,0.0,13,R3,A1,True,3806837.171346349,500000.0,2,True
469,4690.0,0.0,13,R3,A2,True,7043863.120225582,500000.0,3,False
469,4690.0,0.0,13,R4,A3,True,7830535.74603555,500000.0,1,False
469,4690.0,0.0,13,R4,A4,True,6768677.67382266,500000.0,4,False
470,4700.0,0.0,13,M1,R1,True,7830535.74603555,1000000.0,1,False
470,4700.0,0.0,13,M1,R2,True,3685252.74909336,1000000.0,2,True
470,4700.0,0.0,13,M1,R3,True,6768677.673822663,1000000.0,4,False
470,4700.0,0.0,13,M1,R4,True,7043863.120225582,1000000.0,3,False
470,4700.0,0.0,13,R1,S1,True,3624371.6852948465,500000.0,2,True
470,4700.0,0.0,13,R1,S2,True,7043863.120225582,500000.0,3,False
470,4700.0,0.0,13,R2,S3,True,7830535.74603555,500000.0,1,False
470,4700.0,0.0,13,R2,S4,True,6768677.67382266,500000.0,4,False
470,4700.0,0.0,13,R3,A1,True,3804318.986852963,500000.0,2,True
470,4700.0,0.0,13,R3,A2,True,7043863.120225582,500000.0,3,False
470,4700.0,0.0,13,R4,A3,True,7830535.74603555,500000.0,1,False
470,4700.0,0.0,13,R4,A4,True,6768677.67382266,500000.0,4,False
471,4710.0,0.0,13,M1,R1,True,7830535.74603555,1000000.0,1,False
471,4710.0,0.0,13,M1,R2,True,3682507.4295105417,1000000.0,2,True
471,4710.0,0.0,13,M1,R3,True,6768677.673822663,1000000.0,4,False
471,4710.0,0.0,13,M1,R4,True,7043863.120225582,1000000.0,3,False
471,4710.0,0.0,13,R1,S1,True,3621510.4891395033,500000.0,2,True
471,4710.0,0.0,13,R1,S2,True,7043863.120225582,500000.0,3,False
471,4710.0,0.0,13,R2,S3,True,7830535.74603555,500000.0,1,False
471,4710.0,0.0,13,R2,S4,True,6768677.67382266,500000.0,4,False
471,4710.0,0.0,13,R3,A1,True,3801796.344592798,500000.0,2,True
471,4710.0,0.0,13,R3,A2,True,7043863.120225582,500000.0,3,False
471,4710.0,0.0,13,R4,A3,True,7830535.74603555,500000.0,1,False
471,4710.0,0.0,13,R4,A4,True,6768677.67382266,500000.0,4,False
472,4720.0,0.0,13,M1,R1,True,7830535.74603555,1000000.0,1,False
472,4720.0,0.0,13,M1,R2,True,3679756.824293658,1000000.0,2,True
472,4720.0,0.0,13,M1,R3,True,6768677.673822663,1000000.0,4,False
472,4720.0,0.0,13,M1,R4,True,7043863.120225582,1000000.0,3,False
472,4720.0,0.0,13,R1,S1,True,3618643.578309686,500000.0,2,True
472,4720.0,0.0,13,R1,S2,True,7043863.120225582,500000.0,3,False
472,4720.0,0.0,13,R2,S3,True,7830535.74603555,500000.0,1,False
472,4720.0,0.0,13,R2,S4,True,6768677.67382266,500000.0,4,False
472,4720.0,0.0,13,R3,A1,True,3799269.229220763,500000.0,2,True
472,4720.0,0.0,13,R3,A2,True,7043863.120225582,500000.0,3,False
472,4720.0,0.0,13,R4,A3,True,7830535.74603555,500000.0,1,False
472,4720.0,0.0,13,R4,A4,True,6768677.67382266,500000.0,4,False
473,4730.0,0.0,13,M1,R1,True,7830535.74603555,1000000.0,1,False
473,4730.0,0.0,13,M1,R2,True,3677000.9135715696,1000000.0,2,True
473,4730.0,0.0,13,M1,R3,True,6768677.673822663,1000000.0,4,False
473,4730.0,0.0,13,M1,R4,True,7043863.120225582,1000000.0,3,False
473,4730.0,0.0,13,R1,S1,True,3615770.930565256,500000.0,2,True
473,4730.0,0.0,13,R1,S2,True,7043863.120225582,500000.0,3,False
473,4730.0,0.0,13,R2,S3,True,7830535.74603555,500000.0,1,False
473,4730.0,0.0,13,R2,S4,True,6768677.67382266,500000.0,4,False
473,4730.0,0.0,13,R3,A1,True,3796737.625312627,500000.0,2,True
473,4730.0,0.0,13,R3,A2,True,7043863.120225582,500000.0,3,False
473,4730.0,0.0,13,R4,A3,True,7830535.74603555,500000.0,1,False
473,4730.0,0.0,13,R4,A4,True,6768677.67382266,500000.0,4,False
474,4740.0,0.0,13,M1,R1,True,7830535.74603555,1000000.0,1,False
474,4740.0,0.0,13,M1,R2,True,3674239.677361192,1000000.0,2,True
474,4740.0,0.0,13,M1,R3,True,6768677.673822663,1000000.0,4,False
474,4740.0,0.0,13,M1,R4,True,7043863.120225582,1000000.0,3,False
474,4740.0,0.0,13,R1,S1,True,3612892.523536924,500000.0,2,True
474,4740.0,0.0,13,R1,S2,True,7043863.120225582,500000.0,3,False
474,4740.0,0.0,13,R2,S3,True,7830535.74603555,500000.0,1,False
474,4740.0,0.0,13,R2,S4,True,6768677.67382266,500000.0,4,False
474,4740.0,0.0,13,R3,A1,True,3794201.5173644484,500000.0,2,True
474,4740.0,0.0,13,R3,A2,True,7043863.120225582,500000.0,3,False
474,4740.0,0.0,13,R4,A3,True,7830535.74603555,500000.0,1,False
474,4740.0,0.0,13,R4,A4,True,6768677.67382266,500000.0,4,False
475,4750.0,0.0,13,M1,R1,True,7830535.74603555,1000000.0,1,False
475,4750.0,0.0,13,M1,R2,True,3671473.0955666793,1000000.0,2,True
475,4750.0,0.0,13,M1,R3,True,6768677.673822663,1000000.0,4,False
475,4750.0,0.0,13,M1,R4,True,7043863.120225582,1000000.0,3,False
475,4750.0,0.0,13,R1,S1,True,3610008.334725263,500000.0,2,True
475,4750.0,0.0,13,R1,S2,True,7043863.120225582,500000.0,3,False
475,4750.0,0.0,13,R2,S3,True,7830535.74603555,500000.0,1,False
475,4750.0,0.0,13,R2,S4,True,6768677.67382266,500000.0,4,False
475,4750.0,0.0,13,R3,A1,True,3791660.889792061,500000.0,2,True
475,4750.0,0.0,13,R3,A2,True,7043863.120225582,500000.0,3,False
475,4750.0,0.0,13,R4,A3,True,7830535.74603555,500000.0,1,False
475,4750.0,0.0,13,R4,A4,True,6768677.67382266,500000.0,4,False
476,4760.0,0.0,13,M1,R1,True,7830535.74603555,1000000.0,1,False
476,4760.0,0.0,13,M1,R2,True,3668701.147978542,1000000.0,2,True
476,4760.0,0.0,13,M1,R3,True,6768677.673822663,1000000.0,4,False
476,4760.0,0.0,13,M1,R4,True,7043863.120225582,1000000.0,3,False
476,4760.0,0.0,13,R1,S1,True,3607118.341499713,500000.0,2,True
476,4760.0,0.0,13,R1,S2,True,7043863.120225582,500000.0,3,False
476,4760.0,0.0,13,R2,S3,True,7830535.74603555,500000.0,1,False
476,4760.0,0.0,13,R2,S4,True,6768677.67382266,500000.0,4,False
476,4760.0,0.0,13,R3,A1,True,3789115.726930514,500000.0,2,True
476,4760.0,0.0,13,R3,A2,True,7043863.120225582,500000.0,3,False
476,4760.0,0.0,13,R4,A3,True,7830535.74603555,500000.0,1,False
476,4760.0,0.0,13,R4,A4,True,6768677.67382266,500000.0,4,False
477,4770.0,0.0,13,M1,R1,True,7830535.74603555,1000000.0,1,False
477,4770.0,0.0,13,M1,R2,True,3665923.8142728503,1000000.0,2,True
477,4770.0,0.0,13,M1,R3,True,6768677.673822663,1000000.0,4,False
477,4770.0,0.0,13,M1,R4,True,7043863.120225582,1000000.0,3,False
477,4770.0,0.0,13,R1,S1,True,3604222.5210975786,500000.0,2,True
477,4770.0,0.0,13,R1,S2,True,7043863.120225582,500000.0,3,False
477,4770.0,0.0,13,R2,S3,True,7830535.74603555,500000.0,1,False
477,4770.0,0.0,13,R2,S4,True,6768677.67382266,500000.0,4,False
477,4770.0,0.0,13,R3,A1,True,3786566.0130335153,500000.0,2,True
477,4770.0,0.0,13,R3,A2,True,7043863.120225582,500000.0,3,False
477,4770.0,0.0,13,R4,A3,True,7830535.74603555,500000.0,1,False
477,4770.0,0.0,13,R4,A4,True,6768677.67382266,500000.0,4,False
478,4780.0,0.0,13,M1,R1,True,7830535.74603555,1000000.0,1,False
478,4780.0,0.0,13,M1,R2,True,3663141.074010316,1000000.0,2,True
478,4780.0,0.0,13,M1,R3,True,6768677.673822663,1000000.0,4,False
478,4780.0,0.0,13,M1,R4,True,7043863.120225582,1000000.0,3,False
478,4780.0,0.0,13,R1,S1,True,3601320.8506229892,500000.0,2,True
478,4780.0,0.0,13,R1,S2,True,7043863.120225582,500000.0,3,False
478,4780.0,0.0,13,R2,S3,True,7830535.74603555,500000.0,1,False
478,4780.0,0.0,13,R2,S4,True,6768677.67382266,500000.0,4,False
478,4780.0,0.0,13,R3,A1,True,3784011.73227288,500000.0,2,True
478,4780.0,0.0,13,R3,A2,True,7043863.120225582,500000.0,3,False
478,4780.0,0.0,13,R4,A3,True,7830535.74603555,500000.0,1,False
478,4780.0,0.0,13,R4,A4,True,6768677.67382266,500000.0,4,False
479,4790.0,0.0,13,M1,R1,True,7830535.74603555,1000000.0,1,False
479,4790.0,0.0,13,M1,R2,True,3660352.906635485,1000000.0,2,True
479,4790.0,0.0,13,M1,R3,True,6768677.673822663,1000000.0,4,False
479,4790.0,0.0,13,M1,R4,True,7043863.120225582,1000000.0,3,False
479,4790.0,0.0,13,R1,S1,True,3598413.3070459184,500000.0,2,True
479,4790.0,0.0,13,R1,S2,True,7043863.120225582,500000.0,3,False
479,4790.0,0.0,13,R2,S3,True,7830535.74603555,500000.0,1,False
479,4790.0,0.0,13,R2,S4,True,6768677.67382266,500000.0,4,False
479,4790.0,0.0,13,R3,A1,True,3781452.8687379635,500000.0,2,True
479,4790.0,0.0,13,R3,A2,True,7043863.120225582,500000.0,3,False
479,4790.0,0.0,13,R4,A3,True,7830535.74603555,500000.0,1,False
479,4790.0,0.0,13,R4,A4,True,6768677.67382266,500000.0,4,False
480,4800.0,0.0,13,M1,R1,True,7830535.74603555,1000000.0,1,False
480,4800.0,0.0,13,M1,R2,True,3657559.2914758157,1000000.0,2,True
480,4800.0,0.0,13,M1,R3,True,6768677.673822663,1000000.0,4,False
480,4800.0,0.0,13,M1,R4,True,7043863.120225582,1000000.0,3,False
480,4800.0,0.0,13,R1,S1,True,3595499.867201103,500000.0,2,True
480,4800.0,0.0,13,R1,S2,True,7043863.120225582,500000.0,3,False
480,4800.0,0.0,13,R2,S3,True,7830535.74603555,500000.0,1,False
480,4800.0,0.0,13,R2,S4,True,6768677.67382266,500000.0,4,False
480,4800.0,0.0,13,R3,A1,True,3778889.4064350845,500000.0,2,True
480,4800.0,0.0,13,R3,A2,True,7043863.120225582,500000.0,3,False
480,4800.0,0.0,13,R4,A3,True,7830535.74603555,500000.0,1,False
480,4800.0,0.0,13,R4,A4,True,6768677.67382266,500000.0,4,False
481,4810.0,0.0,13,M1,R1,True,7830535.74603555,1000000.0,1,False
481,4810.0,0.0,13,M1,R2,True,3654760.2077408177,1000000.0,2,True
481,4810.0,0.0,13,M1,R3,True,6768677.673822663,1000000.0,4,False
481,4810.0,0.0,13,M1,R4,True,7043863.120225582,1000000.0,3,False
481,4810.0,0.0,13,R1,S1,True,3592580.5077870027,500000.0,2,True
481,4810.0,0.0,13,R1,S2,True,7043863.120225582,500000.0,3,False
481,4810.0,0.0,13,R2,S3,True,7830535.74603555,500000.0,1,False
481,4810.0,0.0,13,R2,S4,True,6768677.67382266,500000.0,4,False
481,4810.0,0.0,13,R3,A1,True,3776321.329286976,500000.0,2,True
481,4810.0,0.0,13,R3,A2,True,7043863.120225582,500000.0,3,False
481,4810.0,0.0,13,R4,A3,True,7830535.74603555,500000.0,1,False
481,4810.0,0.0,13,R4,A4,True,6768677.67382266,500000.0,4,False
482,4820.0,0.0,13,M1,R1,True,7830535.74603555,1000000.0,1,False
482,4820.0,0.0,13,M1,R2,True,3651955.634521168,1000000.0,2,True
482,4820.0,0.0,13,M1,R3,True,6768677.673822663,1000000.0,4,False
482,4820.0,0.0,13,M1,R4,True,7043863.120225582,1000000.0,3,False
482,4820.0,0.0,13,R1,S1,True,3589655.2053647833,500000.0,2,True
482,4820.0,0.0,13,R1,S2,True,7043863.120225582,500000.0,3,False
482,4820.0,0.0,13,R2,S3,True,7830535.74603555,500000.0,1,False
482,4820.0,0.0,13,R2,S4,True,6768677.67382266,500000.0,4,False
482,4820.0,0.0,13,R3,A1,True,3773748.621132178,500000.0,2,True
482,4820.0,0.0,13,R3,A2,True,7043863.120225582,500000.0,3,False
482,4820.0,0.0,13,R4,A3,True,7830535.74603555,500000.0,1,False
482,4820.0,0.0,13,R4,A4,True,6768677.67382266,500000.0,4,False
483,4830.0,0.0,13,M1,R1,True,7830535.74603555,1000000.0,1,False
483,4830.0,0.0,13,M1,R2,True,3649145.5507878,1000000.0,2,True
483,4830.0,0.0,13,M1,R3,True,6768677.673822663,1000000.0,4,False
483,4830.0,0.0,13,M1,R4,True,7043863.120225582,1000000.0,3,False
483,4830.0,0.0,13,R1,S1,True,3586723.9363571918,500000.0,2,True
483,4830.0,0.0,13,R1,S2,True,7043863.120225582,500000.0,3,False
483,4830.0,0.0,13,R2,S3,True,7830535.74603555,500000.0,1,False
483,4830.0,0.0,13,R2,S4,True,6768677.67382266,500000.0,4,False
483,4830.0,0.0,13,R3,A1,True,3771171.2657244797,500000.0,2,True
483,4830.0,0.0,13,R3,A2,True,7043863.120225582,500000.0,3,False
483,4830.0,0.0,13,R4,A3,True,7830535.74603555,500000.0,1,False
483,4830.0,0.0,13,R4,A4,True,6768677.67382266,500000.0,4,False
484,4840.0,0.0,13,M1,R1,True,7830535.74603555,1000000.0,1,False
484,4840.0,0.0,13,M1,R2,True,3646329.9353909884,1000000.0,2,True
484,4840.0,0.0,13,M1,R3,True,6768677.673822663,1000000.0,4,False
484,4840.0,0.0,13,M1,R4,True,7043863.120225582,1000000.0,3,False
484,4840.0,0.0,13,R1,S1,True,3583786.677047538,500000.0,2,True
484,4840.0,0.0,13,R1,S2,True,7043863.120225582,500000.0,3,False
484,4840.0,0.0,13,R2,S3,True,7830535.74603555,500000.0,1,False
484,4840.0,0.0,13,R2,S4,True,6768677.67382266,500000.0,4,False
484,4840.0,0.0,13,R3,A1,True,3768589.246732318,500000.0,2,True
484,4840.0,0.0,13,R3,A2,True,7043863.120225582,500000.0,3,False
484,4840.0,0.0,13,R4,A3,True,7830535.74603555,500000.0,1,False
484,4840.0,0.0,13,R4,A4,True,6768677.67382266,500000.0,4,False
485,4850.0,0.0,13,M1,R1,True,7830535.74603555,1000000.0,1,False
485,4850.0,0.0,13,M1,R2,True,3643508.7670594617,1000000.0,2,True
485,4850.0,0.0,13,M1,R3,True,6768677.673822663,1000000.0,4,False
485,4850.0,0.0,13,M1,R4,True,7043863.120225582,1000000.0,3,False
485,4850.0,0.0,13,R1,S1,True,3580843.4035785627,500000.0,2,True
485,4850.0,0.0,13,R1,S2,True,7043863.120225582,500000.0,3,False
485,4850.0,0.0,13,R2,S3,True,7830535.74603555,500000.0,1,False
485,4850.0,0.0,13,R2,S4,True,6768677.67382266,500000.0,4,False
485,4850.0,0.0,13,R3,A1,True,3766002.547738182,500000.0,2,True
485,4850.0,0.0,13,R3,A2,True,7043863.120225582,500000.0,3,False
485,4850.0,0.0,13,R4,A3,True,7830535.74603555,500000.0,1,False
485,4850.0,0.0,13,R4,A4,True,6768677.67382266,500000.0,4,False
486,4860.0,0.0,13,M1,R1,True,7830535.74603555,1000000.0,1,False
486,4860.0,0.0,13,M1,R2,True,3640682.0243994356,1000000.0,2,True
486,4860.0,0.0,13,M1,R3,True,6768677.673822663,1000000.0,4,False
486,4860.0,0.0,13,M1,R4,True,7043863.120225582,1000000.0,3,False
486,4860.0,0.0,13,R1,S1,True,3577894.0919513716,500000.0,2,True
486,4860.0,0.0,13,R1,S2,True,7043863.120225582,500000.0,3,False
486,4860.0,0.0,13,R2,S3,True,7830535.74603555,500000.0,1,False
486,4860.0,0.0,13,R2,S4,True,6768677.67382266,500000.0,4,False
486,4860.0,0.0,13,R3,A1,True,3763411.152238034,500000.0,2,True
486,4860.0,0.0,13,R3,A2,True,7043863.120225582,500000.0,3,False
486,4860.0,0.0,13,R4,A3,True,7830535.74603555,500000.0,1,False
486,4860.0,0.0,13,R4,A4,True,6768677.67382266,500000.0,4,False
487,4870.0,0.0,13,M1,R1,True,7830535.74603555,1000000.0,1,False
487,4870.0,0.0,13,M1,R2,True,3637849.6858937223,1000000.0,2,True
487,4870.0,0.0,13,M1,R3,True,6768677.673822663,1000000.0,4,False
487,4870.0,0.0,13,M1,R4,True,7043863.120225582,1000000.0,3,False
487,4870.0,0.0,13,R1,S1,True,3574938.7180242934,500000.0,2,True
487,4870.0,0.0,13,R1,S2,True,7043863.120225582,500000.0,3,False
487,4870.0,0.0,13,R2,S3,True,7830535.74603555,500000.0,1,False
487,4870.0,0.0,13,R2,S4,True,6768677.67382266,500000.0,4,False
487,4870.0,0.0,13,R3,A1,True,3760815.043640681,500000.0,2,True
487,4870.0,0.0,13,R3,A2,True,7043863.120225582,500000.0,3,False
487,4870.0,0.0,13,R4,A3,True,7830535.74603555,500000.0,1,False
487,4870.0,0.0,13,R4,A4,True,6768677.67382266,500000.0,4,False
488,4880.0,0.0,13,M1,R1,True,7830535.74603555,1000000.0,1,False
488,4880.0,0.0,13,M1,R2,True,3635011.729900768,1000000.0,2,True
488,4880.0,0.0,13,M1,R3,True,6768677.673822663,1000000.0,4,False
488,4880.0,0.0,13,M1,R4,True,7043863.120225582,1000000.0,3,False
488,4880.0,0.0,13,R1,S1,True,3571977.2575118067,500000.0,2,True
488,4880.0,0.0,13,R1,S2,True,7043863.120225582,500000.0,3,False
488,4880.0,0.0,13,R2,S3,True,7830535.74603555,500000.0,1,False
488,4880.0,0.0,13,R2,S4,True,6768677.67382266,500000.0,4,False
488,4880.0,0.0,13,R3,A1,True,3758214.205267195,500000.0,2,True
488,4880.0,0.0,13,R3,A2,True,7043863.120225582,500000.0,3,False
488,4880.0,0.0,13,R4,A3,True,7830535.74603555,500000.0,1,False
488,4880.0,0.0,13,R4,A4,True,6768677.67382266,500000.0,4,False
489,4890.0,0.0,13,M1,R1,True,7830535.74603555,1000000.0,1,False
489,4890.0,0.0,13,M1,R2,True,3632168.134653694,1000000.0,2,True
489,4890.0,0.0,13,M1,R3,True,6768677.673822663,1000000.0,4,False
489,4890.0,0.0,13,M1,R4,True,7043863.120225582,1000000.0,3,False
489,4890.0,0.0,13,R1,S1,True,3569009.6859833756,500000.0,2,True
489,4890.0,0.0,13,R1,S2,True,7043863.120225582,500000.0,3,False
489,4890.0,0.0,13,R2,S3,True,7830535.74603555,500000.0,1,False
489,4890.0,0.0,13,R2,S4,True,6768677.67382266,500000.0,4,False
489,4890.0,0.0,13,R3,A1,True,3755608.6203502645,500000.0,2,True
489,4890.0,0.0,13,R3,A2,True,7043863.120225582,500000.0,3,False
489,4890.0,0.0,13,R4,A3,True,7830535.74603555,500000.0,1,False
489,4890.0,0.0,13,R4,A4,True,6768677.67382266,500000.0,4,False
490,4900.0,0.0,13,M1,R1,True,7830535.74603555,1000000.0,1,False
490,4900.0,0.0,13,M1,R2,True,3629318.8782593478,1000000.0,2,True
490,4900.0,0.0,13,M1,R3,True,6768677.673822663,1000000.0,4,False
490,4900.0,0.0,13,M1,R4,True,7043863.120225582,1000000.0,3,False
490,4900.0,0.0,13,R1,S1,True,3566035.9788623196,500000.0,2,True
490,4900.0,0.0,13,R1,S2,True,7043863.120225582,500000.0,3,False
490,4900.0,0.0,13,R2,S3,True,7830535.74603555,500000.0,1,False
490,4900.0,0.0,13,R2,S4,True,6768677.67382266,500000.0,4,False
490,4900.0,0.0,13,R3,A1,True,3752998.2720336076,500000.0,2,True
490,4900.0,0.0,13,R3,A2,True,7043863.120225582,500000.0,3,False
490,4900.0,0.0,13,R4,A3,True,7830535.74603555,500000.0,1,False
490,4900.0,0.0,13,R4,A4,True,6768677.67382266,500000.0,4,False
491,4910.0,0.0,13,M1,R1,True,7830535.74603555,1000000.0,1,False
491,4910.0,0.0,13,M1,R2,True,3626463.9386973474,1000000.0,2,True
491,4910.0,0.0,13,M1,R3,True,6768677.673822663,1000000.0,4,False
491,4910.0,0.0,13,M1,R4,True,7043863.120225582,1000000.0,3,False
491,4910.0,0.0,13,R1,S1,True,3563056.1114246626,500000.0,2,True
491,4910.0,0.0,13,R1,S2,True,7043863.120225582,500000.0,3,False
491,4910.0,0.0,13,R2,S3,True,7830535.74603555,500000.0,1,False
491,4910.0,0.0,13,R2,S4,True,6768677.67382266,500000.0,4,False
491,4910.0,0.0,13,R3,A1,True,3750383.1433713427,500000.0,2,True
491,4910.0,0.0,13,R3,A2,True,7043863.120225582,500000.0,3,False
491,4910.0,0.0,13,R4,A3,True,7830535.74603555,500000.0,1,False
491,4910.0,0.0,13,R4,A4,True,6768677.67382266,500000.0,4,False
492,4920.0,0.0,13,M1,R1,True,7830535.74603555,1000000.0,1,False
492,4920.0,0.0,13,M1,R2,True,3623603.2938190647,1000000.0,2,True
492,4920.0,0.0,13,M1,R3,True,6768677.673822663,1000000.0,4,False
492,4920.0,0.0,13,M1,R4,True,7043863.120225582,1000000.0,3,False
492,4920.0,0.0,13,R1,S1,True,3560070.058797984,500000.0,2,True
492,4920.0,0.0,13,R1,S2,True,7043863.120225582,500000.0,3,False
492,4920.0,0.0,13,R2,S3,True,7830535.74603555,500000.0,1,False
492,4920.0,0.0,13,R2,S4,True,6768677.67382266,500000.0,4,False
492,4920.0,0.0,13,R3,A1,True,3747763.2173273275,500000.0,2,True
492,4920.0,0.0,13,R3,A2,True,7043863.120225582,500000.0,3,False
492,4920.0,0.0,13,R4,A3,True,7830535.74603555,500000.0,1,False
492,4920.0,0.0,13,R4,A4,True,6768677.67382266,500000.0,4,False
493,4930.0,0.0,13,M1,R1,True,7830535.74603555,1000000.0,1,False
493,4930.0,0.0,13,M1,R2,True,3620736.9213466635,1000000.0,2,True
493,4930.0,0.0,13,M1,R3,True,6768677.673822663,1000000.0,4,False
493,4930.0,0.0,13,M1,R4,True,7043863.120225582,1000000.0,3,False
493,4930.0,0.0,13,R1,S1,True,3557077.795960223,500000.0,2,True
493,4930.0,0.0,13,R1,S2,True,7043863.120225582,500000.0,3,False
493,4930.0,0.0,13,R2,S3,True,7830535.74603555,500000.0,1,False
493,4930.0,0.0,13,R2,S4,True,6768677.67382266,500000.0,4,False
493,4930.0,0.0,13,R3,A1,True,3745138.4767745705,500000.0,2,True
493,4930.0,0.0,13,R3,A2,True,7043863.120225582,500000.0,3,False
493,4930.0,0.0,13,R4,A3,True,7830535.74603555,500000.0,1,False
493,4930.0,0.0,13,R4,A4,True,6768677.67382266,500000.0,4,False
494,4940.0,0.0,13,M1,R1,True,7830535.74603555,1000000.0,1,False
494,4940.0,0.0,13,M1,R2,True,3617864.7988721235,1000000.0,2,True
494,4940.0,0.0,13,M1,R3,True,6768677.673822663,1000000.0,4,False
494,4940.0,0.0,13,M1,R4,True,7043863.120225582,1000000.0,3,False
494,4940.0,0.0,13,R1,S1,True,3554079.2977385083,500000.0,2,True
494,4940.0,0.0,13,R1,S2,True,7043863.120225582,500000.0,3,False
494,4940.0,0.0,13,R2,S3,True,7830535.74603555,500000.0,1,False
494,4940.0,0.0,13,R2,S4,True,6768677.67382266,500000.0,4,False
494,4940.0,0.0,13,R3,A1,True,3742508.904494569,500000.0,2,True
494,4940.0,0.0,13,R3,A2,True,7043863.120225582,500000.0,3,False
494,4940.0,0.0,13,R4,A3,True,7830535.74603555,500000.0,1,False
494,4940.0,0.0,13,R4,A4,True,6768677.67382266,500000.0,4,False
495,4950.0,0.0,13,M1,R1,True,7830535.74603555,1000000.0,1,False
495,4950.0,0.0,13,M1,R2,True,3614986.903856167,1000000.0,2,True
495,4950.0,0.0,13,M1,R3,True,6768677.673822663,1000000.0,4,False
495,4950.0,0.0,13,M1,R4,True,7043863.120225582,1000000.0,3,False
495,4950.0,0.0,13,R1,S1,True,3551074.5388079453,500000.0,2,True
495,4950.0,0.0,13,R1,S2,True,7043863.120225582,500000.0,3,False
495,4950.0,0.0,13,R2,S3,True,7830535.74603555,500000.0,1,False
495,4950.0,0.0,13,R2,S4,True,6768677.67382266,500000.0,4,False
495,4950.0,0.0,13,R3,A1,True,3739874.483176642,500000.0,2,True
495,4950.0,0.0,13,R3,A2,True,7043863.120225582,500000.0,3,False
495,4950.0,0.0,13,R4,A3,True,7830535.74603555,500000.0,1,False
495,4950.0,0.0,13,R4,A4,True,6768677.67382266,500000.0,4,False
496,4960.0,0.0,13,M1,R1,True,7830535.74603555,1000000.0,1,False
496,4960.0,0.0,13,M1,R2,True,3612103.2136273347,1000000.0,2,True
496,4960.0,0.0,13,M1,R3,True,6768677.673822663,1000000.0,4,False
496,4960.0,0.0,13,M1,R4,True,7043863.120225582,1000000.0,3,False
496,4960.0,0.0,13,R1,S1,True,3548063.493690443,500000.0,2,True
496,4960.0,0.0,13,R1,S2,True,7043863.120225582,500000.0,3,False
496,4960.0,0.0,13,R2,S3,True,7830535.74603555,500000.0,1,False
496,4960.0,0.0,13,R2,S4,True,6768677.67382266,500000.0,4,False
496,4960.0,0.0,13,R3,A1,True,3737235.195417322,500000.0,2,True
496,4960.0,0.0,13,R3,A2,True,7043863.120225582,500000.0,3,False
496,4960.0,0.0,13,R4,A3,True,7830535.74603555,500000.0,1,False
496,4960.0,0.0,13,R4,A4,True,6768677.67382266,500000.0,4,False
497,4970.0,0.0,13,M1,R1,True,7830535.74603555,1000000.0,1,False
497,4970.0,0.0,13,M1,R2,True,3609213.7053808686,1000000.0,2,True
497,4970.0,0.0,13,M1,R3,True,6768677.673822663,1000000.0,4,False
497,4970.0,0.0,13,M1,R4,True,7043863.120225582,1000000.0,3,False
497,4970.0,0.0,13,R1,S1,True,3545046.1367534585,500000.0,2,True
497,4970.0,0.0,13,R1,S2,True,7043863.120225582,500000.0,3,False
497,4970.0,0.0,13,R2,S3,True,7830535.74603555,500000.0,1,False
497,4970.0,0.0,13,R2,S4,True,6768677.67382266,500000.0,4,False
497,4970.0,0.0,13,R3,A1,True,3734591.0237196567,500000.0,2,True
497,4970.0,0.0,13,R3,A2,True,7043863.120225582,500000.0,3,False
497,4970.0,0.0,13,R4,A3,True,7830535.74603555,500000.0,1,False
497,4970.0,0.0,13,R4,A4,True,6768677.67382266,500000.0,4,False
498,4980.0,0.0,13,M1,R1,True,7830535.74603555,1000000.0,1,False
498,4980.0,0.0,13,M1,R2,True,3606318.3561777347,1000000.0,2,True
498,4980.0,0.0,13,M1,R3,True,6768677.673822663,1000000.0,4,False
498,4980.0,0.0,13,M1,R4,True,7043863.120225582,1000000.0,3,False
498,4980.0,0.0,13,R1,S1,True,3542022.442208767,500000.0,2,True
498,4980.0,0.0,13,R1,S2,True,7043863.120225582,500000.0,3,False
498,4980.0,0.0,13,R2,S3,True,7830535.74603555,500000.0,1,False
498,4980.0,0.0,13,R2,S4,True,6768677.67382266,500000.0,4,False
498,4980.0,0.0,13,R3,A1,True,3731941.950492578,500000.0,2,True
498,4980.0,0.0,13,R3,A2,True,7043863.120225582,500000.0,3,False
498,4980.0,0.0,13,R4,A3,True,7830535.74603555,500000.0,1,False
498,4980.0,0.0,13,R4,A4,True,6768677.67382266,500000.0,4,False
499,4990.0,0.0,13,M1,R1,True,7830535.74603555,1000000.0,1,False
499,4990.0,0.0,13,M1,R2,True,3603417.142943554,1000000.0,2,True
499,4990.0,0.0,13,M1,R3,True,6768677.673822663,1000000.0,4,False
499,4990.0,0.0,13,M1,R4,True,7043863.120225582,1000000.0,3,False
499,4990.0,0.0,13,R1,S1,True,3538992.384111252,500000.0,2,True
499,4990.0,0.0,13,R1,S2,True,7043863.120225582,500000.0,3,False
499,4990.0,0.0,13,R2,S3,True,7830535.74603555,500000.0,1,False
499,4990.0,0.0,13,R2,S4,True,6768677.67382266,500000.0,4,False
499,4990.0,0.0,13,R3,A1,True,3729287.9580502035,500000.0,2,True
499,4990.0,0.0,13,R3,A2,True,7043863.120225582,500000.0,3,False
499,4990.0,0.0,13,R4,A3,True,7830535.74603555,500000.0,1,False
499,4990.0,0.0,13,R4,A4,True,6768677.67382266,500000.0,4,False
500,5000.0,0.0,13,M1,R1,True,7830535.74603555,1000000.0,1,False
500,5000.0,0.0,13,M1,R2,True,3600510.042467555,1000000.0,2,True
500,5000.0,0.0,13,M1,R3,True,6768677.673822663,1000000.0,4,False
500,5000.0,0.0,13,M1,R4,True,7043863.120225582,1000000.0,3,False
500,5000.0,0.0,13,R1,S1,True,3535955.9363576057,500000.0,2,True
500,5000.0,0.0,13,R1,S2,True,7043863.120225582,500000.0,3,False
500,5000.0,0.0,13,R2,S3,True,7830535.74603555,500000.0,1,False
500,5000.0,0.0,13,R2,S4,True,6768677.67382266,500000.0,4,False
500,5000.0,0.0,13,R3,A1,True,3726629.028611189,500000.0,2,True
500,5000.0,0.0,13,R3,A2,True,7043863.120225582,500000.0,3,False
500,5000.0,0.0,13,R4,A3,True,7830535.74603555,500000.0,1,False
500,5000.0,0.0,13,R4,A4,True,6768677.67382266,500000.0,4,False
501,5010.0,0.0,13,M1,R1,True,7830535.74603555,1000000.0,1,False
501,5010.0,0.0,13,M1,R2,True,3597597.0314015094,1000000.0,2,True
501,5010.0,0.0,13,M1,R3,True,6768677.673822663,1000000.0,4,False
501,5010.0,0.0,13,M1,R4,True,7043863.120225582,1000000.0,3,False
501,5010.0,0.0,13,R1,S1,True,3532913.0726850806,500000.0,2,True
501,5010.0,0.0,13,R1,S2,True,7043863.120225582,500000.0,3,False
501,5010.0,0.0,13,R2,S3,True,7830535.74603555,500000.0,1,False
501,5010.0,0.0,13,R2,S4,True,6768677.67382266,500000.0,4,False
501,5010.0,0.0,13,R3,A1,True,3723965.1442980287,500000.0,2,True
501,5010.0,0.0,13,R3,A2,True,7043863.120225582,500000.0,3,False
501,5010.0,0.0,13,R4,A3,True,7830535.74603555,500000.0,1,False
501,5010.0,0.0,13,R4,A4,True,6768677.67382266,500000.0,4,False
502,5020.0,0.0,13,M1,R1,True,7830535.74603555,1000000.0,1,False
502,5020.0,0.0,13,M1,R2,True,3594678.0862586377,1000000.0,2,True
502,5020.0,0.0,13,M1,R3,True,6768677.673822663,1000000.0,4,False
502,5020.0,0.0,13,M1,R4,True,7043863.120225582,1000000.0,3,False
502,5020.0,0.0,13,R1,S1,True,3529863.766670231,500000.0,2,True
502,5020.0,0.0,13,R1,S2,True,7043863.120225582,500000.0,3,False
502,5020.0,0.0,13,R2,S3,True,7830535.74603555,500000.0,1,False
502,5020.0,0.0,13,R2,S4,True,6768677.67382266,500000.0,4,False
502,5020.0,0.0,13,R3,A1,True,3721296.287136377,500000.0,2,True
502,5020.0,0.0,13,R3,A2,True,7043863.120225582,500000.0,3,False
502,5020.0,0.0,13,R4,A3,True,7830535.74603555,500000.0,1,False
502,5020.0,0.0,13,R4,A4,True,6768677.67382266,500000.0,4,False
503,5030.0,0.0,13,M1,R1,True,7830535.74603555,1000000.0,1,False
503,5030.0,0.0,13,M1,R2,True,3591753.183412538,1000000.0,2,True
503,5030.0,0.0,13,M1,R3,True,6768677.673822663,1000000.0,4,False
503,5030.0,0.0,13,M1,R4,True,7043863.120225582,1000000.0,3,False
503,5030.0,0.0,13,R1,S1,True,3526807.9917275677,500000.0,2,True
503,5030.0,0.0,13,R1,S2,True,7043863.120225582,500000.0,3,False
503,5030.0,0.0,13,R2,S3,True,7830535.74603555,500000.0,1,False
503,5030.0,0.0,13,R2,S4,True,6768677.67382266,500000.0,4,False
503,5030.0,0.0,13,R3,A1,True,3718622.439054358,500000.0,2,True
503,5030.0,0.0,13,R3,A2,True,7043863.120225582,500000.0,3,False
503,5030.0,0.0,13,R4,A3,True,7830535.74603555,500000.0,1,False
503,5030.0,0.0,13,R4,A4,True,6768677.67382266,500000.0,4,False
504,5040.0,0.0,13,M1,R1,True,7830535.74603555,1000000.0,1,False
504,5040.0,0.0,13,M1,R2,True,3588822.2990960996,1000000.0,2,True
504,5040.0,0.0,13,M1,R3,True,6768677.673822663,1000000.0,4,False
504,5040.0,0.0,13,M1,R4,True,7043863.120225582,1000000.0,3,False
504,5040.0,0.0,13,R1,S1,True,3523745.72110829,500000.0,2,True
504,5040.0,0.0,13,R1,S2,True,7043863.120225582,500000.0,3,False
504,5040.0,0.0,13,R2,S3,True,7830535.74603555,500000.0,1,False
504,5040.0,0.0,13,R2,S4,True,6768677.67382266,500000.0,4,False
504,5040.0,0.0,13,R3,A1,True,3715943.58188185,500000.0,2,True
504,5040.0,0.0,13,R3,A2,True,7043863.120225582,500000.0,3,False
504,5040.0,0.0,13,R4,A3,True,7830535.74603555,500000.0,1,False
504,5040.0,0.0,13,R4,A4,True,6768677.67382266,500000.0,4,False
505,5050.0,0.0,13,M1,R1,True,7830535.74603555,1000000.0,1,False
505,5050.0,0.0,13,M1,R2,True,3585885.409400357,1000000.0,2,True
505,5050.0,0.0,13,M1,R3,True,6768677.673822663,1000000.0,4,False
505,5050.0,0.0,13,M1,R4,True,7043863.120225582,1000000.0,3,False
505,5050.0,0.0,13,R1,S1,True,3520676.9278989676,500000.0,2,True
505,5050.0,0.0,13,R1,S2,True,7043863.120225582,500000.0,3,False
505,5050.0,0.0,13,R2,S3,True,7830535.74603555,500000.0,1,False
505,5050.0,0.0,13,R2,S4,True,6768677.67382266,500000.0,4,False
505,5050.0,0.0,13,R3,A1,True,3713259.6973498086,500000.0,2,True
505,5050.0,0.0,13,R3,A2,True,7043863.120225582,500000.0,3,False
505,5050.0,0.0,13,R4,A3,True,7830535.74603555,500000.0,1,False
505,5050.0,0.0,13,R4,A4,True,6768677.67382266,500000.0,4,False
506,5060.0,0.0,13,M1,R1,True,7830535.74603555,1000000.0,1,False
506,5060.0,0.0,13,M1,R2,True,3582942.490273411,1000000.0,2,True
506,5060.0,0.0,13,M1,R3,True,6768677.673822663,1000000.0,4,False
506,5060.0,0.0,13,M1,R4,True,7043863.120225582,1000000.0,3,False
506,5060.0,0.0,13,R1,S1,True,3517601.585020179,500000.0,2,True
506,5060.0,0.0,13,R1,S2,True,7043863.120225582,500000.0,3,False
506,5060.0,0.0,13,R2,S3,True,7830535.74603555,500000.0,1,False
506,5060.0,0.0,13,R2,S4,True,6768677.67382266,500000.0,4,False
506,5060.0,0.0,13,R3,A1,True,3710570.767089522,500000.0,2,True
506,5060.0,0.0,13,R3,A2,True,7043863.120225582,500000.0,3,False
506,5060.0,0.0,13,R4,A3,True,7830535.74603555,500000.0,1,False
506,5060.0,0.0,13,R4,A4,True,6768677.67382266,500000.0,4,False
507,5070.0,0.0,13,M1,R1,True,7830535.74603555,1000000.0,1,False
507,5070.0,0.0,13,M1,R2,True,3579993.517519275,1000000.0,2,True
507,5070.0,0.0,13,M1,R3,True,6768677.673822663,1000000.0,4,False
507,5070.0,0.0,13,M1,R4,True,7043863.120225582,1000000.0,3,False
507,5070.0,0.0,13,R1,S1,True,3514519.6652251887,500000.0,2,True
507,5070.0,0.0,13,R1,S2,True,7043863.120225582,500000.0,3,False
507,5070.0,0.0,13,R2,S3,True,7830535.74603555,500000.0,1,False
507,5070.0,0.0,13,R2,S4,True,6768677.67382266,500000.0,4,False
507,5070.0,0.0,13,R3,A1,True,3707876.772631912,500000.0,2,True
507,5070.0,0.0,13,R3,A2,True,7043863.120225582,500000.0,3,False
507,5070.0,0.0,13,R4,A3,True,7830535.74603555,500000.0,1,False
507,5070.0,0.0,13,R4,A4,True,6768677.67382266,500000.0,4,False
508,5080.0,0.0,13,M1,R1,True,7830535.74603555,1000000.0,1,False
508,5080.0,0.0,13,M1,R2,True,3577038.466796742,1000000.0,2,True
508,5080.0,0.0,13,M1,R3,True,6768677.673822663,1000000.0,4,False
508,5080.0,0.0,13,M1,R4,True,7043863.120225582,1000000.0,3,False
508,5080.0,0.0,13,R1,S1,True,3511431.1410985896,500000.0,2,True
508,5080.0,0.0,13,R1,S2,True,7043863.120225582,500000.0,3,False
508,5080.0,0.0,13,R2,S3,True,7830535.74603555,500000.0,1,False
508,5080.0,0.0,13,R2,S4,True,6768677.67382266,500000.0,4,False
508,5080.0,0.0,13,R3,A1,True,3705177.6954068257,500000.0,2,True
508,5080.0,0.0,13,R3,A2,True,7043863.120225582,500000.0,3,False
508,5080.0,0.0,13,R4,A3,True,7830535.74603555,500000.0,1,False
508,5080.0,0.0,13,R4,A4,True,6768677.67382266,500000.0,4,False
509,5090.0,0.0,13,M1,R1,True,7830535.74603555,1000000.0,1,False
509,5090.0,0.0,13,M1,R2,True,3574077.3136182292,1000000.0,2,True
509,5090.0,0.0,13,M1,R3,True,6768677.673822663,1000000.0,4,False
509,5090.0,0.0,13,M1,R4,True,7043863.120225582,1000000.0,3,False
509,5090.0,0.0,13,R1,S1,True,3508335.985054907,500000.0,2,True
509,5090.0,0.0,13,R1,S2,True,7043863.120225582,500000.0,3,False
509,5090.0,0.0,13,R2,S3,True,7830535.74603555,500000.0,1,False
509,5090.0,0.0,13,R2,S4,True,6768677.67382266,500000.0,4,False
509,5090.0,0.0,13,R3,A1,True,3702473.51674227,500000.0,2,True
509,5090.0,0.0,13,R3,A2,True,7043863.120225582,500000.0,3,False
509,5090.0,0.0,13,R4,A3,True,7830535.74603555,500000.0,1,False
509,5090.0,0.0,13,R4,A4,True,6768677.67382266,500000.0,4,False
510,5100.0,0.0,13,M1,R1,True,7830535.74603555,1000000.0,1,False
510,5100.0,0.0,13,M1,R2,True,3571110.0333486185,1000000.0,2,True
510,5100.0,0.0,13,M1,R3,True,6768677.673822663,1000000.0,4,False
510,5100.0,0.0,13,M1,R4,True,7043863.120225582,1000000.0,3,False
510,5100.0,0.0,13,R1,S1,True,3505234.169337237,500000.0,2,True
510,5100.0,0.0,13,R1,S2,True,7043863.120225582,500000.0,3,False
510,5100.0,0.0,13,R2,S3,True,7830535.74603555,500000.0,1,False
510,5100.0,0.0,13,R2,S4,True,6768677.67382266,500000.0,4,False
510,5100.0,0.0,13,R3,A1,True,3699764.217863692,500000.0,2,True
510,5100.0,0.0,13,R3,A2,True,7043863.120225582,500000.0,3,False
510,5100.0,0.0,13,R4,A3,True,7830535.74603555,500000.0,1,False
510,5100.0,0.0,13,R4,A4,True,6768677.67382266,500000.0,4,False
511,5110.0,0.0,13,M1,R1,True,7830535.74603555,1000000.0,1,False
511,5110.0,0.0,13,M1,R2,True,3568136.60120408,1000000.0,2,True
511,5110.0,0.0,13,M1,R3,True,6768677.673822663,1000000.0,4,False
511,5110.0,0.0,13,M1,R4,True,7043863.120225582,1000000.0,3,False
511,5110.0,0.0,13,R1,S1,True,3502125.6660158355,500000.0,2,True
511,5110.0,0.0,13,R1,S2,True,7043863.120225582,500000.0,3,False
511,5110.0,0.0,13,R2,S3,True,7830535.74603555,500000.0,1,False
511,5110.0,0.0,13,R2,S4,True,6768677.67382266,500000.0,4,False
511,5110.0,0.0,13,R3,A1,True,3697049.7798932414,500000.0,2,True
511,5110.0,0.0,13,R3,A2,True,7043863.120225582,500000.0,3,False
511,5110.0,0.0,13,R4,A3,True,7830535.74603555,500000.0,1,False
511,5110.0,0.0,13,R4,A4,True,6768677.67382266,500000.0,4,False
512,5120.0,0.0,13,M1,R1,True,7830535.74603555,1000000.0,1,False
512,5120.0,0.0,13,M1,R2,True,3565156.9922508853,1000000.0,2,True
512,5120.0,0.0,13,M1,R3,True,6768677.673822663,1000000.0,4,False
512,5120.0,0.0,13,M1,R4,True,7043863.120225582,1000000.0,3,False
512,5120.0,0.0,13,R1,S1,True,3499010.4469867037,500000.0,2,True
512,5120.0,0.0,13,R1,S2,True,7043863.120225582,500000.0,3,False
512,5120.0,0.0,13,R2,S3,True,7830535.74603555,500000.0,1,False
512,5120.0,0.0,13,R2,S4,True,6768677.67382266,500000.0,4,False
512,5120.0,0.0,13,R3,A1,True,3694330.1838490064,500000.0,2,True
512,5120.0,0.0,13,R3,A2,True,7043863.120225582,500000.0,3,False
512,5120.0,0.0,13,R4,A3,True,7830535.74603555,500000.0,1,False
512,5120.0,0.0,13,R4,A4,True,6768677.67382266,500000.0,4,False
513,5130.0,0.0,13,M1,R1,True,7830535.74603555,1000000.0,1,False
513,5130.0,0.0,13,M1,R2,True,3562171.181404198,1000000.0,2,True
513,5130.0,0.0,13,M1,R3,True,6768677.673822663,1000000.0,4,False
513,5130.0,0.0,13,M1,R4,True,7043863.120225582,1000000.0,3,False
513,5130.0,0.0,13,R1,S1,True,3495888.4839701564,500000.0,2,True
513,5130.0,0.0,13,R1,S2,True,7043863.120225582,500000.0,3,False
513,5130.0,0.0,13,R2,S3,True,7830535.74603555,500000.0,1,False
513,5130.0,0.0,13,R2,S4,True,6768677.67382266,500000.0,4,False
513,5130.0,0.0,13,R3,A1,True,3691605.410644272,500000.0,2,True
513,5130.0,0.0,13,R3,A2,True,7043863.120225582,500000.0,3,False
513,5130.0,0.0,13,R4,A3,True,7830535.74603555,500000.0,1,False
513,5130.0,0.0,13,R4,A4,True,6768677.67382266,500000.0,4,False
514,5140.0,0.0,13,M1,R1,True,7830535.74603555,1000000.0,1,False
514,5140.0,0.0,13,M1,R2,True,3559179.143426887,1000000.0,2,True
514,5140.0,0.0,13,M1,R3,True,6768677.673822663,1000000.0,4,False
514,5140.0,0.0,13,M1,R4,True,7043863.120225582,1000000.0,3,False
514,5140.0,0.0,13,R1,S1,True,3492759.748509381,500000.0,2,True
514,5140.0,0.0,13,R1,S2,True,7043863.120225582,500000.0,3,False
514,5140.0,0.0,13,R2,S3,True,7830535.74603555,500000.0,1,False
514,5140.0,0.0,13,R2,S4,True,6768677.67382266,500000.0,4,False
514,5140.0,0.0,13,R3,A1,True,3688875.441086737,500000.0,2,True
514,5140.0,0.0,13,R3,A2,True,7043863.120225582,500000.0,3,False
514,5140.0,0.0,13,R4,A3,True,7830535.74603555,500000.0,1,False
514,5140.0,0.0,13,R4,A4,True,6768677.67382266,500000.0,4,False
515,5150.0,0.0,13,M1,R1,True,7830535.74603555,1000000.0,1,False
515,5150.0,0.0,13,M1,R2,True,3556180.852928289,1000000.0,2,True
515,5150.0,0.0,13,M1,R3,True,6768677.673822663,1000000.0,4,False
515,5150.0,0.0,13,M1,R4,True,7043863.120225582,1000000.0,3,False
515,5150.0,0.0,13,R1,S1,True,3489624.2119689905,500000.0,2,True
515,5150.0,0.0,13,R1,S2,True,7043863.120225582,500000.0,3,False
515,5150.0,0.0,13,R2,S3,True,7830535.74603555,500000.0,1,False
515,5150.0,0.0,13,R2,S4,True,6768677.67382266,500000.0,4,False
515,5150.0,0.0,13,R3,A1,True,3686140.2558777537,500000.0,2,True
515,5150.0,0.0,13,R3,A2,True,7043863.120225582,500000.0,3,False
515,5150.0,0.0,13,R4,A3,True,7830535.74603555,500000.0,1,False
515,5150.0,0.0,13,R4,A4,True,6768677.67382266,500000.0,4,False
516,5160.0,0.0,13,M1,R1,True,7830535.74603555,1000000.0,1,False
516,5160.0,0.0,13,M1,R2,True,3553176.2843629667,1000000.0,2,True
516,5160.0,0.0,13,M1,R3,True,6768677.673822663,1000000.0,4,False
516,5160.0,0.0,13,M1,R4,True,7043863.120225582,1000000.0,3,False
516,5160.0,0.0,13,R1,S1,True,3486481.845533525,500000.0,2,True
516,5160.0,0.0,13,R1,S2,True,7043863.120225582,500000.0,3,False
516,5160.0,0.0,13,R2,S3,True,7830535.74603555,500000.0,1,False
516,5160.0,0.0,13,R2,S4,True,6768677.67382266,500000.0,4,False
516,5160.0,0.0,13,R3,A1,True,3683399.835611558,500000.0,2,True
516,5160.0,0.0,13,R3,A2,True,7043863.120225582,500000.0,3,False
516,5160.0,0.0,13,R4,A3,True,7830535.74603555,500000.0,1,False
516,5160.0,0.0,13,R4,A4,True,6768677.67382266,500000.0,4,False
517,5170.0,0.0,13,M1,R1,True,7830535.74603555,1000000.0,1,False
517,5170.0,0.0,13,M1,R2,True,3550165.412029484,1000000.0,2,True
517,5170.0,0.0,13,M1,R3,True,6768677.673822663,1000000.0,4,False
517,5170.0,0.0,13,M1,R4,True,7043863.120225582,1000000.0,3,False
517,5170.0,0.0,13,R1,S1,True,3483332.6202059845,500000.0,2,True
517,5170.0,0.0,13,R1,S2,True,7043863.120225582,500000.0,3,False
517,5170.0,0.0,13,R2,S3,True,7830535.74603555,500000.0,1,False
517,5170.0,0.0,13,R2,S4,True,6768677.67382266,500000.0,4,False
517,5170.0,0.0,13,R3,A1,True,3680654.1607744726,500000.0,2,True
517,5170.0,0.0,13,R3,A2,True,7043863.120225582,500000.0,3,False
517,5170.0,0.0,13,R4,A3,True,7830535.74603555,500000.0,1,False
517,5170.0,0.0,13,R4,A4,True,6768677.67382266,500000.0,4,False
518,5180.0,0.0,13,M1,R1,True,7830535.74603555,1000000.0,1,False
518,5180.0,0.0,13,M1,R2,True,3547148.2100691223,1000000.0,2,True
518,5180.0,0.0,13,M1,R3,True,6768677.673822663,1000000.0,4,False
518,5180.0,0.0,13,M1,R4,True,7043863.120225582,1000000.0,3,False
518,5180.0,0.0,13,R1,S1,True,3480176.5068063294,500000.0,2,True
518,5180.0,0.0,13,R1,S2,True,7043863.120225582,500000.0,3,False
518,5180.0,0.0,13,R2,S3,True,7830535.74603555,500000.0,1,False
518,5180.0,0.0,13,R2,S4,True,6768677.67382266,500000.0,4,False
518,5180.0,0.0,13,R3,A1,True,3677903.211744114,500000.0,2,True
518,5180.0,0.0,13,R3,A2,True,7043863.120225582,500000.0,3,False
518,5180.0,0.0,13,R4,A3,True,7830535.74603555,500000.0,1,False
518,5180.0,0.0,13,R4,A4,True,6768677.67382266,500000.0,4,False
519,5190.0,0.0,13,M1,R1,True,7830535.74603555,1000000.0,1,False
519,5190.0,0.0,13,M1,R2,True,3544124.6524646427,1000000.0,2,True
519,5190.0,0.0,13,M1,R3,True,6768677.673822663,1000000.0,4,False
519,5190.0,0.0,13,M1,R4,True,7043863.120225582,1000000.0,3,False
519,5190.0,0.0,13,R1,S1,True,3477013.4759699507,500000.0,2,True
519,5190.0,0.0,13,R1,S2,True,7043863.120225582,500000.0,3,False
519,5190.0,0.0,13,R2,S3,True,7830535.74603555,500000.0,1,False
519,5190.0,0.0,13,R2,S4,True,6768677.67382266,500000.0,4,False
519,5190.0,0.0,13,R3,A1,True,3675146.9687886084,500000.0,2,True
519,5190.0,0.0,13,R3,A2,True,7043863.120225582,500000.0,3,False
519,5190.0,0.0,13,R4,A3,True,7830535.74603555,500000.0,1,False
519,5190.0,0.0,13,R4,A4,True,6768677.67382266,500000.0,4,False
520,5200.0,0.0,13,M1,R1,True,7830535.74603555,1000000.0,1,False
520,5200.0,0.0,13,M1,R2,True,3541094.7130389498,1000000.0,2,True
520,5200.0,0.0,13,M1,R3,True,6768677.673822663,1000000.0,4,False
520,5200.0,0.0,13,M1,R4,True,7043863.120225582,1000000.0,3,False
520,5200.0,0.0,13,R1,S1,True,3473843.4981461335,500000.0,2,True
520,5200.0,0.0,13,R1,S2,True,7043863.120225582,500000.0,3,False
520,5200.0,0.0,13,R2,S3,True,7830535.74603555,500000.0,1,False
520,5200.0,0.0,13,R2,S4,True,6768677.67382266,500000.0,4,False
520,5200.0,0.0,13,R3,A1,True,3672385.412065754,500000.0,2,True
520,5200.0,0.0,13,R3,A2,True,7043863.120225582,500000.0,3,False
520,5200.0,0.0,13,R4,A3,True,7830535.74603555,500000.0,1,False
520,5200.0,0.0,13,R4,A4,True,6768677.67382266,500000.0,4,False
521,5210.0,0.0,13,M1,R1,True,7830535.74603555,1000000.0,1,False
521,5210.0,0.0,13,M1,R2,True,3538058.3654538533,1000000.0,2,True
521,5210.0,0.0,13,M1,R3,True,6768677.673822663,1000000.0,4,False
521,5210.0,0.0,13,M1,R4,True,7043863.120225582,1000000.0,3,False
521,5210.0,0.0,13,R1,S1,True,3470666.543596521,500000.0,2,True
521,5210.0,0.0,13,R1,S2,True,7043863.120225582,500000.0,3,False
521,5210.0,0.0,13,R2,S3,True,7830535.74603555,500000.0,1,False
521,5210.0,0.0,13,R2,S4,True,6768677.67382266,500000.0,4,False
521,5210.0,0.0,13,R3,A1,True,3669618.5216222443,500000.0,2,True
521,5210.0,0.0,13,R3,A2,True,7043863.120225582,500000.0,3,False
521,5210.0,0.0,13,R4,A3,True,7830535.74603555,500000.0,1,False
521,5210.0,0.0,13,R4,A4,True,6768677.67382266,500000.0,4,False
522,5220.0,0.0,13,M1,R1,True,7830535.74603555,1000000.0,1,False
522,5220.0,0.0,13,M1,R2,True,3535015.5832087058,1000000.0,2,True
522,5220.0,0.0,13,M1,R3,True,6768677.673822663,1000000.0,4,False
522,5220.0,0.0,13,M1,R4,True,7043863.120225582,1000000.0,3,False
522,5220.0,0.0,13,R1,S1,True,3467482.582393543,500000.0,2,True
522,5220.0,0.0,13,R1,S2,True,7043863.120225582,500000.0,3,False
522,5220.0,0.0,13,R2,S3,True,7830535.74603555,500000.0,1,False
522,5220.0,0.0,13,R2,S4,True,6768677.67382266,500000.0,4,False
522,5220.0,0.0,13,R3,A1,True,3666846.2773928335,500000.0,2,True
522,5220.0,0.0,13,R3,A2,True,7043863.120225582,500000.0,3,False
522,5220.0,0.0,13,R4,A3,True,7830535.74603555,500000.0,1,False
522,5220.0,0.0,13,R4,A4,True,6768677.67382266,500000.0,4,False
523,5230.0,0.0,13,M1,R1,True,7830535.74603555,1000000.0,1,False
523,5230.0,0.0,13,M1,R2,True,3531966.3396391277,1000000.0,2,True
523,5230.0,0.0,13,M1,R3,True,6768677.673822663,1000000.0,4,False
523,5230.0,0.0,13,M1,R4,True,7043863.120225582,1000000.0,3,False
523,5230.0,0.0,13,R1,S1,True,3464291.584418836,500000.0,2,True
523,5230.0,0.0,13,R1,S2,True,7043863.120225582,500000.0,3,False
523,5230.0,0.0,13,R2,S3,True,7830535.74603555,500000.0,1,False
523,5230.0,0.0,13,R2,S4,True,6768677.67382266,500000.0,4,False
523,5230.0,0.0,13,R3,A1,True,3664068.659199492,500000.0,2,True
523,5230.0,0.0,13,R3,A2,True,7043863.120225582,500000.0,3,False
523,5230.0,0.0,13,R4,A3,True,7830535.74603555,500000.0,1,False
523,5230.0,0.0,13,R4,A4,True,6768677.67382266,500000.0,4,False
524,5240.0,0.0,13,M1,R1,True,7830535.74603555,1000000.0,1,False
524,5240.0,0.0,13,M1,R2,True,3528910.6079156306,1000000.0,2,True
524,5240.0,0.0,13,M1,R3,True,6768677.673822663,1000000.0,4,False
524,5240.0,0.0,13,M1,R4,True,7043863.120225582,1000000.0,3,False
524,5240.0,0.0,13,R1,S1,True,3461093.5193616506,500000.0,2,True
524,5240.0,0.0,13,R1,S2,True,7043863.120225582,500000.0,3,False
524,5240.0,0.0,13,R2,S3,True,7830535.74603555,500000.0,1,False
524,5240.0,0.0,13,R2,S4,True,6768677.67382266,500000.0,4,False
524,5240.0,0.0,13,R3,A1,True,3661285.6467505973,500000.0,2,True
524,5240.0,0.0,13,R3,A2,True,7043863.120225582,500000.0,3,False
524,5240.0,0.0,13,R4,A3,True,7830535.74603555,500000.0,1,False
524,5240.0,0.0,13,R4,A4,True,6768677.67382266,500000.0,4,False
525,5250.0,0.0,13,M1,R1,True,7830535.74603555,1000000.0,1,False
525,5250.0,0.0,13,M1,R2,True,3525848.3610422835,1000000.0,2,True
525,5250.0,0.0,13,M1,R3,True,6768677.673822663,1000000.0,4,False
525,5250.0,0.0,13,M1,R4,True,7043863.120225582,1000000.0,3,False
525,5250.0,0.0,13,R1,S1,True,3457888.356717211,500000.0,2,True
525,5250.0,0.0,13,R1,S2,True,7043863.120225582,500000.0,3,False
525,5250.0,0.0,13,R2,S3,True,7830535.74603555,500000.0,1,False
525,5250.0,0.0,13,R2,S4,True,6768677.67382266,500000.0,4,False
525,5250.0,0.0,13,R3,A1,True,3658497.2196400533,500000.0,2,True
525,5250.0,0.0,13,R3,A2,True,7043863.120225582,500000.0,3,False
525,5250.0,0.0,13,R4,A3,True,7830535.74603555,500000.0,1,False
525,5250.0,0.0,13,R4,A4,True,6768677.67382266,500000.0,4,False
526,5260.0,0.0,13,M1,R1,True,7830535.74603555,1000000.0,1,False
526,5260.0,0.0,13,M1,R2,True,3522779.571855355,1000000.0,2,True
526,5260.0,0.0,13,M1,R3,True,6768677.673822663,1000000.0,4,False
526,5260.0,0.0,13,M1,R4,True,7043863.120225582,1000000.0,3,False
526,5260.0,0.0,13,R1,S1,True,3454676.065785133,500000.0,2,True
526,5260.0,0.0,13,R1,S2,True,7043863.120225582,500000.0,3,False
526,5260.0,0.0,13,R2,S3,True,7830535.74603555,500000.0,1,False
526,5260.0,0.0,13,R2,S4,True,6768677.67382266,500000.0,4,False
526,5260.0,0.0,13,R3,A1,True,3655703.3573464868,500000.0,2,True
526,5260.0,0.0,13,R3,A2,True,7043863.120225582,500000.0,3,False
526,5260.0,0.0,13,R4,A3,True,7830535.74603555,500000.0,1,False
526,5260.0,0.0,13,R4,A4,True,6768677.67382266,500000.0,4,False
527,5270.0,0.0,13,M1,R1,True,7830535.74603555,1000000.0,1,False
527,5270.0,0.0,13,M1,R2,True,3519704.2130219163,1000000.0,2,True
527,5270.0,0.0,13,M1,R3,True,6768677.673822663,1000000.0,4,False
527,5270.0,0.0,13,M1,R4,True,7043863.120225582,1000000.0,3,False
527,5270.0,0.0,13,R1,S1,True,3451456.615667742,500000.0,2,True
527,5270.0,0.0,13,R1,S2,True,7043863.120225582,500000.0,3,False
527,5270.0,0.0,13,R2,S3,True,7830535.74603555,500000.0,1,False
527,5270.0,0.0,13,R2,S4,True,6768677.67382266,500000.0,4,False
527,5270.0,0.0,13,R3,A1,True,3652904.039232348,500000.0,2,True
527,5270.0,0.0,13,R3,A2,True,7043863.120225582,500000.0,3,False
527,5270.0,0.0,13,R4,A3,True,7830535.74603555,500000.0,1,False
527,5270.0,0.0,13,R4,A4,True,6768677.67382266,500000.0,4,False
528,5280.0,0.0,13,M1,R1,True,7830535.74603555,1000000.0,1,False
528,5280.0,0.0,13,M1,R2,True,3516622.2570384764,1000000.0,2,True
528,5280.0,0.0,13,M1,R3,True,6768677.673822663,1000000.0,4,False
528,5280.0,0.0,13,M1,R4,True,7043863.120225582,1000000.0,3,False
528,5280.0,0.0,13,R1,S1,True,3448229.9752684096,500000.0,2,True
528,5280.0,0.0,13,R1,S2,True,7043863.120225582,500000.0,3,False
528,5280.0,0.0,13,R2,S3,True,7830535.74603555,500000.0,1,False
528,5280.0,0.0,13,R2,S4,True,6768677.67382266,500000.0,4,False
528,5280.0,0.0,13,R3,A1,True,3650099.244543057,500000.0,2,True
528,5280.0,0.0,13,R3,A2,True,7043863.120225582,500000.0,3,False
528,5280.0,0.0,13,R4,A3,True,7830535.74603555,500000.0,1,False
528,5280.0,0.0,13,R4,A4,True,6768677.67382266,500000.0,4,False
529,5290.0,0.0,13,M1,R1,True,7830535.74603555,1000000.0,1,False
529,5290.0,0.0,13,M1,R2,True,3513533.6762295505,1000000.0,2,True
529,5290.0,0.0,13,M1,R3,True,6768677.673822663,1000000.0,4,False
529,5290.0,0.0,13,M1,R4,True,7043863.120225582,1000000.0,3,False
529,5290.0,0.0,13,R1,S1,True,3444996.113289891,500000.0,2,True
529,5290.0,0.0,13,R1,S2,True,7043863.120225582,500000.0,3,False
529,5290.0,0.0,13,R2,S3,True,7830535.74603555,500000.0,1,False
529,5290.0,0.0,13,R2,S4,True,6768677.67382266,500000.0,4,False
529,5290.0,0.0,13,R3,A1,True,3647288.9524061354,500000.0,2,True
529,5290.0,0.0,13,R3,A2,True,7043863.120225582,500000.0,3,False
529,5290.0,0.0,13,R4,A3,True,7830535.74603555,500000.0,1,False
529,5290.0,0.0,13,R4,A4,True,6768677.67382266,500000.0,4,False
530,5300.0,0.0,13,M1,R1,True,7830535.74603555,1000000.0,1,False
530,5300.0,0.0,13,M1,R2,True,3510438.4427462537,1000000.0,2,True
530,5300.0,0.0,13,M1,R3,True,6768677.673822663,1000000.0,4,False
530,5300.0,0.0,13,M1,R4,True,7043863.120225582,1000000.0,3,False
530,5300.0,0.0,13,R1,S1,True,3441754.9982326115,500000.0,2,True
530,5300.0,0.0,13,R1,S2,True,7043863.120225582,500000.0,3,False
530,5300.0,0.0,13,R2,S3,True,7830535.74603555,500000.0,1,False
530,5300.0,0.0,13,R2,S4,True,6768677.67382266,500000.0,4,False
530,5300.0,0.0,13,R3,A1,True,3644473.1418303056,500000.0,2,True
530,5300.0,0.0,13,R3,A2,True,7043863.120225582,500000.0,3,False
530,5300.0,0.0,13,R4,A3,True,7830535.74603555,500000.0,1,False
530,5300.0,0.0,13,R4,A4,True,6768677.67382266,500000.0,4,False
531,5310.0,0.0,13,M1,R1,True,7830535.74603555,1000000.0,1,False
531,5310.0,0.0,13,M1,R2,True,3507336.5285648736,1000000.0,2,True
531,5310.0,0.0,13,M1,R3,True,6768677.673822663,1000000.0,4,False
531,5310.0,0.0,13,M1,R4,True,7043863.120225582,1000000.0,3,False
531,5310.0,0.0,13,R1,S1,True,3438506.598392957,500000.0,2,True
531,5310.0,0.0,13,R1,S2,True,7043863.120225582,500000.0,3,False
531,5310.0,0.0,13,R2,S3,True,7830535.74603555,500000.0,1,False
531,5310.0,0.0,13,R2,S4,True,6768677.67382266,500000.0,4,False
531,5310.0,0.0,13,R3,A1,True,3641651.7917046184,500000.0,2,True
531,5310.0,0.0,13,R3,A2,True,7043863.120225582,500000.0,3,False
531,5310.0,0.0,13,R4,A3,True,7830535.74603555,500000.0,1,False
531,5310.0,0.0,13,R4,A4,True,6768677.67382266,500000.0,4,False
532,5320.0,0.0,13,M1,R1,True,7830535.74603555,1000000.0,1,False
532,5320.0,0.0,13,M1,R2,True,3504227.9054853907,1000000.0,2,True
532,5320.0,0.0,13,M1,R3,True,6768677.673822663,1000000.0,4,False
532,5320.0,0.0,13,M1,R4,True,7043863.120225582,1000000.0,3,False
532,5320.0,0.0,13,R1,S1,True,3435250.881861534,500000.0,2,True
532,5320.0,0.0,13,R1,S2,True,7043863.120225582,500000.0,3,False
532,5320.0,0.0,13,R2,S3,True,7830535.74603555,500000.0,1,False
532,5320.0,0.0,13,R2,S4,True,6768677.67382266,500000.0,4,False
532,5320.0,0.0,13,R3,A1,True,3638824.8807975505,500000.0,2,True
532,5320.0,0.0,13,R3,A2,True,7043863.120225582,500000.0,3,False
532,5320.0,0.0,13,R4,A3,True,7830535.74603555,500000.0,1,False
532,5320.0,0.0,13,R4,A4,True,6768677.67382266,500000.0,4,False
533,5330.0,0.0,13,M1,R1,True,7830535.74603555,1000000.0,1,False
533,5330.0,0.0,13,M1,R2,True,3501112.545130049,1000000.0,2,True
533,5330.0,0.0,13,M1,R3,True,6768677.673822663,1000000.0,4,False
533,5330.0,0.0,13,M1,R4,True,7043863.120225582,1000000.0,3,False
533,5330.0,0.0,13,R1,S1,True,3431987.8165214225,500000.0,2,True
533,5330.0,0.0,13,R1,S2,True,7043863.120225582,500000.0,3,False
533,5330.0,0.0,13,R2,S3,True,7830535.74603555,500000.0,1,False
533,5330.0,0.0,13,R2,S4,True,6768677.67382266,500000.0,4,False
533,5330.0,0.0,13,R3,A1,True,3635992.3877560683,500000.0,2,True
533,5330.0,0.0,13,R3,A2,True,7043863.120225582,500000.0,3,False
533,5330.0,0.0,13,R4,A3,True,7830535.74603555,500000.0,1,False
533,5330.0,0.0,13,R4,A4,True,6768677.67382266,500000.0,4,False
534,5340.0,0.0,13,M1,R1,True,7830535.74603555,1000000.0,1,False
534,5340.0,0.0,13,M1,R2,True,3497990.41894187,1000000.0,2,True
534,5340.0,0.0,13,M1,R3,True,6768677.673822663,1000000.0,4,False
534,5340.0,0.0,13,M1,R4,True,7043863.120225582,1000000.0,3,False
534,5340.0,0.0,13,R1,S1,True,3428717.3700464033,500000.0,2,True
534,5340.0,0.0,13,R1,S2,True,7043863.120225582,500000.0,3,False
534,5340.0,0.0,13,R2,S3,True,7830535.74603555,500000.0,1,False
534,5340.0,0.0,13,R2,S4,True,6768677.67382266,500000.0,4,False
534,5340.0,0.0,13,R3,A1,True,3633154.2911047633,500000.0,2,True
534,5340.0,0.0,13,R3,A2,True,7043863.120225582,500000.0,3,False
534,5340.0,0.0,13,R4,A3,True,7830535.74603555,500000.0,1,False
534,5340.0,0.0,13,R4,A4,True,6768677.67382266,500000.0,4,False
535,5350.0,0.0,13,M1,R1,True,7830535.74603555,1000000.0,1,False
535,5350.0,0.0,13,M1,R2,True,3494861.4981831308,1000000.0,2,True
535,5350.0,0.0,13,M1,R3,True,6768677.673822663,1000000.0,4,False
535,5350.0,0.0,13,M1,R4,True,7043863.120225582,1000000.0,3,False
535,5350.0,0.0,13,R1,S1,True,3425439.5098991757,500000.0,2,True
535,5350.0,0.0,13,R1,S2,True,7043863.120225582,500000.0,3,False
535,5350.0,0.0,13,R2,S3,True,7830535.74603555,500000.0,1,False
535,5350.0,0.0,13,R2,S4,True,6768677.67382266,500000.0,4,False
535,5350.0,0.0,13,R3,A1,True,3630310.5692448583,500000.0,2,True
535,5350.0,0.0,13,R3,A2,True,7043863.120225582,500000.0,3,False
535,5350.0,0.0,13,R4,A3,True,7830535.74603555,500000.0,1,False
535,5350.0,0.0,13,R4,A4,True,6768677.67382266,500000.0,4,False
536,5360.0,0.0,13,M1,R1,True,7830535.74603555,1000000.0,1,False
536,5360.0,0.0,13,M1,R2,True,3491725.7539338837,1000000.0,2,True
536,5360.0,0.0,13,M1,R3,True,6768677.673822663,1000000.0,4,False
536,5360.0,0.0,13,M1,R4,True,7043863.120225582,1000000.0,3,False
536,5360.0,0.0,13,R1,S1,True,3422154.2033295357,500000.0,2,True
536,5360.0,0.0,13,R1,S2,True,7043863.120225582,500000.0,3,False
536,5360.0,0.0,13,R2,S3,True,7830535.74603555,500000.0,1,False
536,5360.0,0.0,13,R2,S4,True,6768677.67382266,500000.0,4,False
536,5360.0,0.0,13,R3,A1,True,3627461.2004533494,500000.0,2,True
536,5360.0,0.0,13,R3,A2,True,7043863.120225582,500000.0,3,False
536,5360.0,0.0,13,R4,A3,True,7830535.74603555,500000.0,1,False
536,5360.0,0.0,13,R4,A4,True,6768677.67382266,500000.0,4,False
537,5370.0,0.0,13,M1,R1,True,7830535.74603555,1000000.0,1,False
537,5370.0,0.0,13,M1,R2,True,3488583.1570904236,1000000.0,2,True
537,5370.0,0.0,13,M1,R3,True,6768677.673822663,1000000.0,4,False
537,5370.0,0.0,13,M1,R4,True,7043863.120225582,1000000.0,3,False
537,5370.0,0.0,13,R1,S1,True,3418861.4173725657,500000.0,2,True
537,5370.0,0.0,13,R1,S2,True,7043863.120225582,500000.0,3,False
537,5370.0,0.0,13,R2,S3,True,7830535.74603555,500000.0,1,False
537,5370.0,0.0,13,R2,S4,True,6768677.67382266,500000.0,4,False
537,5370.0,0.0,13,R3,A1,True,3624606.1628820063,500000.0,2,True
537,5370.0,0.0,13,R3,A2,True,7043863.120225582,500000.0,3,False
537,5370.0,0.0,13,R4,A3,True,7830535.74603555,500000.0,1,False
537,5370.0,0.0,13,R4,A4,True,6768677.67382266,500000.0,4,False
538,5380.0,0.0,13,M1,R1,True,7830535.74603555,1000000.0,1,False
538,5380.0,0.0,13,M1,R2,True,3485433.678363742,1000000.0,2,True
538,5380.0,0.0,13,M1,R3,True,6768677.673822663,1000000.0,4,False
538,5380.0,0.0,13,M1,R4,True,7043863.120225582,1000000.0,3,False
538,5380.0,0.0,13,R1,S1,True,3415561.1188467676,500000.0,2,True
538,5380.0,0.0,13,R1,S2,True,7043863.120225582,500000.0,3,False
538,5380.0,0.0,13,R2,S3,True,7830535.74603555,500000.0,1,False
538,5380.0,0.0,13,R2,S4,True,6768677.67382266,500000.0,4,False
538,5380.0,0.0,13,R3,A1,True,3621745.434556439,500000.0,2,True
538,5380.0,0.0,13,R3,A2,True,7043863.120225582,500000.0,3,False
538,5380.0,0.0,13,R4,A3,True,7830535.74603555,500000.0,1,False
538,5380.0,0.0,13,R4,A4,True,6768677.67382266,500000.0,4,False
539,5390.0,0.0,13,M1,R1,True,7830535.74603555,1000000.0,1,False
539,5390.0,0.0,13,M1,R2,True,3482277.288277965,1000000.0,2,True
539,5390.0,0.0,13,M1,R3,True,6768677.673822663,1000000.0,4,False
539,5390.0,0.0,13,M1,R4,True,7043863.120225582,1000000.0,3,False
539,5390.0,0.0,13,R1,S1,True,3412253.2743522297,500000.0,2,True
539,5390.0,0.0,13,R1,S2,True,7043863.120225582,500000.0,3,False
539,5390.0,0.0,13,R2,S3,True,7830535.74603555,500000.0,1,False
539,5390.0,0.0,13,R2,S4,True,6768677.67382266,500000.0,4,False
539,5390.0,0.0,13,R3,A1,True,3618878.9933751486,500000.0,2,True
539,5390.0,0.0,13,R3,A2,True,7043863.120225582,500000.0,3,False
539,5390.0,0.0,13,R4,A3,True,7830535.74603555,500000.0,1,False
539,5390.0,0.0,13,R4,A4,True,6768677.67382266,500000.0,4,False
540,5400.0,0.0,13,M1,R1,True,7830535.74603555,1000000.0,1,False
540,5400.0,0.0,13,M1,R2,True,3479113.957168805,1000000.0,2,True
540,5400.0,0.0,13,M1,R3,True,6768677.673822663,1000000.0,4,False
540,5400.0,0.0,13,M1,R4,True,7043863.120225582,1000000.0,3,False
540,5400.0,0.0,13,R1,S1,True,3408937.850268705,500000.0,2,True
540,5400.0,0.0,13,R1,S2,True,7043863.120225582,500000.0,3,False
540,5400.0,0.0,13,R2,S3,True,7830535.74603555,500000.0,1,False
540,5400.0,0.0,13,R2,S4,True,6768677.67382266,500000.0,4,False
540,5400.0,0.0,13,R3,A1,True,3616006.8171085333,500000.0,2,True
540,5400.0,0.0,13,R3,A2,True,7043863.120225582,500000.0,3,False
540,5400.0,0.0,13,R4,A3,True,7830535.74603555,500000.0,1,False
540,5400.0,0.0,13,R4,A4,True,6768677.67382266,500000.0,4,False
541,5410.0,0.0,13,M1,R1,True,7830535.74603555,1000000.0,1,False
541,5410.0,0.0,13,M1,R2,True,3475943.655181937,1000000.0,2,True
541,5410.0,0.0,13,M1,R3,True,6768677.673822663,1000000.0,4,False
541,5410.0,0.0,13,M1,R4,True,7043863.120225582,1000000.0,3,False
541,5410.0,0.0,13,R1,S1,True,3405614.812753725,500000.0,2,True
541,5410.0,0.0,13,R1,S2,True,7043863.120225582,500000.0,3,False
541,5410.0,0.0,13,R2,S3,True,7830535.74603555,500000.0,1,False
541,5410.0,0.0,13,R2,S4,True,6768677.67382266,500000.0,4,False
541,5410.0,0.0,13,R3,A1,True,3613128.8833979475,500000.0,2,True
541,5410.0,0.0,13,R3,A2,True,7043863.120225582,500000.0,3,False
541,5410.0,0.0,13,R4,A3,True,7830535.74603555,500000.0,1,False
541,5410.0,0.0,13,R4,A4,True,6768677.67382266,500000.0,4,False
542,5420.0,0.0,13,M1,R1,True,7830535.74603555,1000000.0,1,False
542,5420.0,0.0,13,M1,R2,True,3472766.3522714176,1000000.0,2,True
542,5420.0,0.0,13,M1,R3,True,6768677.673822663,1000000.0,4,False
542,5420.0,0.0,13,M1,R4,True,7043863.120225582,1000000.0,3,False
542,5420.0,0.0,13,R1,S1,True,3402284.1277406826,500000.0,2,True
542,5420.0,0.0,13,R1,S2,True,7043863.120225582,500000.0,3,False
542,5420.0,0.0,13,R2,S3,True,7830535.74603555,500000.0,1,False
542,5420.0,0.0,13,R2,S4,True,6768677.67382266,500000.0,4,False
542,5420.0,0.0,13,R3,A1,True,3610245.1697546695,500000.0,2,True
542,5420.0,0.0,13,R3,A2,True,7043863.120225582,500000.0,3,False
542,5420.0,0.0,13,R4,A3,True,7830535.74603555,500000.0,1,False
542,5420.0,0.0,13,R4,A4,True,6768677.67382266,500000.0,4,False
543,5430.0,0.0,13,M1,R1,True,7830535.74603555,1000000.0,1,False
543,5430.0,0.0,13,M1,R2,True,3469582.018198038,1000000.0,2,True
543,5430.0,0.0,13,M1,R3,True,6768677.673822663,1000000.0,4,False
543,5430.0,0.0,13,M1,R4,True,7043863.120225582,1000000.0,3,False
543,5430.0,0.0,13,R1,S1,True,3398945.760936872,500000.0,2,True
543,5430.0,0.0,13,R1,S2,True,7043863.120225582,500000.0,3,False
543,5430.0,0.0,13,R2,S3,True,7830535.74603555,500000.0,1,False
543,5430.0,0.0,13,R2,S4,True,6768677.67382266,500000.0,4,False
543,5430.0,0.0,13,R3,A1,True,3607355.6535589355,500000.0,2,True
543,5430.0,0.0,13,R3,A2,True,7043863.120225582,500000.0,3,False
543,5430.0,0.0,13,R4,A3,True,7830535.74603555,500000.0,1,False
543,5430.0,0.0,13,R4,A4,True,6768677.67382266,500000.0,4,False
544,5440.0,0.0,13,M1,R1,True,7830535.74603555,1000000.0,1,False
544,5440.0,0.0,13,M1,R2,True,3466390.6225277213,1000000.0,2,True
544,5440.0,0.0,13,M1,R3,True,6768677.673822663,1000000.0,4,False
544,5440.0,0.0,13,M1,R4,True,7043863.120225582,1000000.0,3,False
544,5440.0,0.0,13,R1,S1,True,3395599.6778215296,500000.0,2,True
544,5440.0,0.0,13,R1,S2,True,7043863.120225582,500000.0,3,False
544,5440.0,0.0,13,R2,S3,True,7830535.74603555,500000.0,1,False
544,5440.0,0.0,13,R2,S4,True,6768677.67382266,500000.0,4,False
544,5440.0,0.0,13,R3,A1,True,3604460.3120589247,500000.0,2,True
544,5440.0,0.0,13,R3,A2,True,7043863.120225582,500000.0,3,False
544,5440.0,0.0,13,R4,A3,True,7830535.74603555,500000.0,1,False
544,5440.0,0.0,13,R4,A4,True,6768677.67382266,500000.0,4,False
545,5450.0,0.0,13,M1,R1,True,7830535.74603555,1000000.0,1,False
545,5450.0,0.0,13,M1,R2,True,3463192.13462983,1000000.0,2,True
545,5450.0,0.0,13,M1,R3,True,6768677.673822663,1000000.0,4,False
545,5450.0,0.0,13,M1,R4,True,7043863.120225582,1000000.0,3,False
545,5450.0,0.0,13,R1,S1,True,3392245.843643838,500000.0,2,True
545,5450.0,0.0,13,R1,S2,True,7043863.120225582,500000.0,3,False
545,5450.0,0.0,13,R2,S3,True,7830535.74603555,500000.0,1,False
545,5450.0,0.0,13,R2,S4,True,6768677.67382266,500000.0,4,False
545,5450.0,0.0,13,R3,A1,True,3601559.1223697443,500000.0,2,True
545,5450.0,0.0,13,R3,A2,True,7043863.120225582,500000.0,3,False
545,5450.0,0.0,13,R4,A3,True,7830535.74603555,500000.0,1,False
545,5450.0,0.0,13,R4,A4,True,6768677.67382266,500000.0,4,False
546,5460.0,0.0,13,M1,R1,True,7830535.74603555,1000000.0,1,False
546,5460.0,0.0,13,M1,R2,True,3459986.523675508,1000000.0,2,True
546,5460.0,0.0,13,M1,R3,True,6768677.673822663,1000000.0,4,False
546,5460.0,0.0,13,M1,R4,True,7043863.120225582,1000000.0,3,False
546,5460.0,0.0,13,R1,S1,True,3388884.2234209278,500000.0,2,True
546,5460.0,0.0,13,R1,S2,True,7043863.120225582,500000.0,3,False
546,5460.0,0.0,13,R2,S3,True,7830535.74603555,500000.0,1,False
546,5460.0,0.0,13,R2,S4,True,6768677.67382266,500000.0,4,False
546,5460.0,0.0,13,R3,A1,True,3598652.0614723936,500000.0,2,True
546,5460.0,0.0,13,R3,A2,True,7043863.120225582,500000.0,3,False
546,5460.0,0.0,13,R4,A3,True,7830535.74603555,500000.0,1,False
546,5460.0,0.0,13,R4,A4,True,6768677.67382266,500000.0,4,False
547,5470.0,0.0,13,M1,R1,True,7830535.74603555,1000000.0,1,False
547,5470.0,0.0,13,M1,R2,True,3456773.758635976,1000000.0,2,True
547,5470.0,0.0,13,M1,R3,True,6768677.673822663,1000000.0,4,False
547,5470.0,0.0,13,M1,R4,True,7043863.120225582,1000000.0,3,False
547,5470.0,0.0,13,R1,S1,True,3385514.7819358497,500000.0,2,True
547,5470.0,0.0,13,R1,S2,True,7043863.120225582,500000.0,3,False
547,5470.0,0.0,13,R2,S3,True,7830535.74603555,500000.0,1,False
547,5470.0,0.0,13,R2,S4,True,6768677.67382266,500000.0,4,False
547,5470.0,0.0,13,R3,A1,True,3595739.1062127426,500000.0,2,True
547,5470.0,0.0,13,R3,A2,True,7043863.120225582,500000.0,3,False
547,5470.0,0.0,13,R4,A3,True,7830535.74603555,500000.0,1,False
547,5470.0,0.0,13,R4,A4,True,6768677.67382266,500000.0,4,False
548,5480.0,0.0,13,M1,R1,True,7830535.74603555,1000000.0,1,False
548,5480.0,0.0,13,M1,R2,True,3453553.808280839,1000000.0,2,True
548,5480.0,0.0,13,M1,R3,True,6768677.673822663,1000000.0,4,False
548,5480.0,0.0,13,M1,R4,True,7043863.120225582,1000000.0,3,False
548,5480.0,0.0,13,R1,S1,True,3382137.4837355125,500000.0,2,True
548,5480.0,0.0,13,R1,S2,True,7043863.120225582,500000.0,3,False
548,5480.0,0.0,13,R2,S3,True,7830535.74603555,500000.0,1,False
548,5480.0,0.0,13,R2,S4,True,6768677.67382266,500000.0,4,False
548,5480.0,0.0,13,R3,A1,True,3592820.233300487,500000.0,2,True
548,5480.0,0.0,13,R3,A2,True,7043863.120225582,500000.0,3,False
548,5480.0,0.0,13,R4,A3,True,7830535.74603555,500000.0,1,False
548,5480.0,0.0,13,R4,A4,True,6768677.67382266,500000.0,4,False
549,5490.0,0.0,13,M1,R1,True,7830535.74603555,1000000.0,1,False
549,5490.0,0.0,13,M1,R2,True,3450326.641176356,1000000.0,2,True
549,5490.0,0.0,13,M1,R3,True,6768677.673822663,1000000.0,4,False
549,5490.0,0.0,13,M1,R4,True,7043863.120225582,1000000.0,3,False
549,5490.0,0.0,13,R1,S1,True,3378752.2931286064,500000.0,2,True
549,5490.0,0.0,13,R1,S2,True,7043863.120225582,500000.0,3,False
549,5490.0,0.0,13,R2,S3,True,7830535.74603555,500000.0,1,False
549,5490.0,0.0,13,R2,S4,True,6768677.67382266,500000.0,4,False
549,5490.0,0.0,13,R3,A1,True,3589895.4193080734,500000.0,2,True
549,5490.0,0.0,13,R3,A2,True,7043863.120225582,500000.0,3,False
549,5490.0,0.0,13,R4,A3,True,7830535.74603555,500000.0,1,False
549,5490.0,0.0,13,R4,A4,True,6768677.67382266,500000.0,4,False
550,5500.0,0.0,13,M1,R1,True,7830535.74603555,1000000.0,1,False
550,5500.0,0.0,13,M1,R2,True,3447092.2256836677,1000000.0,2,True
550,5500.0,0.0,13,M1,R3,True,6768677.673822663,1000000.0,4,False
550,5500.0,0.0,13,M1,R4,True,7043863.120225582,1000000.0,3,False
550,5500.0,0.0,13,R1,S1,True,3375359.174183538,500000.0,2,True
550,5500.0,0.0,13,R1,S2,True,7043863.120225582,500000.0,3,False
550,5500.0,0.0,13,R2,S3,True,7830535.74603555,500000.0,1,False
550,5500.0,0.0,13,R2,S4,True,6768677.67382266,500000.0,4,False
550,5500.0,0.0,13,R3,A1,True,3586964.6406696634,500000.0,2,True
550,5500.0,0.0,13,R3,A2,True,7043863.120225582,500000.0,3,False
550,5500.0,0.0,13,R4,A3,True,7830535.74603555,500000.0,1,False
550,5500.0,0.0,13,R4,A4,True,6768677.67382266,500000.0,4,False
551,5510.0,0.0,13,M1,R1,True,7830535.74603555,1000000.0,1,False
551,5510.0,0.0,13,M1,R2,True,3443850.5299570654,1000000.0,2,True
551,5510.0,0.0,13,M1,R3,True,6768677.673822663,1000000.0,4,False
551,5510.0,0.0,13,M1,R4,True,7043863.120225582,1000000.0,3,False
551,5510.0,0.0,13,R1,S1,True,3371958.0907262685,500000.0,2,True
551,5510.0,0.0,13,R1,S2,True,7043863.120225582,500000.0,3,False
551,5510.0,0.0,13,R2,S3,True,7830535.74603555,500000.0,1,False
551,5510.0,0.0,13,R2,S4,True,6768677.67382266,500000.0,4,False
551,5510.0,0.0,13,R3,A1,True,3584027.8736800337,500000.0,2,True
551,5510.0,0.0,13,R3,A2,True,7043863.120225582,500000.0,3,False
551,5510.0,0.0,13,R4,A3,True,7830535.74603555,500000.0,1,False
551,5510.0,0.0,13,R4,A4,True,6768677.67382266,500000.0,4,False
552,5520.0,0.0,13,M1,R1,True,7830535.74603555,1000000.0,1,False
552,5520.0,0.0,13,M1,R2,True,3440601.521942193,1000000.0,2,True
552,5520.0,0.0,13,M1,R3,True,6768677.673822663,1000000.0,4,False
552,5520.0,0.0,13,M1,R4,True,7043863.120225582,1000000.0,3,False
552,5520.0,0.0,13,R1,S1,True,3368549.006338202,500000.0,2,True
552,5520.0,0.0,13,R1,S2,True,7043863.120225582,500000.0,3,False
552,5520.0,0.0,13,R2,S3,True,7830535.74603555,500000.0,1,False
552,5520.0,0.0,13,R2,S4,True,6768677.67382266,500000.0,4,False
552,5520.0,0.0,13,R3,A1,True,3581085.094493501,500000.0,2,True
552,5520.0,0.0,13,R3,A2,True,7043863.120225582,500000.0,3,False
552,5520.0,0.0,13,R4,A3,True,7830535.74603555,500000.0,1,False
552,5520.0,0.0,13,R4,A4,True,6768677.67382266,500000.0,4,False
553,5530.0,0.0,13,M1,R1,True,7830535.74603555,1000000.0,1,False
553,5530.0,0.0,13,M1,R2,True,3437345.1693742312,1000000.0,2,True
553,5530.0,0.0,13,M1,R3,True,6768677.673822663,1000000.0,4,False
553,5530.0,0.0,13,M1,R4,True,7043863.120225582,1000000.0,3,False
553,5530.0,0.0,13,R1,S1,True,3365131.884354011,500000.0,2,True
553,5530.0,0.0,13,R1,S2,True,7043863.120225582,500000.0,3,False
553,5530.0,0.0,13,R2,S3,True,7830535.74603555,500000.0,1,False
553,5530.0,0.0,13,R2,S4,True,6768677.67382266,500000.0,4,False
553,5530.0,0.0,13,R3,A1,True,3578136.279122823,500000.0,2,True
553,5530.0,0.0,13,R3,A2,True,7043863.120225582,500000.0,3,False
553,5530.0,0.0,13,R4,A3,True,7830535.74603555,500000.0,1,False
553,5530.0,0.0,13,R4,A4,True,6768677.67382266,500000.0,4,False
554,5540.0,0.0,13,M1,R1,True,7830535.74603555,1000000.0,1,False
554,5540.0,0.0,13,M1,R2,True,3434081.43977611,1000000.0,2,True
554,5540.0,0.0,13,M1,R3,True,6768677.673822663,1000000.0,4,False
554,5540.0,0.0,13,M1,R4,True,7043863.120225582,1000000.0,3,False
554,5540.0,0.0,13,R1,S1,True,3361706.687859451,500000.0,2,True
554,5540.0,0.0,13,R1,S2,True,7043863.120225582,500000.0,3,False
554,5540.0,0.0,13,R2,S3,True,7830535.74603555,500000.0,1,False
554,5540.0,0.0,13,R2,S4,True,6768677.67382266,500000.0,4,False
554,5540.0,0.0,13,R3,A1,True,3575181.403438093,500000.0,2,True
554,5540.0,0.0,13,R3,A2,True,7043863.120225582,500000.0,3,False
554,5540.0,0.0,13,R4,A3,True,7830535.74603555,500000.0,1,False
554,5540.0,0.0,13,R4,A4,True,6768677.67382266,500000.0,4,False
555,5550.0,0.0,13,M1,R1,True,7830535.74603555,1000000.0,1,False
555,5550.0,0.0,13,M1,R2,True,3430810.3004566235,1000000.0,2,True
555,5550.0,0.0,13,M1,R3,True,6768677.673822663,1000000.0,4,False
555,5550.0,0.0,13,M1,R4,True,7043863.120225582,1000000.0,3,False
555,5550.0,0.0,13,R1,S1,True,3358273.37968915,500000.0,2,True
555,5550.0,0.0,13,R1,S2,True,7043863.120225582,500000.0,3,False
555,5550.0,0.0,13,R2,S3,True,7830535.74603555,500000.0,1,False
555,5550.0,0.0,13,R2,S4,True,6768677.67382266,500000.0,4,False
555,5550.0,0.0,13,R3,A1,True,3572220.4431656306,500000.0,2,True
555,5550.0,0.0,13,R3,A2,True,7043863.120225582,500000.0,3,False
555,5550.0,0.0,13,R4,A3,True,7830535.74603555,500000.0,1,False
555,5550.0,0.0,13,R4,A4,True,6768677.67382266,500000.0,4,False
556,5560.0,0.0,13,M1,R1,True,7830535.74603555,1000000.0,1,False
556,5560.0,0.0,13,M1,R2,True,3427531.718508604,1000000.0,2,True
556,5560.0,0.0,13,M1,R3,True,6768677.673822663,1000000.0,4,False
556,5560.0,0.0,13,M1,R4,True,7043863.120225582,1000000.0,3,False
556,5560.0,0.0,13,R1,S1,True,3354831.922424365,500000.0,2,True
556,5560.0,0.0,13,R1,S2,True,7043863.120225582,500000.0,3,False
556,5560.0,0.0,13,R2,S3,True,7830535.74603555,500000.0,1,False
556,5560.0,0.0,13,R2,S4,True,6768677.67382266,500000.0,4,False
556,5560.0,0.0,13,R3,A1,True,3569253.3738868334,500000.0,2,True
556,5560.0,0.0,13,R3,A2,True,7043863.120225582,500000.0,3,False
556,5560.0,0.0,13,R4,A3,True,7830535.74603555,500000.0,1,False
556,5560.0,0.0,13,R4,A4,True,6768677.67382266,500000.0,4,False
557,5570.0,0.0,13,M1,R1,True,7830535.74603555,1000000.0,1,False
557,5570.0,0.0,13,M1,R2,True,3424245.660807029,1000000.0,2,True
557,5570.0,0.0,13,M1,R3,True,6768677.673822663,1000000.0,4,False
557,5570.0,0.0,13,M1,R4,True,7043863.120225582,1000000.0,3,False
557,5570.0,0.0,13,R1,S1,True,3351382.2783907373,500000.0,2,True
557,5570.0,0.0,13,R1,S2,True,7043863.120225582,500000.0,3,False
557,5570.0,0.0,13,R2,S3,True,7830535.74603555,500000.0,1,False
557,5570.0,0.0,13,R2,S4,True,6768677.67382266,500000.0,4,False
557,5570.0,0.0,13,R3,A1,True,3566280.171037055,500000.0,2,True
557,5570.0,0.0,13,R3,A2,True,7043863.120225582,500000.0,3,False
557,5570.0,0.0,13,R4,A3,True,7830535.74603555,500000.0,1,False
557,5570.0,0.0,13,R4,A4,True,6768677.67382266,500000.0,4,False
558,5580.0,0.0,13,M1,R1,True,7830535.74603555,1000000.0,1,False
558,5580.0,0.0,13,M1,R2,True,3420952.094007108,1000000.0,2,True
558,5580.0,0.0,13,M1,R3,True,6768677.673822663,1000000.0,4,False
558,5580.0,0.0,13,M1,R4,True,7043863.120225582,1000000.0,3,False
558,5580.0,0.0,13,R1,S1,True,3347924.409656002,500000.0,2,True
558,5580.0,0.0,13,R1,S2,True,7043863.120225582,500000.0,3,False
558,5580.0,0.0,13,R2,S3,True,7830535.74603555,500000.0,1,False
558,5580.0,0.0,13,R2,S4,True,6768677.67382266,500000.0,4,False
558,5580.0,0.0,13,R3,A1,True,3563300.8099044524,500000.0,2,True
558,5580.0,0.0,13,R3,A2,True,7043863.120225582,500000.0,3,False
558,5580.0,0.0,13,R4,A3,True,7830535.74603555,500000.0,1,False
558,5580.0,0.0,13,R4,A4,True,6768677.67382266,500000.0,4,False
559,5590.0,0.0,13,M1,R1,True,7830535.74603555,1000000.0,1,False
559,5590.0,0.0,13,M1,R2,True,3417650.9845423945,1000000.0,2,True
559,5590.0,0.0,13,M1,R3,True,6768677.673822663,1000000.0,4,False
559,5590.0,0.0,13,M1,R4,True,7043863.120225582,1000000.0,3,False
559,5590.0,0.0,13,R1,S1,True,3344458.278027658,500000.0,2,True
559,5590.0,0.0,13,R1,S2,True,7043863.120225582,500000.0,3,False
559,5590.0,0.0,13,R2,S3,True,7830535.74603555,500000.0,1,False
559,5590.0,0.0,13,R2,S4,True,6768677.67382266,500000.0,4,False
559,5590.0,0.0,13,R3,A1,True,3560315.2656288138,500000.0,2,True
559,5590.0,0.0,13,R3,A2,True,7043863.120225582,500000.0,3,False
559,5590.0,0.0,13,R4,A3,True,7830535.74603555,500000.0,1,False
559,5590.0,0.0,13,R4,A4,True,6768677.67382266,500000.0,4,False
560,5600.0,0.0,13,M1,R1,True,7830535.74603555,1000000.0,1,False
560,5600.0,0.0,13,M1,R2,True,3414342.298622795,1000000.0,2,True
560,5600.0,0.0,13,M1,R3,True,6768677.673822663,1000000.0,4,False
560,5600.0,0.0,13,M1,R4,True,7043863.120225582,1000000.0,3,False
560,5600.0,0.0,13,R1,S1,True,3340983.845050672,500000.0,2,True
560,5600.0,0.0,13,R1,S2,True,7043863.120225582,500000.0,3,False
560,5600.0,0.0,13,R2,S3,True,7830535.74603555,500000.0,1,False
560,5600.0,0.0,13,R2,S4,True,6768677.67382266,500000.0,4,False
560,5600.0,0.0,13,R3,A1,True,3557323.5132004037,500000.0,2,True
560,5600.0,0.0,13,R3,A2,True,7043863.120225582,500000.0,3,False
560,5600.0,0.0,13,R4,A3,True,7830535.74603555,500000.0,1,False
560,5600.0,0.0,13,R4,A4,True,6768677.67382266,500000.0,4,False
561,5610.0,0.0,13,M1,R1,True,7830535.74603555,1000000.0,1,False
561,5610.0,0.0,13,M1,R2,True,3411026.0022326466,1000000.0,2,True
561,5610.0,0.0,13,M1,R3,True,6768677.673822663,1000000.0,4,False
561,5610.0,0.0,13,M1,R4,True,7043863.120225582,1000000.0,3,False
561,5610.0,0.0,13,R1,S1,True,3337501.07200509,500000.0,2,True
561,5610.0,0.0,13,R1,S2,True,7043863.120225582,500000.0,3,False
561,5610.0,0.0,13,R2,S3,True,7830535.74603555,500000.0,1,False
561,5610.0,0.0,13,R2,S4,True,6768677.67382266,500000.0,4,False
561,5610.0,0.0,13,R3,A1,True,3554325.527458766,500000.0,2,True
561,5610.0,0.0,13,R3,A2,True,7043863.120225582,500000.0,3,False
561,5610.0,0.0,13,R4,A3,True,7830535.74603555,500000.0,1,False
561,5610.0,0.0,13,R4,A4,True,6768677.67382266,500000.0,4,False
562,5620.0,0.0,13,M1,R1,True,7830535.74603555,1000000.0,1,False
562,5620.0,0.0,13,M1,R2,True,3407702.061128726,1000000.0,2,True
562,5620.0,0.0,13,M1,R3,True,6768677.673822663,1000000.0,4,False
562,5620.0,0.0,13,M1,R4,True,7043863.120225582,1000000.0,3,False
562,5620.0,0.0,13,R1,S1,True,3334009.9199036555,500000.0,2,True
562,5620.0,0.0,13,R1,S2,True,7043863.120225582,500000.0,3,False
562,5620.0,0.0,13,R2,S3,True,7830535.74603555,500000.0,1,False
562,5620.0,0.0,13,R2,S4,True,6768677.67382266,500000.0,4,False
562,5620.0,0.0,13,R3,A1,True,3551321.2830915307,500000.0,2,True
562,5620.0,0.0,13,R3,A2,True,7043863.120225582,500000.0,3,False
562,5620.0,0.0,13,R4,A3,True,7830535.74603555,500000.0,1,False
562,5620.0,0.0,13,R4,A4,True,6768677.67382266,500000.0,4,False
563,5630.0,0.0,13,M1,R1,True,7830535.74603555,1000000.0,1,False
563,5630.0,0.0,13,M1,R2,True,3404370.440838206,1000000.0,2,True
563,5630.0,0.0,13,M1,R3,True,6768677.673822663,1000000.0,4,False
563,5630.0,0.0,13,M1,R4,True,7043863.120225582,1000000.0,3,False
563,5630.0,0.0,13,R1,S1,True,3330510.349489407,500000.0,2,True
563,5630.0,0.0,13,R1,S2,True,7043863.120225582,500000.0,3,False
563,5630.0,0.0,13,R2,S3,True,7830535.74603555,500000.0,1,False
563,5630.0,0.0,13,R2,S4,True,6768677.67382266,500000.0,4,False
563,5630.0,0.0,13,R3,A1,True,3548310.754633204,500000.0,2,True
563,5630.0,0.0,13,R3,A2,True,7043863.120225582,500000.0,3,False
563,5630.0,0.0,13,R4,A3,True,7830535.74603555,500000.0,1,False
563,5630.0,0.0,13,R4,A4,True,6768677.67382266,500000.0,4,False
564,5640.0,0.0,13,M1,R1,True,7830535.74603555,1000000.0,1,False
564,5640.0,0.0,13,M1,R2,True,3401031.106656694,1000000.0,2,True
564,5640.0,0.0,13,M1,R3,True,6768677.673822663,1000000.0,4,False
564,5640.0,0.0,13,M1,R4,True,7043863.120225582,1000000.0,3,False
564,5640.0,0.0,13,R1,S1,True,3327002.3212332395,500000.0,2,True
564,5640.0,0.0,13,R1,S2,True,7043863.120225582,500000.0,3,False
564,5640.0,0.0,13,R2,S3,True,7830535.74603555,500000.0,1,False
564,5640.0,0.0,13,R2,S4,True,6768677.67382266,500000.0,4,False
564,5640.0,0.0,13,R3,A1,True,3545293.9164639683,500000.0,2,True
564,5640.0,0.0,13,R3,A2,True,7043863.120225582,500000.0,3,False
564,5640.0,0.0,13,R4,A3,True,7830535.74603555,500000.0,1,False
564,5640.0,0.0,13,R4,A4,True,6768677.67382266,500000.0,4,False
565,5650.0,0.0,13,M1,R1,True,7830535.74603555,1000000.0,1,False
565,5650.0,0.0,13,M1,R2,True,3397684.023646114,1000000.0,2,True
565,5650.0,0.0,13,M1,R3,True,6768677.673822663,1000000.0,4,False
565,5650.0,0.0,13,M1,R4,True,7043863.120225582,1000000.0,3,False
565,5650.0,0.0,13,R1,S1,True,3323485.79533142,500000.0,2,True
565,5650.0,0.0,13,R1,S2,True,7043863.120225582,500000.0,3,False
565,5650.0,0.0,13,R2,S3,True,7830535.74603555,500000.0,1,False
565,5650.0,0.0,13,R2,S4,True,6768677.67382266,500000.0,4,False
565,5650.0,0.0,13,R3,A1,True,3542270.742808418,500000.0,2,True
565,5650.0,0.0,13,R3,A2,True,7043863.120225582,500000.0,3,False
565,5650.0,0.0,13,R4,A3,True,7830535.74603555,500000.0,1,False
565,5650.0,0.0,13,R4,A4,True,6768677.67382266,500000.0,4,False
566,5660.0,0.0,13,M1,R1,True,7830535.74603555,1000000.0,1,False
566,5660.0,0.0,13,M1,R2,True,3394329.1566326795,1000000.0,2,True
566,5660.0,0.0,13,M1,R3,True,6768677.673822663,1000000.0,4,False
566,5660.0,0.0,13,M1,R4,True,7043863.120225582,1000000.0,3,False
566,5660.0,0.0,13,R1,S1,True,3319960.7317031114,500000.0,2,True
566,5660.0,0.0,13,R1,S2,True,7043863.120225582,500000.0,3,False
566,5660.0,0.0,13,R2,S3,True,7830535.74603555,500000.0,1,False
566,5660.0,0.0,13,R2,S4,True,6768677.67382266,500000.0,4,False
566,5660.0,0.0,13,R3,A1,True,3539241.207734343,500000.0,2,True
566,5660.0,0.0,13,R3,A2,True,7043863.120225582,500000.0,3,False
566,5660.0,0.0,13,R4,A3,True,7830535.74603555,500000.0,1,False
566,5660.0,0.0,13,R4,A4,True,6768677.67382266,500000.0,4,False
567,5670.0,0.0,13,M1,R1,True,7830535.74603555,1000000.0,1,False
567,5670.0,0.0,13,M1,R2,True,3390966.4702047827,1000000.0,2,True
567,5670.0,0.0,13,M1,R3,True,6768677.673822663,1000000.0,4,False
567,5670.0,0.0,13,M1,R4,True,7043863.120225582,1000000.0,3,False
567,5670.0,0.0,13,R1,S1,True,3316427.0899878466,500000.0,2,True
567,5670.0,0.0,13,R1,S2,True,7043863.120225582,500000.0,3,False
567,5670.0,0.0,13,R2,S3,True,7830535.74603555,500000.0,1,False
567,5670.0,0.0,13,R2,S4,True,6768677.67382266,500000.0,4,False
567,5670.0,0.0,13,R3,A1,True,3536205.2851514597,500000.0,2,True
567,5670.0,0.0,13,R3,A2,True,7043863.120225582,500000.0,3,False
567,5670.0,0.0,13,R4,A3,True,7830535.74603555,500000.0,1,False
567,5670.0,0.0,13,R4,A4,True,6768677.67382266,500000.0,4,False
568,5680.0,0.0,13,M1,R1,True,7830535.74603555,1000000.0,1,False
568,5680.0,0.0,13,M1,R2,True,3387595.928710874,1000000.0,2,True
568,5680.0,0.0,13,M1,R3,True,6768677.673822663,1000000.0,4,False
568,5680.0,0.0,13,M1,R4,True,7043863.120225582,1000000.0,3,False
568,5680.0,0.0,13,R1,S1,True,3312884.8295429936,500000.0,2,True
568,5680.0,0.0,13,R1,S2,True,7043863.120225582,500000.0,3,False
568,5680.0,0.0,13,R2,S3,True,7830535.74603555,500000.0,1,False
568,5680.0,0.0,13,R2,S4,True,6768677.67382266,500000.0,4,False
568,5680.0,0.0,13,R3,A1,True,3533162.9488101746,500000.0,2,True
568,5680.0,0.0,13,R3,A2,True,7043863.120225582,500000.0,3,False
568,5680.0,0.0,13,R4,A3,True,7830535.74603555,500000.0,1,False
568,5680.0,0.0,13,R4,A4,True,6768677.67382266,500000.0,4,False
569,5690.0,0.0,13,M1,R1,True,7830535.74603555,1000000.0,1,False
569,5690.0,0.0,13,M1,R2,True,3384217.4962573224,1000000.0,2,True
569,5690.0,0.0,13,M1,R3,True,6768677.673822663,1000000.0,4,False
569,5690.0,0.0,13,M1,R4,True,7043863.120225582,1000000.0,3,False
569,5690.0,0.0,13,R1,S1,True,3309333.9094411493,500000.0,2,True
569,5690.0,0.0,13,R1,S2,True,7043863.120225582,500000.0,3,False
569,5690.0,0.0,13,R2,S3,True,7830535.74603555,500000.0,1,False
569,5690.0,0.0,13,R2,S4,True,6768677.67382266,500000.0,4,False
569,5690.0,0.0,13,R3,A1,True,3530114.172300233,500000.0,2,True
569,5690.0,0.0,13,R3,A2,True,7043863.120225582,500000.0,3,False
569,5690.0,0.0,13,R4,A3,True,7830535.74603555,500000.0,1,False
569,5690.0,0.0,13,R4,A4,True,6768677.67382266,500000.0,4,False
570,5700.0,0.0,13,M1,R1,True,7830535.74603555,1000000.0,1,False
570,5700.0,0.0,13,M1,R2,True,3380831.1367062586,1000000.0,2,True
570,5700.0,0.0,13,M1,R3,True,6768677.673822663,1000000.0,4,False
570,5700.0,0.0,13,M1,R4,True,7043863.120225582,1000000.0,3,False
570,5700.0,0.0,13,R1,S1,True,3305774.288467566,500000.0,2,True
570,5700.0,0.0,13,R1,S2,True,7043863.120225582,500000.0,3,False
570,5700.0,0.0,13,R2,S3,True,7830535.74603555,500000.0,1,False
570,5700.0,0.0,13,R2,S4,True,6768677.67382266,500000.0,4,False
570,5700.0,0.0,13,R3,A1,True,3527058.929049513,500000.0,2,True
570,5700.0,0.0,13,R3,A2,True,7043863.120225582,500000.0,3,False
570,5700.0,0.0,13,R4,A3,True,7830535.74603555,500000.0,1,False
570,5700.0,0.0,13,R4,A4,True,6768677.67382266,500000.0,4,False
571,5710.0,0.0,13,M1,R1,True,7830535.74603555,1000000.0,1,False
571,5710.0,0.0,13,M1,R2,True,3377436.8136733784,1000000.0,2,True
571,5710.0,0.0,13,M1,R3,True,6768677.673822663,1000000.0,4,False
571,5710.0,0.0,13,M1,R4,True,7043863.120225582,1000000.0,3,False
571,5710.0,0.0,13,R1,S1,True,3302205.9251174866,500000.0,2,True
571,5710.0,0.0,13,R1,S2,True,7043863.120225582,500000.0,3,False
571,5710.0,0.0,13,R2,S3,True,7830535.74603555,500000.0,1,False
571,5710.0,0.0,13,R2,S4,True,6768677.67382266,500000.0,4,False
571,5710.0,0.0,13,R3,A1,True,3523997.1923226616,500000.0,2,True
571,5710.0,0.0,13,R3,A2,True,7043863.120225582,500000.0,3,False
571,5710.0,0.0,13,R4,A3,True,7830535.74603555,500000.0,1,False
571,5710.0,0.0,13,R4,A4,True,6768677.67382266,500000.0,4,False
572,5720.0,0.0,13,M1,R1,True,7830535.74603555,1000000.0,1,False
572,5720.0,0.0,13,M1,R2,True,3374034.4905257244,1000000.0,2,True
572,5720.0,0.0,13,M1,R3,True,6768677.673822663,1000000.0,4,False
572,5720.0,0.0,13,M1,R4,True,7043863.120225582,1000000.0,3,False
572,5720.0,0.0,13,R1,S1,True,3298628.777593509,500000.0,2,True
572,5720.0,0.0,13,R1,S2,True,7043863.120225582,500000.0,3,False
572,5720.0,0.0,13,R2,S3,True,7830535.74603555,500000.0,1,False
572,5720.0,0.0,13,R2,S4,True,6768677.67382266,500000.0,4,False
572,5720.0,0.0,13,R3,A1,True,3520928.9352197866,500000.0,2,True
572,5720.0,0.0,13,R3,A2,True,7043863.120225582,500000.0,3,False
572,5720.0,0.0,13,R4,A3,True,7830535.74603555,500000.0,1,False
572,5720.0,0.0,13,R4,A4,True,6768677.67382266,500000.0,4,False
573,5730.0,0.0,13,M1,R1,True,7830535.74603555,1000000.0,1,False
573,5730.0,0.0,13,M1,R2,True,3370624.1303794677,1000000.0,2,True
573,5730.0,0.0,13,M1,R3,True,6768677.673822663,1000000.0,4,False
573,5730.0,0.0,13,M1,R4,True,7043863.120225582,1000000.0,3,False
573,5730.0,0.0,13,R1,S1,True,3295042.8038028744,500000.0,2,True
573,5730.0,0.0,13,R1,S2,True,7043863.120225582,500000.0,3,False
573,5730.0,0.0,13,R2,S3,True,7830535.74603555,500000.0,1,False
573,5730.0,0.0,13,R2,S4,True,6768677.67382266,500000.0,4,False
573,5730.0,0.0,13,R3,A1,True,3517854.1306751436,500000.0,2,True
573,5730.0,0.0,13,R3,A2,True,7043863.120225582,500000.0,3,False
573,5730.0,0.0,13,R4,A3,True,7830535.74603555,500000.0,1,False
573,5730.0,0.0,13,R4,A4,True,6768677.67382266,500000.0,4,False
574,5740.0,0.0,13,M1,R1,True,7830535.74603555,1000000.0,1,False
574,5740.0,0.0,13,M1,R2,True,3367205.6960976296,1000000.0,2,True
574,5740.0,0.0,13,M1,R3,True,6768677.673822663,1000000.0,4,False
574,5740.0,0.0,13,M1,R4,True,7043863.120225582,1000000.0,3,False
574,5740.0,0.0,13,R1,S1,True,3291447.961354754,500000.0,2,True
574,5740.0,0.0,13,R1,S2,True,7043863.120225582,500000.0,3,False
574,5740.0,0.0,13,R2,S3,True,7830535.74603555,500000.0,1,False
574,5740.0,0.0,13,R2,S4,True,6768677.67382266,500000.0,4,False
574,5740.0,0.0,13,R3,A1,True,3514772.7514557717,500000.0,2,True
574,5740.0,0.0,13,R3,A2,True,7043863.120225582,500000.0,3,False
574,5740.0,0.0,13,R4,A3,True,7830535.74603555,500000.0,1,False
574,5740.0,0.0,13,R4,A4,True,6768677.67382266,500000.0,4,False
575,5750.0,0.0,13,M1,R1,True,7830535.74603555,1000000.0,1,False
575,5750.0,0.0,13,M1,R2,True,3363779.1502877846,1000000.0,2,True
575,5750.0,0.0,13,M1,R3,True,6768677.673822663,1000000.0,4,False
575,5750.0,0.0,13,M1,R4,True,7043863.120225582,1000000.0,3,False
575,5750.0,0.0,13,R1,S1,True,3287844.207557475,500000.0,2,True
575,5750.0,0.0,13,R1,S2,True,7043863.120225582,500000.0,3,False
575,5750.0,0.0,13,R2,S3,True,7830535.74603555,500000.0,1,False
575,5750.0,0.0,13,R2,S4,True,6768677.67382266,500000.0,4,False
575,5750.0,0.0,13,R3,A1,True,3511684.770160146,500000.0,2,True
575,5750.0,0.0,13,R3,A2,True,7043863.120225582,500000.0,3,False
575,5750.0,0.0,13,R4,A3,True,7830535.74603555,500000.0,1,False
575,5750.0,0.0,13,R4,A4,True,6768677.67382266,500000.0,4,False
576,5760.0,0.0,13,M1,R1,True,7830535.74603555,1000000.0,1,False
576,5760.0,0.0,13,M1,R2,True,3360344.4552997835,1000000.0,2,True
576,5760.0,0.0,13,M1,R3,True,6768677.673822663,1000000.0,4,False
576,5760.0,0.0,13,M1,R4,True,7043863.120225582,1000000.0,3,False
576,5760.0,0.0,13,R1,S1,True,3284231.499415762,500000.0,2,True
576,5760.0,0.0,13,R1,S2,True,7043863.120225582,500000.0,3,False
576,5760.0,0.0,13,R2,S3,True,7830535.74603555,500000.0,1,False
576,5760.0,0.0,13,R2,S4,True,6768677.67382266,500000.0,4,False
576,5760.0,0.0,13,R3,A1,True,3508590.1592168016,500000.0,2,True
576,5760.0,0.0,13,R3,A2,True,7043863.120225582,500000.0,3,False
576,5760.0,0.0,13,R4,A3,True,7830535.74603555,500000.0,1,False
576,5760.0,0.0,13,R4,A4,True,6768677.67382266,500000.0,4,False
577,5770.0,0.0,13,M1,R1,True,7830535.74603555,1000000.0,1,False
577,5770.0,0.0,13,M1,R2,True,3356901.5732233813,1000000.0,2,True
577,5770.0,0.0,13,M1,R3,True,6768677.673822663,1000000.0,4,False
577,5770.0,0.0,13,M1,R4,True,7043863.120225582,1000000.0,3,False
577,5770.0,0.0,13,R1,S1,True,3280609.7936279066,500000.0,2,True
577,5770.0,0.0,13,R1,S2,True,7043863.120225582,500000.0,3,False
577,5770.0,0.0,13,R2,S3,True,7830535.74603555,500000.0,1,False
577,5770.0,0.0,13,R2,S4,True,6768677.67382266,500000.0,4,False
577,5770.0,0.0,13,R3,A1,True,3505488.890882949,500000.0,2,True
577,5770.0,0.0,13,R3,A2,True,7043863.120225582,500000.0,3,False
577,5770.0,0.0,13,R4,A3,True,7830535.74603555,500000.0,1,False
577,5770.0,0.0,13,R4,A4,True,6768677.67382266,500000.0,4,False
578,5780.0,0.0,13,M1,R1,True,7830535.74603555,1000000.0,1,False
578,5780.0,0.0,13,M1,R2,True,3353450.4658858855,1000000.0,2,True
578,5780.0,0.0,13,M1,R3,True,6768677.673822663,1000000.0,4,False
578,5780.0,0.0,13,M1,R4,True,7043863.120225582,1000000.0,3,False
578,5780.0,0.0,13,R1,S1,True,3276979.0465829046,500000.0,2,True
578,5780.0,0.0,13,R1,S2,True,7043863.120225582,500000.0,3,False
578,5780.0,0.0,13,R2,S3,True,7830535.74603555,500000.0,1,False
578,5780.0,0.0,13,R2,S4,True,6768677.67382266,500000.0,4,False
578,5780.0,0.0,13,R3,A1,True,3502380.937243076,500000.0,2,True
578,5780.0,0.0,13,R3,A2,True,7043863.120225582,500000.0,3,False
578,5780.0,0.0,13,R4,A3,True,7830535.74603555,500000.0,1,False
578,5780.0,0.0,13,R4,A4,True,6768677.67382266,500000.0,4,False
579,5790.0,0.0,13,M1,R1,True,7830535.74603555,1000000.0,1,False
579,5790.0,0.0,13,M1,R2,True,3349991.0948497704,1000000.0,2,True
579,5790.0,0.0,13,M1,R3,True,6768677.673822663,1000000.0,4,False
579,5790.0,0.0,13,M1,R4,True,7043863.120225582,1000000.0,3,False
579,5790.0,0.0,13,R1,S1,True,3273339.2143576164,500000.0,2,True
579,5790.0,0.0,13,R1,S2,True,7043863.120225582,500000.0,3,False
579,5790.0,0.0,13,R2,S3,True,7830535.74603555,500000.0,1,False
579,5790.0,0.0,13,R2,S4,True,6768677.67382266,500000.0,4,False
579,5790.0,0.0,13,R3,A1,True,3499266.2702075257,500000.0,2,True
579,5790.0,0.0,13,R3,A2,True,7043863.120225582,500000.0,3,False
579,5790.0,0.0,13,R4,A3,True,7830535.74603555,500000.0,1,False
579,5790.0,0.0,13,R4,A4,True,6768677.67382266,500000.0,4,False
580,5800.0,0.0,13,M1,R1,True,7830535.74603555,1000000.0,1,False
580,5800.0,0.0,13,M1,R2,True,3346523.4214102365,1000000.0,2,True
580,5800.0,0.0,13,M1,R3,True,6768677.673822663,1000000.0,4,False
580,5800.0,0.0,13,M1,R4,True,7043863.120225582,1000000.0,3,False
580,5800.0,0.0,13,R1,S1,True,3269690.2527137976,500000.0,2,True
580,5800.0,0.0,13,R1,S2,True,7043863.120225582,500000.0,3,False
580,5800.0,0.0,13,R2,S3,True,7830535.74603555,500000.0,1,False
580,5800.0,0.0,13,R2,S4,True,6768677.67382266,500000.0,4,False
580,5800.0,0.0,13,R3,A1,True,3496144.8615110805,500000.0,2,True
580,5800.0,0.0,13,R3,A2,True,7043863.120225582,500000.0,3,False
580,5800.0,0.0,13,R4,A3,True,7830535.74603555,500000.0,1,False
580,5800.0,0.0,13,R4,A4,True,6768677.67382266,500000.0,4,False
581,5810.0,0.0,13,M1,R1,True,7830535.74603555,1000000.0,1,False
581,5810.0,0.0,13,M1,R2,True,3343047.4065928087,1000000.0,2,True
581,5810.0,0.0,13,M1,R3,True,6768677.673822663,1000000.0,4,False
581,5810.0,0.0,13,M1,R4,True,7043863.120225582,1000000.0,3,False
581,5810.0,0.0,13,R1,S1,True,3266032.1170952,500000.0,2,True
581,5810.0,0.0,13,R1,S2,True,7043863.120225582,500000.0,3,False
581,5810.0,0.0,13,R2,S3,True,7830535.74603555,500000.0,1,False
581,5810.0,0.0,13,R2,S4,True,6768677.67382266,500000.0,4,False
581,5810.0,0.0,13,R3,A1,True,3493016.682711518,500000.0,2,True
581,5810.0,0.0,13,R3,A2,True,7043863.120225582,500000.0,3,False
581,5810.0,0.0,13,R4,A3,True,7830535.74603555,500000.0,1,False
581,5810.0,0.0,13,R4,A4,True,6768677.67382266,500000.0,4,False
582,5820.0,0.0,13,M1,R1,True,7830535.74603555,1000000.0,1,False
582,5820.0,0.0,13,M1,R2,True,3339563.011150801,1000000.0,2,True
582,5820.0,0.0,13,M1,R3,True,6768677.673822663,1000000.0,4,False
582,5820.0,0.0,13,M1,R4,True,7043863.120225582,1000000.0,3,False
582,5820.0,0.0,13,R1,S1,True,3262364.762624565,500000.0,2,True
582,5820.0,0.0,13,R1,S2,True,7043863.120225582,500000.0,3,False
582,5820.0,0.0,13,R2,S3,True,7830535.74603555,500000.0,1,False
582,5820.0,0.0,13,R2,S4,True,6768677.67382266,500000.0,4,False
582,5820.0,0.0,13,R3,A1,True,3489881.705188144,500000.0,2,True
582,5820.0,0.0,13,R3,A2,True,7043863.120225582,500000.0,3,False
582,5820.0,0.0,13,R4,A3,True,7830535.74603555,500000.0,1,False
582,5820.0,0.0,13,R4,A4,True,6768677.67382266,500000.0,4,False
583,5830.0,0.0,13,M1,R1,True,7830535.74603555,1000000.0,1,False
583,5830.0,0.0,13,M1,R2,True,3336070.1955628837,1000000.0,2,True
583,5830.0,0.0,13,M1,R3,True,6768677.673822663,1000000.0,4,False
583,5830.0,0.0,13,M1,R4,True,7043863.120225582,1000000.0,3,False
583,5830.0,0.0,13,R1,S1,True,3258688.144100624,500000.0,2,True
583,5830.0,0.0,13,R1,S2,True,7043863.120225582,500000.0,3,False
583,5830.0,0.0,13,R2,S3,True,7830535.74603555,500000.0,1,False
583,5830.0,0.0,13,R2,S4,True,6768677.67382266,500000.0,4,False
583,5830.0,0.0,13,R3,A1,True,3486739.900140337,500000.0,2,True
583,5830.0,0.0,13,R3,A2,True,7043863.120225582,500000.0,3,False
583,5830.0,0.0,13,R4,A3,True,7830535.74603555,500000.0,1,False
583,5830.0,0.0,13,R4,A4,True,6768677.67382266,500000.0,4,False
584,5840.0,0.0,13,M1,R1,True,7830535.74603555,1000000.0,1,False
584,5840.0,0.0,13,M1,R2,True,3332568.9200305073,1000000.0,2,True
584,5840.0,0.0,13,M1,R3,True,6768677.673822663,1000000.0,4,False
584,5840.0,0.0,13,M1,R4,True,7043863.120225582,1000000.0,3,False
584,5840.0,0.0,13,R1,S1,True,3255002.2159950305,500000.0,2,True
584,5840.0,0.0,13,R1,S2,True,7043863.120225582,500000.0,3,False
584,5840.0,0.0,13,R2,S3,True,7830535.74603555,500000.0,1,False
584,5840.0,0.0,13,R2,S4,True,6768677.67382266,500000.0,4,False
584,5840.0,0.0,13,R3,A1,True,3483591.2385860407,500000.0,2,True
584,5840.0,0.0,13,R3,A2,True,7043863.120225582,500000.0,3,False
584,5840.0,0.0,13,R4,A3,True,7830535.74603555,500000.0,1,False
584,5840.0,0.0,13,R4,A4,True,6768677.67382266,500000.0,4,False
585,5850.0,0.0,13,M1,R1,True,7830535.74603555,1000000.0,1,False
585,5850.0,0.0,13,M1,R2,True,3329059.144475368,1000000.0,2,True
585,5850.0,0.0,13,M1,R3,True,6768677.673822663,1000000.0,4,False
585,5850.0,0.0,13,M1,R4,True,7043863.120225582,1000000.0,3,False
585,5850.0,0.0,13,R1,S1,True,3251306.932449309,500000.0,2,True
585,5850.0,0.0,13,R1,S2,True,7043863.120225582,500000.0,3,False
585,5850.0,0.0,13,R2,S3,True,7830535.74603555,500000.0,1,False
585,5850.0,0.0,13,R2,S4,True,6768677.67382266,500000.0,4,False
585,5850.0,0.0,13,R3,A1,True,3480435.691360285,500000.0,2,True
585,5850.0,0.0,13,R3,A2,True,7043863.120225582,500000.0,3,False
585,5850.0,0.0,13,R4,A3,True,7830535.74603555,500000.0,1,False
585,5850.0,0.0,13,R4,A4,True,6768677.67382266,500000.0,4,False
586,5860.0,0.0,13,M1,R1,True,7830535.74603555,1000000.0,1,False
586,5860.0,0.0,13,M1,R2,True,3325540.8285367987,1000000.0,2,True
586,5860.0,0.0,13,M1,R3,True,6768677.673822663,1000000.0,4,False
586,5860.0,0.0,13,M1,R4,True,7043863.120225582,1000000.0,3,False
586,5860.0,0.0,13,R1,S1,True,3247602.247271705,500000.0,2,True
586,5860.0,0.0,13,R1,S2,True,7043863.120225582,500000.0,3,False
586,5860.0,0.0,13,R2,S3,True,7830535.74603555,500000.0,1,False
586,5860.0,0.0,13,R2,S4,True,6768677.67382266,500000.0,4,False
586,5860.0,0.0,13,R3,A1,True,3477273.2291136575,500000.0,2,True
586,5860.0,0.0,13,R3,A2,True,7043863.120225582,500000.0,3,False
586,5860.0,0.0,13,R4,A3,True,7830535.74603555,500000.0,1,False
586,5860.0,0.0,13,R4,A4,True,6768677.67382266,500000.0,4,False
587,5870.0,0.0,13,M1,R1,True,7830535.74603555,1000000.0,1,False
587,5870.0,0.0,13,M1,R2,True,3322013.9315691893,1000000.0,2,True
587,5870.0,0.0,13,M1,R3,True,6768677.673822663,1000000.0,4,False
587,5870.0,0.0,13,M1,R4,True,7043863.120225582,1000000.0,3,False
587,5870.0,0.0,13,R1,S1,True,3243888.113934038,500000.0,2,True
587,5870.0,0.0,13,R1,S2,True,7043863.120225582,500000.0,3,False
587,5870.0,0.0,13,R2,S3,True,7830535.74603555,500000.0,1,False
587,5870.0,0.0,13,R2,S4,True,6768677.67382266,500000.0,4,False
587,5870.0,0.0,13,R3,A1,True,3474103.822310771,500000.0,2,True
587,5870.0,0.0,13,R3,A2,True,7043863.120225582,500000.0,3,False
587,5870.0,0.0,13,R4,A3,True,7830535.74603555,500000.0,1,False
587,5870.0,0.0,13,R4,A4,True,6768677.67382266,500000.0,4,False
588,5880.0,0.0,13,M1,R1,True,7830535.74603555,1000000.0,1,False
588,5880.0,0.0,13,M1,R2,True,3318478.4126393,1000000.0,2,True
588,5880.0,0.0,13,M1,R3,True,6768677.673822663,1000000.0,4,False
588,5880.0,0.0,13,M1,R4,True,7043863.120225582,1000000.0,3,False
588,5880.0,0.0,13,R1,S1,True,3240164.485568531,500000.0,2,True
588,5880.0,0.0,13,R1,S2,True,7043863.120225582,500000.0,3,False
588,5880.0,0.0,13,R2,S3,True,7830535.74603555,500000.0,1,False
588,5880.0,0.0,13,R2,S4,True,6768677.67382266,500000.0,4,False
588,5880.0,0.0,13,R3,A1,True,3470927.4412287246,500000.0,2,True
588,5880.0,0.0,13,R3,A2,True,7043863.120225582,500000.0,3,False
588,5880.0,0.0,13,R4,A3,True,7830535.74603555,500000.0,1,False
588,5880.0,0.0,13,R4,A4,True,6768677.67382266,500000.0,4,False
589,5890.0,0.0,13,M1,R1,True,7830535.74603555,1000000.0,1,False
589,5890.0,0.0,13,M1,R2,True,3314934.2305236203,1000000.0,2,True
589,5890.0,0.0,13,M1,R3,True,6768677.673822663,1000000.0,4,False
589,5890.0,0.0,13,M1,R4,True,7043863.120225582,1000000.0,3,False
589,5890.0,0.0,13,R1,S1,True,3236431.314964555,500000.0,2,True
589,5890.0,0.0,13,R1,S2,True,7043863.120225582,500000.0,3,False
589,5890.0,0.0,13,R2,S3,True,7830535.74603555,500000.0,1,False
589,5890.0,0.0,13,R2,S4,True,6768677.67382266,500000.0,4,False
589,5890.0,0.0,13,R3,A1,True,3467744.0559555185,500000.0,2,True
589,5890.0,0.0,13,R3,A2,True,7043863.120225582,500000.0,3,False
589,5890.0,0.0,13,R4,A3,True,7830535.74603555,500000.0,1,False
589,5890.0,0.0,13,R4,A4,True,6768677.67382266,500000.0,4,False
590,5900.0,0.0,13,M1,R1,True,7830535.74603555,1000000.0,1,False
590,5900.0,0.0,13,M1,R2,True,3311381.343705646,1000000.0,2,True
590,5900.0,0.0,13,M1,R3,True,6768677.673822663,1000000.0,4,False
590,5900.0,0.0,13,M1,R4,True,7043863.120225582,1000000.0,3,False
590,5900.0,0.0,13,R1,S1,True,3232688.554565378,500000.0,2,True
590,5900.0,0.0,13,R1,S2,True,7043863.120225582,500000.0,3,False
590,5900.0,0.0,13,R2,S3,True,7830535.74603555,500000.0,1,False
590,5900.0,0.0,13,R2,S4,True,6768677.67382266,500000.0,4,False
590,5900.0,0.0,13,R3,A1,True,3464553.6363885123,500000.0,2,True
590,5900.0,0.0,13,R3,A2,True,7043863.120225582,500000.0,3,False
590,5900.0,0.0,13,R4,A3,True,7830535.74603555,500000.0,1,False
590,5900.0,0.0,13,R4,A4,True,6768677.67382266,500000.0,4,False
591,5910.0,0.0,13,M1,R1,True,7830535.74603555,1000000.0,1,False
591,5910.0,0.0,13,M1,R2,True,3307819.71037313,1000000.0,2,True
591,5910.0,0.0,13,M1,R3,True,6768677.673822663,1000000.0,4,False
591,5910.0,0.0,13,M1,R4,True,7043863.120225582,1000000.0,3,False
591,5910.0,0.0,13,R1,S1,True,3228936.1564648724,500000.0,2,True
591,5910.0,0.0,13,R1,S2,True,7043863.120225582,500000.0,3,False
591,5910.0,0.0,13,R2,S3,True,7830535.74603555,500000.0,1,False
591,5910.0,0.0,13,R2,S4,True,6768677.67382266,500000.0,4,False
591,5910.0,0.0,13,R3,A1,True,3461356.1522327783,500000.0,2,True
591,5910.0,0.0,13,R3,A2,True,7043863.120225582,500000.0,3,False
591,5910.0,0.0,13,R4,A3,True,7830535.74603555,500000.0,1,False
591,5910.0,0.0,13,R4,A4,True,6768677.67382266,500000.0,4,False
592,5920.0,0.0,13,M1,R1,True,7830535.74603555,1000000.0,1,False
592,5920.0,0.0,13,M1,R2,True,3304249.2884153416,1000000.0,2,True
592,5920.0,0.0,13,M1,R3,True,6768677.673822663,1000000.0,4,False
592,5920.0,0.0,13,M1,R4,True,7043863.120225582,1000000.0,3,False
592,5920.0,0.0,13,R1,S1,True,3225174.072404159,500000.0,2,True
592,5920.0,0.0,13,R1,S2,True,7043863.120225582,500000.0,3,False
592,5920.0,0.0,13,R2,S3,True,7830535.74603555,500000.0,1,False
592,5920.0,0.0,13,R2,S4,True,6768677.67382266,500000.0,4,False
592,5920.0,0.0,13,R3,A1,True,3458151.57299954,500000.0,2,True
592,5920.0,0.0,13,R3,A2,True,7043863.120225582,500000.0,3,False
592,5920.0,0.0,13,R4,A3,True,7830535.74603555,500000.0,1,False
592,5920.0,0.0,13,R4,A4,True,6768677.67382266,500000.0,4,False
593,5930.0,0.0,13,M1,R1,True,7830535.74603555,1000000.0,1,False
593,5930.0,0.0,13,M1,R2,True,3300670.0354202488,1000000.0,2,True
593,5930.0,0.0,13,M1,R3,True,6768677.673822663,1000000.0,4,False
593,5930.0,0.0,13,M1,R4,True,7043863.120225582,1000000.0,3,False
593,5930.0,0.0,13,R1,S1,True,3221402.253768225,500000.0,2,True
593,5930.0,0.0,13,R1,S2,True,7043863.120225582,500000.0,3,False
593,5930.0,0.0,13,R2,S3,True,7830535.74603555,500000.0,1,False
593,5930.0,0.0,13,R2,S4,True,6768677.67382266,500000.0,4,False
593,5930.0,0.0,13,R3,A1,True,3454939.8680045065,500000.0,2,True
593,5930.0,0.0,13,R3,A2,True,7043863.120225582,500000.0,3,False
593,5930.0,0.0,13,R4,A3,True,7830535.74603555,500000.0,1,False
593,5930.0,0.0,13,R4,A4,True,6768677.67382266,500000.0,4,False
594,5940.0,0.0,13,M1,R1,True,7830535.74603555,1000000.0,1,False
594,5940.0,0.0,13,M1,R2,True,3297081.908671678,1000000.0,2,True
594,5940.0,0.0,13,M1,R3,True,6768677.673822663,1000000.0,4,False
594,5940.0,0.0,13,M1,R4,True,7043863.120225582,1000000.0,3,False
594,5940.0,0.0,13,R1,S1,True,3217620.651582534,500000.0,2,True
594,5940.0,0.0,13,R1,S2,True,7043863.120225582,500000.0,3,False
594,5940.0,0.0,13,R2,S3,True,7830535.74603555,500000.0,1,False
594,5940.0,0.0,13,R2,S4,True,6768677.67382266,500000.0,4,False
594,5940.0,0.0,13,R3,A1,True,3451721.006366254,500000.0,2,True
594,5940.0,0.0,13,R3,A2,True,7043863.120225582,500000.0,3,False
594,5940.0,0.0,13,R4,A3,True,7830535.74603555,500000.0,1,False
594,5940.0,0.0,13,R4,A4,True,6768677.67382266,500000.0,4,False
595,5950.0,0.0,13,M1,R1,True,7830535.74603555,1000000.0,1,False
595,5950.0,0.0,13,M1,R2,True,3293484.8651464665,1000000.0,2,True
595,5950.0,0.0,13,M1,R3,True,6768677.673822663,1000000.0,4,False
595,5950.0,0.0,13,M1,R4,True,7043863.120225582,1000000.0,3,False
595,5950.0,0.0,13,R1,S1,True,3213829.216509529,500000.0,2,True
595,5950.0,0.0,13,R1,S2,True,7043863.120225582,500000.0,3,False
595,5950.0,0.0,13,R2,S3,True,7830535.74603555,500000.0,1,False
595,5950.0,0.0,13,R2,S4,True,6768677.67382266,500000.0,4,False
595,5950.0,0.0,13,R3,A1,True,3448494.9570045318,500000.0,2,True
595,5950.0,0.0,13,R3,A2,True,7043863.120225582,500000.0,3,False
595,5950.0,0.0,13,R4,A3,True,7830535.74603555,500000.0,1,False
595,5950.0,0.0,13,R4,A4,True,6768677.67382266,500000.0,4,False
596,5960.0,0.0,13,M1,R1,True,7830535.74603555,1000000.0,1,False
596,5960.0,0.0,13,M1,R2,True,3289878.861511546,1000000.0,2,True
596,5960.0,0.0,13,M1,R3,True,6768677.673822663,1000000.0,4,False
596,5960.0,0.0,13,M1,R4,True,7043863.120225582,1000000.0,3,False
596,5960.0,0.0,13,R1,S1,True,3210027.8988451604,500000.0,2,True
596,5960.0,0.0,13,R1,S2,True,7043863.120225582,500000.0,3,False
596,5960.0,0.0,13,R2,S3,True,7830535.74603555,500000.0,1,False
596,5960.0,0.0,13,R2,S4,True,6768677.67382266,500000.0,4,False
596,5960.0,0.0,13,R3,A1,True,3445261.6886386364,500000.0,2,True
596,5960.0,0.0,13,R3,A2,True,7043863.120225582,500000.0,3,False
596,5960.0,0.0,13,R4,A3,True,7830535.74603555,500000.0,1,False
596,5960.0,0.0,13,R4,A4,True,6768677.67382266,500000.0,4,False
597,5970.0,0.0,13,M1,R1,True,7830535.74603555,1000000.0,1,False
597,5970.0,0.0,13,M1,R2,True,3286263.8541210312,1000000.0,2,True
597,5970.0,0.0,13,M1,R3,True,6768677.673822663,1000000.0,4,False
597,5970.0,0.0,13,M1,R4,True,7043863.120225582,1000000.0,3,False
597,5970.0,0.0,13,R1,S1,True,3206216.6485153344,500000.0,2,True
597,5970.0,0.0,13,R1,S2,True,7043863.120225582,500000.0,3,False
597,5970.0,0.0,13,R2,S3,True,7830535.74603555,500000.0,1,False
597,5970.0,0.0,13,R2,S4,True,6768677.67382266,500000.0,4,False
597,5970.0,0.0,13,R3,A1,True,3442021.169785621,500000.0,2,True
597,5970.0,0.0,13,R3,A2,True,7043863.120225582,500000.0,3,False
597,5970.0,0.0,13,R4,A3,True,7830535.74603555,500000.0,1,False
597,5970.0,0.0,13,R4,A4,True,6768677.67382266,500000.0,4,False
598,5980.0,0.0,13,M1,R1,True,7830535.74603555,1000000.0,1,False
598,5980.0,0.0,13,M1,R2,True,3282639.7990132337,1000000.0,2,True
598,5980.0,0.0,13,M1,R3,True,6768677.673822663,1000000.0,4,False
598,5980.0,0.0,13,M1,R4,True,7043863.120225582,1000000.0,3,False
598,5980.0,0.0,13,R1,S1,True,3202395.415072352,500000.0,2,True
598,5980.0,0.0,13,R1,S2,True,7043863.120225582,500000.0,3,False
598,5980.0,0.0,13,R2,S3,True,7830535.74603555,500000.0,1,False
598,5980.0,0.0,13,R2,S4,True,6768677.67382266,500000.0,4,False
598,5980.0,0.0,13,R3,A1,True,3438773.368758699,500000.0,2,True
598,5980.0,0.0,13,R3,A2,True,7043863.120225582,500000.0,3,False
598,5980.0,0.0,13,R4,A3,True,7830535.74603555,500000.0,1,False
598,5980.0,0.0,13,R4,A4,True,6768677.67382266,500000.0,4,False
599,5990.0,0.0,13,M1,R1,True,7830535.74603555,1000000.0,1,False
599,5990.0,0.0,13,M1,R2,True,3279006.651907664,1000000.0,2,True
599,5990.0,0.0,13,M1,R3,True,6768677.673822663,1000000.0,4,False
599,5990.0,0.0,13,M1,R4,True,7043863.120225582,1000000.0,3,False
599,5990.0,0.0,13,R1,S1,True,3198564.147691254,500000.0,2,True
599,5990.0,0.0,13,R1,S2,True,7043863.120225582,500000.0,3,False
599,5990.0,0.0,13,R2,S3,True,7830535.74603555,500000.0,1,False
599,5990.0,0.0,13,R2,S4,True,6768677.67382266,500000.0,4,False
599,5990.0,0.0,13,R3,A1,True,3435518.2536654132,500000.0,2,True
599,5990.0,0.0,13,R3,A2,True,7043863.120225582,500000.0,3,False
599,5990.0,0.0,13,R4,A3,True,7830535.74603555,500000.0,1,False
599,5990.0,0.0,13,R4,A4,True,6768677.67382266,500000.0,4,False
600,6000.0,0.0,13,M1,R1,True,7830535.74603555,1000000.0,1,False
600,6000.0,0.0,13,M1,R2,True,3275364.3682020055,1000000.0,2,True
600,6000.0,0.0,13,M1,R3,True,6768677.673822663,1000000.0,4,False
600,6000.0,0.0,13,M1,R4,True,7043863.120225582,1000000.0,3,False
600,6000.0,0.0,13,R1,S1,True,3194722.7951661893,500000.0,2,True
600,6000.0,0.0,13,R1,S2,True,7043863.120225582,500000.0,3,False
600,6000.0,0.0,13,R2,S3,True,7830535.74603555,500000.0,1,False
600,6000.0,0.0,13,R2,S4,True,6768677.67382266,500000.0,4,False
600,6000.0,0.0,13,R3,A1,True,3432255.792405933,500000.0,2,True
600,6000.0,0.0,13,R3,A2,True,7043863.120225582,500000.0,3,False
600,6000.0,0.0,13,R4,A3,True,7830535.74603555,500000.0,1,False
600,6000.0,0.0,13,R4,A4,True,6768677.67382266,500000.0,4,False
601,6010.0,0.0,13,M1,R1,True,7830535.74603555,1000000.0,1,False
601,6010.0,0.0,13,M1,R2,True,3271712.9029690214,1000000.0,2,True
601,6010.0,0.0,13,M1,R3,True,6768677.673822663,1000000.0,4,False
601,6010.0,0.0,13,M1,R4,True,7043863.120225582,1000000.0,3,False
601,6010.0,0.0,13,R1,S1,True,3190871.305906676,500000.0,2,True
601,6010.0,0.0,13,R1,S2,True,7043863.120225582,500000.0,3,False
601,6010.0,0.0,13,R2,S3,True,7830535.74603555,500000.0,1,False
601,6010.0,0.0,13,R2,S4,True,6768677.67382266,500000.0,4,False
601,6010.0,0.0,13,R3,A1,True,3428985.9526712843,500000.0,2,True
601,6010.0,0.0,13,R3,A2,True,7043863.120225582,500000.0,3,False
601,6010.0,0.0,13,R4,A3,True,7830535.74603555,500000.0,1,False
601,6010.0,0.0,13,R4,A4,True,6768677.67382266,500000.0,4,False
602,6020.0,0.0,13,M1,R1,True,7830535.74603555,1000000.0,1,False
602,6020.0,0.0,13,M1,R2,True,3268052.2109534815,1000000.0,2,True
602,6020.0,0.0,13,M1,R3,True,6768677.673822663,1000000.0,4,False
602,6020.0,0.0,13,M1,R4,True,7043863.120225582,1000000.0,3,False
602,6020.0,0.0,13,R1,S1,True,3187009.6279338817,500000.0,2,True
602,6020.0,0.0,13,R1,S2,True,7043863.120225582,500000.0,3,False
602,6020.0,0.0,13,R2,S3,True,7830535.74603555,500000.0,1,False
602,6020.0,0.0,13,R2,S4,True,6768677.67382266,500000.0,4,False
602,6020.0,0.0,13,R3,A1,True,3425708.7019415363,500000.0,2,True
602,6020.0,0.0,13,R3,A2,True,7043863.120225582,500000.0,3,False
602,6020.0,0.0,13,R4,A3,True,7830535.74603555,500000.0,1,False
602,6020.0,0.0,13,R4,A4,True,6768677.67382266,500000.0,4,False
603,6030.0,0.0,13,M1,R1,True,7830535.74603555,1000000.0,1,False
603,6030.0,0.0,13,M1,R2,True,3264382.2465689913,1000000.0,2,True
603,6030.0,0.0,13,M1,R3,True,6768677.673822663,1000000.0,4,False
603,6030.0,0.0,13,M1,R4,True,7043863.120225582,1000000.0,3,False
603,6030.0,0.0,13,R1,S1,True,3183137.7088768003,500000.0,2,True
603,6030.0,0.0,13,R1,S2,True,7043863.120225582,500000.0,3,False
603,6030.0,0.0,13,R2,S3,True,7830535.74603555,500000.0,1,False
603,6030.0,0.0,13,R2,S4,True,6768677.67382266,500000.0,4,False
603,6030.0,0.0,13,R3,A1,True,3422424.0074840216,500000.0,2,True
603,6030.0,0.0,13,R3,A2,True,7043863.120225582,500000.0,3,False
603,6030.0,0.0,13,R4,A3,True,7830535.74603555,500000.0,1,False
603,6030.0,0.0,13,R4,A4,True,6768677.67382266,500000.0,4,False
604,6040.0,0.0,13,M1,R1,True,7830535.74603555,1000000.0,1,False
604,6040.0,0.0,13,M1,R2,True,3260702.9638948045,1000000.0,2,True
604,6040.0,0.0,13,M1,R3,True,6768677.673822663,1000000.0,4,False
604,6040.0,0.0,13,M1,R4,True,7043863.120225582,1000000.0,3,False
604,6040.0,0.0,13,R1,S1,True,3179255.495968416,500000.0,2,True
604,6040.0,0.0,13,R1,S2,True,7043863.120225582,500000.0,3,False
604,6040.0,0.0,13,R2,S3,True,7830535.74603555,500000.0,1,False
604,6040.0,0.0,13,R2,S4,True,6768677.67382266,500000.0,4,False
604,6040.0,0.0,13,R3,A1,True,3419131.836351511,500000.0,2,True
604,6040.0,0.0,13,R3,A2,True,7043863.120225582,500000.0,3,False
604,6040.0,0.0,13,R4,A3,True,7830535.74603555,500000.0,1,False
604,6040.0,0.0,13,R4,A4,True,6768677.67382266,500000.0,4,False
605,6050.0,0.0,13,M1,R1,True,7830535.74603555,1000000.0,1,False
605,6050.0,0.0,13,M1,R2,True,3257014.3166726297,1000000.0,2,True
605,6050.0,0.0,13,M1,R3,True,6768677.673822663,1000000.0,4,False
605,6050.0,0.0,13,M1,R4,True,7043863.120225582,1000000.0,3,False
605,6050.0,0.0,13,R1,S1,True,3175362.936041847,500000.0,2,True
605,6050.0,0.0,13,R1,S2,True,7043863.120225582,500000.0,3,False
605,6050.0,0.0,13,R2,S3,True,7830535.74603555,500000.0,1,False
605,6050.0,0.0,13,R2,S4,True,6768677.67382266,500000.0,4,False
605,6050.0,0.0,13,R3,A1,True,3415832.155380341,500000.0,2,True
605,6050.0,0.0,13,R3,A2,True,7043863.120225582,500000.0,3,False
605,6050.0,0.0,13,R4,A3,True,7830535.74603555,500000.0,1,False
605,6050.0,0.0,13,R4,A4,True,6768677.67382266,500000.0,4,False
606,6060.0,0.0,13,M1,R1,True,7830535.74603555,1000000.0,1,False
606,6060.0,0.0,13,M1,R2,True,3253316.2583033685,1000000.0,2,True
606,6060.0,0.0,13,M1,R3,True,6768677.673822663,1000000.0,4,False
606,6060.0,0.0,13,M1,R4,True,7043863.120225582,1000000.0,3,False
606,6060.0,0.0,13,R1,S1,True,3171459.9755263734,500000.0,2,True
606,6060.0,0.0,13,R1,S2,True,7043863.120225582,500000.0,3,False
606,6060.0,0.0,13,R2,S3,True,7830535.74603555,500000.0,1,False
606,6060.0,0.0,13,R2,S4,True,6768677.67382266,500000.0,4,False
606,6060.0,0.0,13,R3,A1,True,3412524.931188574,500000.0,2,True
606,6060.0,0.0,13,R3,A2,True,7043863.120225582,500000.0,3,False
606,6060.0,0.0,13,R4,A3,True,7830535.74603555,500000.0,1,False
606,6060.0,0.0,13,R4,A4,True,6768677.67382266,500000.0,4,False
607,6070.0,0.0,13,M1,R1,True,7830535.74603555,1000000.0,1,False
607,6070.0,0.0,13,M1,R2,True,3249608.741843787,1000000.0,2,True
607,6070.0,0.0,13,M1,R3,True,6768677.673822663,1000000.0,4,False
607,6070.0,0.0,13,M1,R4,True,7043863.120225582,1000000.0,3,False
607,6070.0,0.0,13,R1,S1,True,3167546.560443465,500000.0,2,True
607,6070.0,0.0,13,R1,S2,True,7043863.120225582,500000.0,3,False
607,6070.0,0.0,13,R2,S3,True,7830535.74603555,500000.0,1,False
607,6070.0,0.0,13,R2,S4,True,6768677.67382266,500000.0,4,False
607,6070.0,0.0,13,R3,A1,True,3409210.1301741204,500000.0,2,True
607,6070.0,0.0,13,R3,A2,True,7043863.120225582,500000.0,3,False
607,6070.0,0.0,13,R4,A3,True,7830535.74603555,500000.0,1,False
607,6070.0,0.0,13,R4,A4,True,6768677.67382266,500000.0,4,False
608,6080.0,0.0,13,M1,R1,True,7830535.74603555,1000000.0,1,False
608,6080.0,0.0,13,M1,R2,True,3245891.720003228,1000000.0,2,True
608,6080.0,0.0,13,M1,R3,True,6768677.673822663,1000000.0,4,False
608,6080.0,0.0,13,M1,R4,True,7043863.120225582,1000000.0,3,False
608,6080.0,0.0,13,R1,S1,True,3163622.636402791,500000.0,2,True
608,6080.0,0.0,13,R1,S2,True,7043863.120225582,500000.0,3,False
608,6080.0,0.0,13,R2,S3,True,7830535.74603555,500000.0,1,False
608,6080.0,0.0,13,R2,S4,True,6768677.67382266,500000.0,4,False
608,6080.0,0.0,13,R3,A1,True,3405887.718512812,500000.0,2,True
608,6080.0,0.0,13,R3,A2,True,7043863.120225582,500000.0,3,False
608,6080.0,0.0,13,R4,A3,True,7830535.74603555,500000.0,1,False
608,6080.0,0.0,13,R4,A4,True,6768677.67382266,500000.0,4,False
609,6090.0,0.0,13,M1,R1,True,7830535.74603555,1000000.0,1,False
609,6090.0,0.0,13,M1,R2,True,3242165.1451402106,1000000.0,2,True
609,6090.0,0.0,13,M1,R3,True,6768677.673822663,1000000.0,4,False
609,6090.0,0.0,13,M1,R4,True,7043863.120225582,1000000.0,3,False
609,6090.0,0.0,13,R1,S1,True,3159688.1485980884,500000.0,2,True
609,6090.0,0.0,13,R1,S2,True,7043863.120225582,500000.0,3,False
609,6090.0,0.0,13,R2,S3,True,7830535.74603555,500000.0,1,False
609,6090.0,0.0,13,R2,S4,True,6768677.67382266,500000.0,4,False
609,6090.0,0.0,13,R3,A1,True,3402557.6621564995,500000.0,2,True
609,6090.0,0.0,13,R3,A2,True,7043863.120225582,500000.0,3,False
609,6090.0,0.0,13,R4,A3,True,7830535.74603555,500000.0,1,False
609,6090.0,0.0,13,R4,A4,True,6768677.67382266,500000.0,4,False
610,6100.0,0.0,13,M1,R1,True,7830535.74603555,1000000.0,1,False
610,6100.0,0.0,13,M1,R2,True,3238428.9692590246,1000000.0,2,True
610,6100.0,0.0,13,M1,R3,True,6768677.673822663,1000000.0,4,False
610,6100.0,0.0,13,M1,R4,True,7043863.120225582,1000000.0,3,False
610,6100.0,0.0,13,R1,S1,True,3155743.0418030997,500000.0,2,True
610,6100.0,0.0,13,R1,S2,True,7043863.120225582,500000.0,3,False
610,6100.0,0.0,13,R2,S3,True,7830535.74603555,500000.0,1,False
610,6100.0,0.0,13,R2,S4,True,6768677.67382266,500000.0,4,False
610,6100.0,0.0,13,R3,A1,True,3399219.9268310973,500000.0,2,True
610,6100.0,0.0,13,R3,A2,True,7043863.120225582,500000.0,3,False
610,6100.0,0.0,13,R4,A3,True,7830535.74603555,500000.0,1,False
610,6100.0,0.0,13,R4,A4,True,6768677.67382266,500000.0,4,False
611,6110.0,0.0,13,M1,R1,True,7830535.74603555,1000000.0,1,False
611,6110.0,0.0,13,M1,R2,True,3234683.1440062593,1000000.0,2,True
611,6110.0,0.0,13,M1,R3,True,6768677.673822663,1000000.0,4,False
611,6110.0,0.0,13,M1,R4,True,7043863.120225582,1000000.0,3,False
611,6110.0,0.0,13,R1,S1,True,3151787.260367351,500000.0,2,True
611,6110.0,0.0,13,R1,S2,True,7043863.120225582,500000.0,3,False
611,6110.0,0.0,13,R2,S3,True,7830535.74603555,500000.0,1,False
611,6110.0,0.0,13,R2,S4,True,6768677.67382266,500000.0,4,False
611,6110.0,0.0,13,R3,A1,True,3395874.478034623,500000.0,2,True
611,6110.0,0.0,13,R3,A2,True,7043863.120225582,500000.0,3,False
611,6110.0,0.0,13,R4,A3,True,7830535.74603555,500000.0,1,False
611,6110.0,0.0,13,R4,A4,True,6768677.67382266,500000.0,4,False
612,6120.0,0.0,13,M1,R1,True,7830535.74603555,1000000.0,1,False
612,6120.0,0.0,13,M1,R2,True,3230927.6206673407,1000000.0,2,True
612,6120.0,0.0,13,M1,R3,True,6768677.673822663,1000000.0,4,False
612,6120.0,0.0,13,M1,R4,True,7043863.120225582,1000000.0,3,False
612,6120.0,0.0,13,R1,S1,True,3147820.7482119673,500000.0,2,True
612,6120.0,0.0,13,R1,S2,True,7043863.120225582,500000.0,3,False
612,6120.0,0.0,13,R2,S3,True,7830535.74603555,500000.0,1,False
612,6120.0,0.0,13,R2,S4,True,6768677.67382266,500000.0,4,False
612,6120.0,0.0,13,R3,A1,True,3392521.281035206,500000.0,2,True
612,6120.0,0.0,13,R3,A2,True,7043863.120225582,500000.0,3,False
612,6120.0,0.0,13,R4,A3,True,7830535.74603555,500000.0,1,False
612,6120.0,0.0,13,R4,A4,True,6768677.67382266,500000.0,4,False
613,6130.0,0.0,13,M1,R1,True,7830535.74603555,1000000.0,1,False
613,6130.0,0.0,13,M1,R2,True,3227162.350162951,1000000.0,2,True
613,6130.0,0.0,13,M1,R3,True,6768677.673822663,1000000.0,4,False
613,6130.0,0.0,13,M1,R4,True,7043863.120225582,1000000.0,3,False
613,6130.0,0.0,13,R1,S1,True,3143843.448825363,500000.0,2,True
613,6130.0,0.0,13,R1,S2,True,7043863.120225582,500000.0,3,False
613,6130.0,0.0,13,R2,S3,True,7830535.74603555,500000.0,1,False
613,6130.0,0.0,13,R2,S4,True,6768677.67382266,500000.0,4,False
613,6130.0,0.0,13,R3,A1,True,3389160.3008690826,500000.0,2,True
613,6130.0,0.0,13,R3,A2,True,7043863.120225582,500000.0,3,False
613,6130.0,0.0,13,R4,A3,True,7830535.74603555,500000.0,1,False
613,6130.0,0.0,13,R4,A4,True,6768677.67382266,500000.0,4,False
614,6140.0,0.0,13,M1,R1,True,7830535.74603555,1000000.0,1,False
614,6140.0,0.0,13,M1,R2,True,3223387.2830454847,1000000.0,2,True
614,6140.0,0.0,13,M1,R3,True,6768677.673822663,1000000.0,4,False
614,6140.0,0.0,13,M1,R4,True,7043863.120225582,1000000.0,3,False
614,6140.0,0.0,13,R1,S1,True,3139855.3052589493,500000.0,2,True
614,6140.0,0.0,13,R1,S2,True,7043863.120225582,500000.0,3,False
614,6140.0,0.0,13,R2,S3,True,7830535.74603555,500000.0,1,False
614,6140.0,0.0,13,R2,S4,True,6768677.67382266,500000.0,4,False
614,6140.0,0.0,13,R3,A1,True,3385791.5023385915,500000.0,2,True
614,6140.0,0.0,13,R3,A2,True,7043863.120225582,500000.0,3,False
614,6140.0,0.0,13,R4,A3,True,7830535.74603555,500000.0,1,False
614,6140.0,0.0,13,R4,A4,True,6768677.67382266,500000.0,4,False
615,6150.0,0.0,13,M1,R1,True,7830535.74603555,1000000.0,1,False
615,6150.0,0.0,13,M1,R2,True,3219602.369495409,1000000.0,2,True
615,6150.0,0.0,13,M1,R3,True,6768677.673822663,1000000.0,4,False
615,6150.0,0.0,13,M1,R4,True,7043863.120225582,1000000.0,3,False
615,6150.0,0.0,13,R1,S1,True,3135856.2601227555,500000.0,2,True
615,6150.0,0.0,13,R1,S2,True,7043863.120225582,500000.0,3,False
615,6150.0,0.0,13,R2,S3,True,7830535.74603555,500000.0,1,False
615,6150.0,0.0,13,R2,S4,True,6768677.67382266,500000.0,4,False
615,6150.0,0.0,13,R3,A1,True,3382414.8500100835,500000.0,2,True
615,6150.0,0.0,13,R3,A2,True,7043863.120225582,500000.0,3,False
615,6150.0,0.0,13,R4,A3,True,7830535.74603555,500000.0,1,False
615,6150.0,0.0,13,R4,A4,True,6768677.67382266,500000.0,4,False
616,6160.0,0.0,13,M1,R1,True,7830535.74603555,1000000.0,1,False
616,6160.0,0.0,13,M1,R2,True,3215807.559317586,1000000.0,2,True
616,6160.0,0.0,13,M1,R3,True,6768677.673822663,1000000.0,4,False
616,6160.0,0.0,13,M1,R4,True,7043863.120225582,1000000.0,3,False
616,6160.0,0.0,13,R1,S1,True,3131846.2555809757,500000.0,2,True
616,6160.0,0.0,13,R1,S2,True,7043863.120225582,500000.0,3,False
616,6160.0,0.0,13,R2,S3,True,7830535.74603555,500000.0,1,False
616,6160.0,0.0,13,R2,S4,True,6768677.67382266,500000.0,4,False
616,6160.0,0.0,13,R3,A1,True,3379030.3082118747,500000.0,2,True
616,6160.0,0.0,13,R3,A2,True,7043863.120225582,500000.0,3,False
616,6160.0,0.0,13,R4,A3,True,7830535.74603555,500000.0,1,False
616,6160.0,0.0,13,R4,A4,True,6768677.67382266,500000.0,4,False
617,6170.0,0.0,13,M1,R1,True,7830535.74603555,1000000.0,1,False
617,6170.0,0.0,13,M1,R2,True,3212002.801937591,1000000.0,2,True
617,6170.0,0.0,13,M1,R3,True,6768677.673822663,1000000.0,4,False
617,6170.0,0.0,13,M1,R4,True,7043863.120225582,1000000.0,3,False
617,6170.0,0.0,13,R1,S1,True,3127825.2333475198,500000.0,2,True
617,6170.0,0.0,13,R1,S2,True,7043863.120225582,500000.0,3,False
617,6170.0,0.0,13,R2,S3,True,7830535.74603555,500000.0,1,False
617,6170.0,0.0,13,R2,S4,True,6768677.67382266,500000.0,4,False
617,6170.0,0.0,13,R3,A1,True,3375637.841032151,500000.0,2,True
617,6170.0,0.0,13,R3,A2,True,7043863.120225582,500000.0,3,False
617,6170.0,0.0,13,R4,A3,True,7830535.74603555,500000.0,1,False
617,6170.0,0.0,13,R4,A4,True,6768677.67382266,500000.0,4,False
618,6180.0,0.0,13,M1,R1,True,7830535.74603555,1000000.0,1,False
618,6180.0,0.0,13,M1,R2,True,3208188.0463979244,1000000.0,2,True
618,6180.0,0.0,13,M1,R3,True,6768677.673822663,1000000.0,4,False
618,6180.0,0.0,13,M1,R4,True,7043863.120225582,1000000.0,3,False
618,6180.0,0.0,13,R1,S1,True,3123793.1346814465,500000.0,2,True
618,6180.0,0.0,13,R1,S2,True,7043863.120225582,500000.0,3,False
618,6180.0,0.0,13,R2,S3,True,7830535.74603555,500000.0,1,False
618,6180.0,0.0,13,R2,S4,True,6768677.67382266,500000.0,4,False
618,6180.0,0.0,13,R3,A1,True,3372237.4123168485,500000.0,2,True
618,6180.0,0.0,13,R3,A2,True,7043863.120225582,500000.0,3,False
618,6180.0,0.0,13,R4,A3,True,7830535.74603555,500000.0,1,False
618,6180.0,0.0,13,R4,A4,True,6768677.67382266,500000.0,4,False
619,6190.0,0.0,13,M1,R1,True,7830535.74603555,1000000.0,1,False
619,6190.0,0.0,13,M1,R2,True,3204363.241354223,1000000.0,2,True
619,6190.0,0.0,13,M1,R3,True,6768677.673822663,1000000.0,4,False
619,6190.0,0.0,13,M1,R4,True,7043863.120225582,1000000.0,3,False
619,6190.0,0.0,13,R1,S1,True,3119749.900382394,500000.0,2,True
619,6190.0,0.0,13,R1,S2,True,7043863.120225582,500000.0,3,False
619,6190.0,0.0,13,R2,S3,True,7830535.74603555,500000.0,1,False
619,6190.0,0.0,13,R2,S4,True,6768677.67382266,500000.0,4,False
619,6190.0,0.0,13,R3,A1,True,3368828.9856675155,500000.0,2,True
619,6190.0,0.0,13,R3,A2,True,7043863.120225582,500000.0,3,False
619,6190.0,0.0,13,R4,A3,True,7830535.74603555,500000.0,1,False
619,6190.0,0.0,13,R4,A4,True,6768677.67382266,500000.0,4,False
620,6200.0,0.0,13,M1,R1,True,7830535.74603555,1000000.0,1,False
620,6200.0,0.0,13,M1,R2,True,3200528.3350714105,1000000.0,2,True
620,6200.0,0.0,13,M1,R3,True,6768677.673822663,1000000.0,4,False
620,6200.0,0.0,13,M1,R4,True,7043863.120225582,1000000.0,3,False
620,6200.0,0.0,13,R1,S1,True,3115695.4707859233,500000.0,2,True
620,6200.0,0.0,13,R1,S2,True,7043863.120225582,500000.0,3,False
620,6200.0,0.0,13,R2,S3,True,7830535.74603555,500000.0,1,False
620,6200.0,0.0,13,R2,S4,True,6768677.67382266,500000.0,4,False
620,6200.0,0.0,13,R3,A1,True,3365412.524439137,500000.0,2,True
620,6200.0,0.0,13,R3,A2,True,7043863.120225582,500000.0,3,False
620,6200.0,0.0,13,R4,A3,True,7830535.74603555,500000.0,1,False
620,6200.0,0.0,13,R4,A4,True,6768677.67382266,500000.0,4,False
621,6210.0,0.0,13,M1,R1,True,7830535.74603555,1000000.0,1,False
621,6210.0,0.0,13,M1,R2,True,3196683.2754198215,1000000.0,2,True
621,6210.0,0.0,13,M1,R3,True,6768677.673822663,1000000.0,4,False
621,6210.0,0.0,13,M1,R4,True,7043863.120225582,1000000.0,3,False
621,6210.0,0.0,13,R1,S1,True,3111629.785758823,500000.0,2,True
621,6210.0,0.0,13,R1,S2,True,7043863.120225582,500000.0,3,False
621,6210.0,0.0,13,R2,S3,True,7830535.74603555,500000.0,1,False
621,6210.0,0.0,13,R2,S4,True,6768677.67382266,500000.0,4,False
621,6210.0,0.0,13,R3,A1,True,3361987.991737973,500000.0,2,True
621,6210.0,0.0,13,R3,A2,True,7043863.120225582,500000.0,3,False
621,6210.0,0.0,13,R4,A3,True,7830535.74603555,500000.0,1,False
621,6210.0,0.0,13,R4,A4,True,6768677.67382266,500000.0,4,False
622,6220.0,0.0,13,M1,R1,True,7830535.74603555,1000000.0,1,False
622,6220.0,0.0,13,M1,R2,True,3192828.0098712104,1000000.0,2,True
622,6220.0,0.0,13,M1,R3,True,6768677.673822663,1000000.0,4,False
622,6220.0,0.0,13,M1,R4,True,7043863.120225582,1000000.0,3,False
622,6220.0,0.0,13,R1,S1,True,3107552.7846943373,500000.0,2,True
622,6220.0,0.0,13,R1,S2,True,7043863.120225582,500000.0,3,False
622,6220.0,0.0,13,R2,S3,True,7830535.74603555,500000.0,1,False
622,6220.0,0.0,13,R2,S4,True,6768677.67382266,500000.0,4,False
622,6220.0,0.0,13,R3,A1,True,3358555.3504193383,500000.0,2,True
622,6220.0,0.0,13,R3,A2,True,7043863.120225582,500000.0,3,False
622,6220.0,0.0,13,R4,A3,True,7830535.74603555,500000.0,1,False
622,6220.0,0.0,13,R4,A4,True,6768677.67382266,500000.0,4,False
623,6230.0,0.0,13,M1,R1,True,7830535.74603555,1000000.0,1,False
623,6230.0,0.0,13,M1,R2,True,3188962.4854948195,1000000.0,2,True
623,6230.0,0.0,13,M1,R3,True,6768677.673822663,1000000.0,4,False
623,6230.0,0.0,13,M1,R4,True,7043863.120225582,1000000.0,3,False
623,6230.0,0.0,13,R1,S1,True,3103464.406507355,500000.0,2,True
623,6230.0,0.0,13,R1,S2,True,7043863.120225582,500000.0,3,False
623,6230.0,0.0,13,R2,S3,True,7830535.74603555,500000.0,1,False
623,6230.0,0.0,13,R2,S4,True,6768677.67382266,500000.0,4,False
623,6230.0,0.0,13,R3,A1,True,3355114.563085364,500000.0,2,True
623,6230.0,0.0,13,R3,A2,True,7043863.120225582,500000.0,3,False
623,6230.0,0.0,13,R4,A3,True,7830535.74603555,500000.0,1,False
623,6230.0,0.0,13,R4,A4,True,6768677.67382266,500000.0,4,False
624,6240.0,0.0,13,M1,R1,True,7830535.74603555,1000000.0,1,False
624,6240.0,0.0,13,M1,R2,True,3185086.6489532944,1000000.0,2,True
624,6240.0,0.0,13,M1,R3,True,6768677.673822663,1000000.0,4,False
624,6240.0,0.0,13,M1,R4,True,7043863.120225582,1000000.0,3,False
624,6240.0,0.0,13,R1,S1,True,3099364.589629528,500000.0,2,True
624,6240.0,0.0,13,R1,S2,True,7043863.120225582,500000.0,3,False
624,6240.0,0.0,13,R2,S3,True,7830535.74603555,500000.0,1,False
624,6240.0,0.0,13,R2,S4,True,6768677.67382266,500000.0,4,False
624,6240.0,0.0,13,R3,A1,True,3351665.592082734,500000.0,2,True
624,6240.0,0.0,13,R3,A2,True,7043863.120225582,500000.0,3,False
624,6240.0,0.0,13,R4,A3,True,7830535.74603555,500000.0,1,False
624,6240.0,0.0,13,R4,A4,True,6768677.67382266,500000.0,4,False
625,6250.0,0.0,13,M1,R1,True,7830535.74603555,1000000.0,1,False
625,6250.0,0.0,13,M1,R2,True,3181200.4464986147,1000000.0,2,True
625,6250.0,0.0,13,M1,R3,True,6768677.673822663,1000000.0,4,False
625,6250.0,0.0,13,M1,R4,True,7043863.120225582,1000000.0,3,False
625,6250.0,0.0,13,R1,S1,True,3095253.2720043445,500000.0,2,True
625,6250.0,0.0,13,R1,S2,True,7043863.120225582,500000.0,3,False
625,6250.0,0.0,13,R2,S3,True,7830535.74603555,500000.0,1,False
625,6250.0,0.0,13,R2,S4,True,6768677.67382266,500000.0,4,False
625,6250.0,0.0,13,R3,A1,True,3348208.399500422,500000.0,2,True
625,6250.0,0.0,13,R3,A2,True,7043863.120225582,500000.0,3,False
625,6250.0,0.0,13,R4,A3,True,7830535.74603555,500000.0,1,False
625,6250.0,0.0,13,R4,A4,True,6768677.67382266,500000.0,4,False
626,6260.0,0.0,13,M1,R1,True,7830535.74603555,1000000.0,1,False
626,6260.0,0.0,13,M1,R2,True,3177303.823967945,1000000.0,2,True
626,6260.0,0.0,13,M1,R3,True,6768677.673822663,1000000.0,4,False
626,6260.0,0.0,13,M1,R4,True,7043863.120225582,1000000.0,3,False
626,6260.0,0.0,13,R1,S1,True,3091130.391082115,500000.0,2,True
626,6260.0,0.0,13,R1,S2,True,7043863.120225582,500000.0,3,False
626,6260.0,0.0,13,R2,S3,True,7830535.74603555,500000.0,1,False
626,6260.0,0.0,13,R2,S4,True,6768677.67382266,500000.0,4,False
626,6260.0,0.0,13,R3,A1,True,3344742.9471673793,500000.0,2,True
626,6260.0,0.0,13,R3,A2,True,7043863.120225582,500000.0,3,False
626,6260.0,0.0,13,R4,A3,True,7830535.74603555,500000.0,1,False
626,6260.0,0.0,13,R4,A4,True,6768677.67382266,500000.0,4,False
627,6270.0,0.0,13,M1,R1,True,7830535.74603555,1000000.0,1,False
627,6270.0,0.0,13,M1,R2,True,3173396.7267794544,1000000.0,2,True
627,6270.0,0.0,13,M1,R3,True,6768677.673822663,1000000.0,4,False
627,6270.0,0.0,13,M1,R4,True,7043863.120225582,1000000.0,3,False
627,6270.0,0.0,13,R1,S1,True,3086995.8838149295,500000.0,2,True
627,6270.0,0.0,13,R1,S2,True,7043863.120225582,500000.0,3,False
627,6270.0,0.0,13,R2,S3,True,7830535.74603555,500000.0,1,False
627,6270.0,0.0,13,R2,S4,True,6768677.67382266,500000.0,4,False
627,6270.0,0.0,13,R3,A1,True,3341269.196650184,500000.0,2,True
627,6270.0,0.0,13,R3,A2,True,7043863.120225582,500000.0,3,False
627,6270.0,0.0,13,R4,A3,True,7830535.74603555,500000.0,1,False
627,6270.0,0.0,13,R4,A4,True,6768677.67382266,500000.0,4,False
628,6280.0,0.0,13,M1,R1,True,7830535.74603555,1000000.0,1,False
628,6280.0,0.0,13,M1,R2,True,3169479.0999280773,1000000.0,2,True
628,6280.0,0.0,13,M1,R3,True,6768677.673822663,1000000.0,4,False
628,6280.0,0.0,13,M1,R4,True,7043863.120225582,1000000.0,3,False
628,6280.0,0.0,13,R1,S1,True,3082849.6866515293,500000.0,2,True
628,6280.0,0.0,13,R1,S2,True,7043863.120225582,500000.0,3,False
628,6280.0,0.0,13,R2,S3,True,7830535.74603555,500000.0,1,False
628,6280.0,0.0,13,R2,S4,True,6768677.67382266,500000.0,4,False
628,6280.0,0.0,13,R3,A1,True,3337787.109250698,500000.0,2,True
628,6280.0,0.0,13,R3,A2,True,7043863.120225582,500000.0,3,False
628,6280.0,0.0,13,R4,A3,True,7830535.74603555,500000.0,1,False
628,6280.0,0.0,13,R4,A4,True,6768677.67382266,500000.0,4,False
629,6290.0,0.0,13,M1,R1,True,7830535.74603555,1000000.0,1,False
629,6290.0,0.0,13,M1,R2,True,3165550.8879812034,1000000.0,2,True
629,6290.0,0.0,13,M1,R3,True,6768677.673822663,1000000.0,4,False
629,6290.0,0.0,13,M1,R4,True,7043863.120225582,1000000.0,3,False
629,6290.0,0.0,13,R1,S1,True,3078691.735532125,500000.0,2,True
629,6290.0,0.0,13,R1,S2,True,7043863.120225582,500000.0,3,False
629,6290.0,0.0,13,R2,S3,True,7830535.74603555,500000.0,1,False
629,6290.0,0.0,13,R2,S4,True,6768677.67382266,500000.0,4,False
629,6290.0,0.0,13,R3,A1,True,3334296.6460036947,500000.0,2,True
629,6290.0,0.0,13,R3,A2,True,7043863.120225582,500000.0,3,False
629,6290.0,0.0,13,R4,A3,True,7830535.74603555,500000.0,1,False
629,6290.0,0.0,13,R4,A4,True,6768677.67382266,500000.0,4,False
630,6300.0,0.0,13,M1,R1,True,7830535.74603555,1000000.0,1,False
630,6300.0,0.0,13,M1,R2,True,3161612.035074328,1000000.0,2,True
630,6300.0,0.0,13,M1,R3,True,6768677.673822663,1000000.0,4,False
630,6300.0,0.0,13,M1,R4,True,7043863.120225582,1000000.0,3,False
630,6300.0,0.0,13,R1,S1,True,3074521.965883152,500000.0,2,True
630,6300.0,0.0,13,R1,S2,True,7043863.120225582,500000.0,3,False
630,6300.0,0.0,13,R2,S3,True,7830535.74603555,500000.0,1,False
630,6300.0,0.0,13,R2,S4,True,6768677.67382266,500000.0,4,False
630,6300.0,0.0,13,R3,A1,True,3330797.767674416,500000.0,2,True
630,6300.0,0.0,13,R3,A2,True,7043863.120225582,500000.0,3,False
630,6300.0,0.0,13,R4,A3,True,7830535.74603555,500000.0,1,False
630,6300.0,0.0,13,R4,A4,True,6768677.67382266,500000.0,4,False
631,6310.0,0.0,13,M1,R1,True,7830535.74603555,1000000.0,1,False
631,6310.0,0.0,13,M1,R2,True,3157662.4849066776,1000000.0,2,True
631,6310.0,0.0,13,M1,R3,True,6768677.673822663,1000000.0,4,False
631,6310.0,0.0,13,M1,R4,True,7043863.120225582,1000000.0,3,False
631,6310.0,0.0,13,R1,S1,True,3070340.312611936,500000.0,2,True
631,6310.0,0.0,13,R1,S2,True,7043863.120225582,500000.0,3,False
631,6310.0,0.0,13,R2,S3,True,7830535.74603555,500000.0,1,False
631,6310.0,0.0,13,R2,S4,True,6768677.67382266,500000.0,4,False
631,6310.0,0.0,13,R3,A1,True,3327290.4347561803,500000.0,2,True
631,6310.0,0.0,13,R3,A2,True,7043863.120225582,500000.0,3,False
631,6310.0,0.0,13,R4,A3,True,7830535.74603555,500000.0,1,False
631,6310.0,0.0,13,R4,A4,True,6768677.67382266,500000.0,4,False
632,6320.0,0.0,13,M1,R1,True,7830535.74603555,1000000.0,1,False
632,6320.0,0.0,13,M1,R2,True,3153702.1807367145,1000000.0,2,True
632,6320.0,0.0,13,M1,R3,True,6768677.673822663,1000000.0,4,False
632,6320.0,0.0,13,M1,R4,True,7043863.120225582,1000000.0,3,False
632,6320.0,0.0,13,R1,S1,True,3066146.7101013646,500000.0,2,True
632,6320.0,0.0,13,R1,S2,True,7043863.120225582,500000.0,3,False
632,6320.0,0.0,13,R2,S3,True,7830535.74603555,500000.0,1,False
632,6320.0,0.0,13,R2,S4,True,6768677.67382266,500000.0,4,False
632,6320.0,0.0,13,R3,A1,True,3323774.6074678674,500000.0,2,True
632,6320.0,0.0,13,R3,A2,True,7043863.120225582,500000.0,3,False
632,6320.0,0.0,13,R4,A3,True,7830535.74603555,500000.0,1,False
632,6320.0,0.0,13,R4,A4,True,6768677.67382266,500000.0,4,False
633,6330.0,0.0,13,M1,R1,True,7830535.74603555,1000000.0,1,False
633,6330.0,0.0,13,M1,R2,True,3149731.065377662,1000000.0,2,True
633,6330.0,0.0,13,M1,R3,True,6768677.673822663,1000000.0,4,False
633,6330.0,0.0,13,M1,R4,True,7043863.120225582,1000000.0,3,False
633,6330.0,0.0,13,R1,S1,True,3061941.092204383,500000.0,2,True
633,6330.0,0.0,13,R1,S2,True,7043863.120225582,500000.0,3,False
633,6330.0,0.0,13,R2,S3,True,7830535.74603555,500000.0,1,False
633,6330.0,0.0,13,R2,S4,True,6768677.67382266,500000.0,4,False
633,6330.0,0.0,13,R3,A1,True,3320250.245751473,500000.0,2,True
633,6330.0,0.0,13,R3,A2,True,7043863.120225582,500000.0,3,False
633,6330.0,0.0,13,R4,A3,True,7830535.74603555,500000.0,1,False
633,6330.0,0.0,13,R4,A4,True,6768677.67382266,500000.0,4,False
634,6340.0,0.0,13,M1,R1,True,7830535.74603555,1000000.0,1,False
634,6340.0,0.0,13,M1,R2,True,3145749.0811928967,1000000.0,2,True
634,6340.0,0.0,13,M1,R3,True,6768677.673822663,1000000.0,4,False
634,6340.0,0.0,13,M1,R4,True,7043863.120225582,1000000.0,3,False
634,6340.0,0.0,13,R1,S1,True,3057723.3922385336,500000.0,2,True
634,6340.0,0.0,13,R1,S2,True,7043863.120225582,500000.0,3,False
634,6340.0,0.0,13,R2,S3,True,7830535.74603555,500000.0,1,False
634,6340.0,0.0,13,R2,S4,True,6768677.67382266,500000.0,4,False
634,6340.0,0.0,13,R3,A1,True,3316717.309269565,500000.0,2,True
634,6340.0,0.0,13,R3,A2,True,7043863.120225582,500000.0,3,False
634,6340.0,0.0,13,R4,A3,True,7830535.74603555,500000.0,1,False
634,6340.0,0.0,13,R4,A4,True,6768677.67382266,500000.0,4,False
635,6350.0,0.0,13,M1,R1,True,7830535.74603555,1000000.0,1,False
635,6350.0,0.0,13,M1,R2,True,3141756.1700913613,1000000.0,2,True
635,6350.0,0.0,13,M1,R3,True,6768677.673822663,1000000.0,4,False
635,6350.0,0.0,13,M1,R4,True,7043863.120225582,1000000.0,3,False
635,6350.0,0.0,13,R1,S1,True,3053493.542980333,500000.0,2,True
635,6350.0,0.0,13,R1,S2,True,7043863.120225582,500000.0,3,False
635,6350.0,0.0,13,R2,S3,True,7830535.74603555,500000.0,1,False
635,6350.0,0.0,13,R2,S4,True,6768677.67382266,500000.0,4,False
635,6350.0,0.0,13,R3,A1,True,3313175.7574027465,500000.0,2,True
635,6350.0,0.0,13,R3,A2,True,7043863.120225582,500000.0,3,False
635,6350.0,0.0,13,R4,A3,True,7830535.74603555,500000.0,1,False
635,6350.0,0.0,13,R4,A4,True,6768677.67382266,500000.0,4,False
636,6360.0,0.0,13,M1,R1,True,7830535.74603555,1000000.0,1,False
636,6360.0,0.0,13,M1,R2,True,3137752.2735228534,1000000.0,2,True
636,6360.0,0.0,13,M1,R3,True,6768677.673822663,1000000.0,4,False
636,6360.0,0.0,13,M1,R4,True,7043863.120225582,1000000.0,3,False
636,6360.0,0.0,13,R1,S1,True,3049251.4766596677,500000.0,2,True
636,6360.0,0.0,13,R1,S2,True,7043863.120225582,500000.0,3,False
636,6360.0,0.0,13,R2,S3,True,7830535.74603555,500000.0,1,False
636,6360.0,0.0,13,R2,S4,True,6768677.67382266,500000.0,4,False
636,6360.0,0.0,13,R3,A1,True,3309625.549247076,500000.0,2,True
636,6360.0,0.0,13,R3,A2,True,7043863.120225582,500000.0,3,False
636,6360.0,0.0,13,R4,A3,True,7830535.74603555,500000.0,1,False
636,6360.0,0.0,13,R4,A4,True,6768677.67382266,500000.0,4,False
637,6370.0,0.0,13,M1,R1,True,7830535.74603555,1000000.0,1,False
637,6370.0,0.0,13,M1,R2,True,3133737.3324732967,1000000.0,2,True
637,6370.0,0.0,13,M1,R3,True,6768677.673822663,1000000.0,4,False
637,6370.0,0.0,13,M1,R4,True,7043863.120225582,1000000.0,3,False
637,6370.0,0.0,13,R1,S1,True,3044997.1249540164,500000.0,2,True
637,6370.0,0.0,13,R1,S2,True,7043863.120225582,500000.0,3,False
637,6370.0,0.0,13,R2,S3,True,7830535.74603555,500000.0,1,False
637,6370.0,0.0,13,R2,S4,True,6768677.67382266,500000.0,4,False
637,6370.0,0.0,13,R3,A1,True,3306066.6436114665,500000.0,2,True
637,6370.0,0.0,13,R3,A2,True,7043863.120225582,500000.0,3,False
637,6370.0,0.0,13,R4,A3,True,7830535.74603555,500000.0,1,False
637,6370.0,0.0,13,R4,A4,True,6768677.67382266,500000.0,4,False
638,6380.0,0.0,13,M1,R1,True,7830535.74603555,1000000.0,1,False
638,6380.0,0.0,13,M1,R2,True,3129711.2874599164,1000000.0,2,True
638,6380.0,0.0,13,M1,R3,True,6768677.673822663,1000000.0,4,False
638,6380.0,0.0,13,M1,R4,True,7043863.120225582,1000000.0,3,False
638,6380.0,0.0,13,R1,S1,True,3040730.418982725,500000.0,2,True
638,6380.0,0.0,13,R1,S2,True,7043863.120225582,500000.0,3,False
638,6380.0,0.0,13,R2,S3,True,7830535.74603555,500000.0,1,False
638,6380.0,0.0,13,R2,S4,True,6768677.67382266,500000.0,4,False
638,6380.0,0.0,13,R3,A1,True,3302498.9990150603,500000.0,2,True
638,6380.0,0.0,13,R3,A2,True,7043863.120225582,500000.0,3,False
638,6380.0,0.0,13,R4,A3,True,7830535.74603555,500000.0,1,False
638,6380.0,0.0,13,R4,A4,True,6768677.67382266,500000.0,4,False
639,6390.0,0.0,13,M1,R1,True,7830535.74603555,1000000.0,1,False
639,6390.0,0.0,13,M1,R2,True,3125674.078526409,1000000.0,2,True
639,6390.0,0.0,13,M1,R3,True,6768677.673822663,1000000.0,4,False
639,6390.0,0.0,13,M1,R4,True,7043863.120225582,1000000.0,3,False
639,6390.0,0.0,13,R1,S1,True,3036451.2893010853,500000.0,2,True
639,6390.0,0.0,13,R1,S2,True,7043863.120225582,500000.0,3,False
639,6390.0,0.0,13,R2,S3,True,7830535.74603555,500000.0,1,False
639,6390.0,0.0,13,R2,S4,True,6768677.67382266,500000.0,4,False
639,6390.0,0.0,13,R3,A1,True,3298922.573684561,500000.0,2,True
639,6390.0,0.0,13,R3,A2,True,7043863.120225582,500000.0,3,False
639,6390.0,0.0,13,R4,A3,True,7830535.74603555,500000.0,1,False
639,6390.0,0.0,13,R4,A4,True,6768677.67382266,500000.0,4,False
640,6400.0,0.0,13,M1,R1,True,7830535.74603555,1000000.0,1,False
640,6400.0,0.0,13,M1,R2,True,3121625.6452379893,1000000.0,2,True
640,6400.0,0.0,13,M1,R3,True,6768677.673822663,1000000.0,4,False
640,6400.0,0.0,13,M1,R4,True,7043863.120225582,1000000.0,3,False
640,6400.0,0.0,13,R1,S1,True,3032159.6658944357,500000.0,2,True
640,6400.0,0.0,13,R1,S2,True,7043863.120225582,500000.0,3,False
640,6400.0,0.0,13,R2,S3,True,7830535.74603555,500000.0,1,False
640,6400.0,0.0,13,R2,S4,True,6768677.67382266,500000.0,4,False
640,6400.0,0.0,13,R3,A1,True,3295337.325551534,500000.0,2,True
640,6400.0,0.0,13,R3,A2,True,7043863.120225582,500000.0,3,False
640,6400.0,0.0,13,R4,A3,True,7830535.74603555,500000.0,1,False
640,6400.0,0.0,13,R4,A4,True,6768677.67382266,500000.0,4,False
641,6410.0,0.0,13,M1,R1,True,7830535.74603555,1000000.0,1,False
641,6410.0,0.0,13,M1,R2,True,3117565.926676418,1000000.0,2,True
641,6410.0,0.0,13,M1,R3,True,6768677.673822663,1000000.0,4,False
641,6410.0,0.0,13,M1,R4,True,7043863.120225582,1000000.0,3,False
641,6410.0,0.0,13,R1,S1,True,3027855.478172131,500000.0,2,True
641,6410.0,0.0,13,R1,S2,True,7043863.120225582,500000.0,3,False
641,6410.0,0.0,13,R2,S3,True,7830535.74603555,500000.0,1,False
641,6410.0,0.0,13,R2,S4,True,6768677.67382266,500000.0,4,False
641,6410.0,0.0,13,R3,A1,True,3291743.2122496986,500000.0,2,True
641,6410.0,0.0,13,R3,A2,True,7043863.120225582,500000.0,3,False
641,6410.0,0.0,13,R4,A3,True,7830535.74603555,500000.0,1,False
641,6410.0,0.0,13,R4,A4,True,6768677.67382266,500000.0,4,False
642,6420.0,0.0,13,M1,R1,True,7830535.74603555,1000000.0,1,False
642,6420.0,0.0,13,M1,R2,True,3113494.861434944,1000000.0,2,True
642,6420.0,0.0,13,M1,R3,True,6768677.673822663,1000000.0,4,False
642,6420.0,0.0,13,M1,R4,True,7043863.120225582,1000000.0,3,False
642,6420.0,0.0,13,R1,S1,True,3023538.654961464,500000.0,2,True
642,6420.0,0.0,13,R1,S2,True,7043863.120225582,500000.0,3,False
642,6420.0,0.0,13,R2,S3,True,7830535.74603555,500000.0,1,False
642,6420.0,0.0,13,R2,S4,True,6768677.67382266,500000.0,4,False
642,6420.0,0.0,13,R3,A1,True,3288140.1911121802,500000.0,2,True
642,6420.0,0.0,13,R3,A2,True,7043863.120225582,500000.0,3,False
642,6420.0,0.0,13,R4,A3,True,7830535.74603555,500000.0,1,False
642,6420.0,0.0,13,R4,A4,True,6768677.67382266,500000.0,4,False
643,6430.0,0.0,13,M1,R1,True,7830535.74603555,1000000.0,1,False
643,6430.0,0.0,13,M1,R2,True,3109412.387613186,1000000.0,2,True
643,6430.0,0.0,13,M1,R3,True,6768677.673822663,1000000.0,4,False
643,6430.0,0.0,13,M1,R4,True,7043863.120225582,1000000.0,3,False
643,6430.0,0.0,13,R1,S1,True,3019209.1245014947,500000.0,2,True
643,6430.0,0.0,13,R1,S2,True,7043863.120225582,500000.0,3,False
643,6430.0,0.0,13,R2,S3,True,7830535.74603555,500000.0,1,False
643,6430.0,0.0,13,R2,S4,True,6768677.67382266,500000.0,4,False
643,6430.0,0.0,13,R3,A1,True,3284528.2191687035,500000.0,2,True
643,6430.0,0.0,13,R3,A2,True,7043863.120225582,500000.0,3,False
643,6430.0,0.0,13,R4,A3,True,7830535.74603555,500000.0,1,False
643,6430.0,0.0,13,R4,A4,True,6768677.67382266,500000.0,4,False
644,6440.0,0.0,13,M1,R1,True,7830535.74603555,1000000.0,1,False
644,6440.0,0.0,13,M1,R2,True,3105318.4428119715,1000000.0,2,True
644,6440.0,0.0,13,M1,R3,True,6768677.673822663,1000000.0,4,False
644,6440.0,0.0,13,M1,R4,True,7043863.120225582,1000000.0,3,False
644,6440.0,0.0,13,R1,S1,True,3014866.8144368283,500000.0,2,True
644,6440.0,0.0,13,R1,S2,True,7043863.120225582,500000.0,3,False
644,6440.0,0.0,13,R2,S3,True,7830535.74603555,500000.0,1,False
644,6440.0,0.0,13,R2,S4,True,6768677.67382266,500000.0,4,False
644,6440.0,0.0,13,R3,A1,True,3280907.253142796,500000.0,2,True
644,6440.0,0.0,13,R3,A2,True,7043863.120225582,500000.0,3,False
644,6440.0,0.0,13,R4,A3,True,7830535.74603555,500000.0,1,False
644,6440.0,0.0,13,R4,A4,True,6768677.67382266,500000.0,4,False
645,6450.0,0.0,13,M1,R1,True,7830535.74603555,1000000.0,1,False
645,6450.0,0.0,13,M1,R2,True,3101212.9641280533,1000000.0,2,True
645,6450.0,0.0,13,M1,R3,True,6768677.673822663,1000000.0,4,False
645,6450.0,0.0,13,M1,R4,True,7043863.120225582,1000000.0,3,False
645,6450.0,0.0,13,R1,S1,True,3010511.651811267,500000.0,2,True
645,6450.0,0.0,13,R1,S2,True,7043863.120225582,500000.0,3,False
645,6450.0,0.0,13,R2,S3,True,7830535.74603555,500000.0,1,False
645,6450.0,0.0,13,R2,S4,True,6768677.67382266,500000.0,4,False
645,6450.0,0.0,13,R3,A1,True,3277277.2494489504,500000.0,2,True
645,6450.0,0.0,13,R3,A2,True,7043863.120225582,500000.0,3,False
645,6450.0,0.0,13,R4,A3,True,7830535.74603555,500000.0,1,False
645,6450.0,0.0,13,R4,A4,True,6768677.67382266,500000.0,4,False
646,6460.0,0.0,13,M1,R1,True,7830535.74603555,1000000.0,1,False
646,6460.0,0.0,13,M1,R2,True,3097095.8881488447,1000000.0,2,True
646,6460.0,0.0,13,M1,R3,True,6768677.673822663,1000000.0,4,False
646,6460.0,0.0,13,M1,R4,True,7043863.120225582,1000000.0,3,False
646,6460.0,0.0,13,R1,S1,True,3006143.5630614413,500000.0,2,True
646,6460.0,0.0,13,R1,S2,True,7043863.120225582,500000.0,3,False
646,6460.0,0.0,13,R2,S3,True,7830535.74603555,500000.0,1,False
646,6460.0,0.0,13,R2,S4,True,6768677.67382266,500000.0,4,False
646,6460.0,0.0,13,R3,A1,True,3273638.1641897224,500000.0,2,True
646,6460.0,0.0,13,R3,A2,True,7043863.120225582,500000.0,3,False
646,6460.0,0.0,13,R4,A3,True,7830535.74603555,500000.0,1,False
646,6460.0,0.0,13,R4,A4,True,6768677.67382266,500000.0,4,False
647,6470.0,0.0,13,M1,R1,True,7830535.74603555,1000000.0,1,False
647,6470.0,0.0,13,M1,R2,True,3092967.1509469864,1000000.0,2,True
647,6470.0,0.0,13,M1,R3,True,6768677.673822663,1000000.0,4,False
647,6470.0,0.0,13,M1,R4,True,7043863.120225582,1000000.0,3,False
647,6470.0,0.0,13,R1,S1,True,3001762.474010307,500000.0,2,True
647,6470.0,0.0,13,R1,S2,True,7043863.120225582,500000.0,3,False
647,6470.0,0.0,13,R2,S3,True,7830535.74603555,500000.0,1,False
647,6470.0,0.0,13,R2,S4,True,6768677.67382266,500000.0,4,False
647,6470.0,0.0,13,R3,A1,True,3269989.9531528307,500000.0,2,True
647,6470.0,0.0,13,R3,A2,True,7043863.120225582,500000.0,3,False
647,6470.0,0.0,13,R4,A3,True,7830535.74603555,500000.0,1,False
647,6470.0,0.0,13,R4,A4,True,6768677.67382266,500000.0,4,False
648,6480.0,0.0,13,M1,R1,True,7830535.74603555,1000000.0,1,False
648,6480.0,0.0,13,M1,R2,True,3088826.6880749315,1000000.0,2,True
648,6480.0,0.0,13,M1,R3,True,6768677.673822663,1000000.0,4,False
648,6480.0,0.0,13,M1,R4,True,7043863.120225582,1000000.0,3,False
648,6480.0,0.0,13,R1,S1,True,2997368.309860604,500000.0,2,True
648,6480.0,0.0,13,R1,S2,True,7043863.120225582,500000.0,3,False
648,6480.0,0.0,13,R2,S3,True,7830535.74603555,500000.0,1,False
648,6480.0,0.0,13,R2,S4,True,6768677.67382266,500000.0,4,False
648,6480.0,0.0,13,R3,A1,True,3266332.571808231,500000.0,2,True
648,6480.0,0.0,13,R3,A2,True,7043863.120225582,500000.0,3,False
648,6480.0,0.0,13,R4,A3,True,7830535.74603555,500000.0,1,False
648,6480.0,0.0,13,R4,A4,True,6768677.67382266,500000.0,4,False
649,6490.0,0.0,13,M1,R1,True,7830535.74603555,1000000.0,1,False
649,6490.0,0.0,13,M1,R2,True,3084674.434559414,1000000.0,2,True
649,6490.0,0.0,13,M1,R3,True,6768677.673822663,1000000.0,4,False
649,6490.0,0.0,13,M1,R4,True,7043863.120225582,1000000.0,3,False
649,6490.0,0.0,13,R1,S1,True,2992960.9951882022,500000.0,2,True
649,6490.0,0.0,13,R1,S2,True,7043863.120225582,500000.0,3,False
649,6490.0,0.0,13,R2,S3,True,7830535.74603555,500000.0,1,False
649,6490.0,0.0,13,R2,S4,True,6768677.67382266,500000.0,4,False
649,6490.0,0.0,13,R3,A1,True,3262665.9753051028,500000.0,2,True
649,6490.0,0.0,13,R3,A2,True,7043863.120225582,500000.0,3,False
649,6490.0,0.0,13,R4,A3,True,7830535.74603555,500000.0,1,False
649,6490.0,0.0,13,R4,A4,True,6768677.67382266,500000.0,4,False
650,6500.0,0.0,13,M1,R1,True,7830535.74603555,1000000.0,1,False
650,6500.0,0.0,13,M1,R2,True,3080510.324895845,1000000.0,2,True
650,6500.0,0.0,13,M1,R3,True,6768677.673822663,1000000.0,4,False
650,6500.0,0.0,13,M1,R4,True,7043863.120225582,1000000.0,3,False
650,6500.0,0.0,13,R1,S1,True,2988540.4539353643,500000.0,2,True
650,6500.0,0.0,13,R1,S2,True,7043863.120225582,500000.0,3,False
650,6500.0,0.0,13,R2,S3,True,7830535.74603555,500000.0,1,False
650,6500.0,0.0,13,R2,S4,True,6768677.67382266,500000.0,4,False
650,6500.0,0.0,13,R3,A1,True,3258990.118468872,500000.0,2,True
650,6500.0,0.0,13,R3,A2,True,7043863.120225582,500000.0,3,False
650,6500.0,0.0,13,R4,A3,True,7830535.74603555,500000.0,1,False
650,6500.0,0.0,13,R4,A4,True,6768677.67382266,500000.0,4,False
651,6510.0,0.0,13,M1,R1,True,7830535.74603555,1000000.0,1,False
651,6510.0,0.0,13,M1,R2,True,3076334.293042665,1000000.0,2,True
651,6510.0,0.0,13,M1,R3,True,6768677.673822663,1000000.0,4,False
651,6510.0,0.0,13,M1,R4,True,7043863.120225582,1000000.0,3,False
651,6510.0,0.0,13,R1,S1,True,2984106.609403945,500000.0,2,True
651,6510.0,0.0,13,R1,S2,True,7043863.120225582,500000.0,3,False
651,6510.0,0.0,13,R2,S3,True,7830535.74603555,500000.0,1,False
651,6510.0,0.0,13,R2,S4,True,6768677.67382266,500000.0,4,False
651,6510.0,0.0,13,R3,A1,True,3255304.955798138,500000.0,2,True
651,6510.0,0.0,13,R3,A2,True,7043863.120225582,500000.0,3,False
651,6510.0,0.0,13,R4,A3,True,7830535.74603555,500000.0,1,False
651,6510.0,0.0,13,R4,A4,True,6768677.67382266,500000.0,4,False
652,6520.0,0.0,13,M1,R1,True,7830535.74603555,1000000.0,1,False
652,6520.0,0.0,13,M1,R2,True,3072146.2724155965,1000000.0,2,True
652,6520.0,0.0,13,M1,R3,True,6768677.673822663,1000000.0,4,False
652,6520.0,0.0,13,M1,R4,True,7043863.120225582,1000000.0,3,False
652,6520.0,0.0,13,R1,S1,True,2979659.3842484937,500000.0,2,True
652,6520.0,0.0,13,R1,S2,True,7043863.120225582,500000.0,3,False
652,6520.0,0.0,13,R2,S3,True,7830535.74603555,500000.0,1,False
652,6520.0,0.0,13,R2,S4,True,6768677.67382266,500000.0,4,False
652,6520.0,0.0,13,R3,A1,True,3251610.441461618,500000.0,2,True
652,6520.0,0.0,13,R3,A2,True,7043863.120225582,500000.0,3,False
652,6520.0,0.0,13,R4,A3,True,7830535.74603555,500000.0,1,False
652,6520.0,0.0,13,R4,A4,True,6768677.67382266,500000.0,4,False
653,6530.0,0.0,13,M1,R1,True,7830535.74603555,1000000.0,1,False
653,6530.0,0.0,13,M1,R2,True,3067946.1958818254,1000000.0,2,True
653,6530.0,0.0,13,M1,R3,True,6768677.673822663,1000000.0,4,False
653,6530.0,0.0,13,M1,R4,True,7043863.120225582,1000000.0,3,False
653,6530.0,0.0,13,R1,S1,True,2975198.700469258,500000.0,2,True
653,6530.0,0.0,13,R1,S2,True,7043863.120225582,500000.0,3,False
653,6530.0,0.0,13,R2,S3,True,7830535.74603555,500000.0,1,False
653,6530.0,0.0,13,R2,S4,True,6768677.67382266,500000.0,4,False
653,6530.0,0.0,13,R3,A1,True,3247906.5292950156,500000.0,2,True
653,6530.0,0.0,13,R3,A2,True,7043863.120225582,500000.0,3,False
653,6530.0,0.0,13,R4,A3,True,7830535.74603555,500000.0,1,False
653,6530.0,0.0,13,R4,A4,True,6768677.67382266,500000.0,4,False
654,6540.0,0.0,13,M1,R1,True,7830535.74603555,1000000.0,1,False
654,6540.0,0.0,13,M1,R2,True,3063733.9957541316,1000000.0,2,True
654,6540.0,0.0,13,M1,R3,True,6768677.673822663,1000000.0,4,False
654,6540.0,0.0,13,M1,R4,True,7043863.120225582,1000000.0,3,False
654,6540.0,0.0,13,R1,S1,True,2970724.4794051056,500000.0,2,True
654,6540.0,0.0,13,R1,S2,True,7043863.120225582,500000.0,3,False
654,6540.0,0.0,13,R2,S3,True,7830535.74603555,500000.0,1,False
654,6540.0,0.0,13,R2,S4,True,6768677.67382266,500000.0,4,False
654,6540.0,0.0,13,R3,A1,True,3244193.1727978676,500000.0,2,True
654,6540.0,0.0,13,R3,A2,True,7043863.120225582,500000.0,3,False
654,6540.0,0.0,13,R4,A3,True,7830535.74603555,500000.0,1,False
654,6540.0,0.0,13,R4,A4,True,6768677.67382266,500000.0,4,False
655,6550.0,0.0,13,M1,R1,True,7830535.74603555,1000000.0,1,False
655,6550.0,0.0,13,M1,R2,True,3059509.60378489,1000000.0,2,True
655,6550.0,0.0,13,M1,R3,True,6768677.673822663,1000000.0,4,False
655,6550.0,0.0,13,M1,R4,True,7043863.120225582,1000000.0,3,False
655,6550.0,0.0,13,R1,S1,True,2966236.6417263565,500000.0,2,True
655,6550.0,0.0,13,R1,S2,True,7043863.120225582,500000.0,3,False
655,6550.0,0.0,13,R2,S3,True,7830535.74603555,500000.0,1,False
655,6550.0,0.0,13,R2,S4,True,6768677.67382266,500000.0,4,False
655,6550.0,0.0,13,R3,A1,True,3240470.3251303765,500000.0,2,True
655,6550.0,0.0,13,R3,A2,True,7043863.120225582,500000.0,3,False
655,6550.0,0.0,13,R4,A3,True,7830535.74603555,500000.0,1,False
655,6550.0,0.0,13,R4,A4,True,6768677.67382266,500000.0,4,False
656,6560.0,0.0,13,M1,R1,True,7830535.74603555,1000000.0,1,False
656,6560.0,0.0,13,M1,R2,True,3055272.951160066,1000000.0,2,True
656,6560.0,0.0,13,M1,R3,True,6768677.673822663,1000000.0,4,False
656,6560.0,0.0,13,M1,R4,True,7043863.120225582,1000000.0,3,False
656,6560.0,0.0,13,R1,S1,True,2961735.107427537,500000.0,2,True
656,6560.0,0.0,13,R1,S2,True,7043863.120225582,500000.0,3,False
656,6560.0,0.0,13,R2,S3,True,7830535.74603555,500000.0,1,False
656,6560.0,0.0,13,R2,S4,True,6768677.67382266,500000.0,4,False
656,6560.0,0.0,13,R3,A1,True,3236737.9391101506,500000.0,2,True
656,6560.0,0.0,13,R3,A2,True,7043863.120225582,500000.0,3,False
656,6560.0,0.0,13,R4,A3,True,7830535.74603555,500000.0,1,False
656,6560.0,0.0,13,R4,A4,True,6768677.67382266,500000.0,4,False
657,6570.0,0.0,13,M1,R1,True,7830535.74603555,1000000.0,1,False
657,6570.0,0.0,13,M1,R2,True,3051023.9684930607,1000000.0,2,True
657,6570.0,0.0,13,M1,R3,True,6768677.673822663,1000000.0,4,False
657,6570.0,0.0,13,M1,R4,True,7043863.120225582,1000000.0,3,False
657,6570.0,0.0,13,R1,S1,True,2957219.795820025,500000.0,2,True
657,6570.0,0.0,13,R1,S2,True,7043863.120225582,500000.0,3,False
657,6570.0,0.0,13,R2,S3,True,7830535.74603555,500000.0,1,False
657,6570.0,0.0,13,R2,S4,True,6768677.67382266,500000.0,4,False
657,6570.0,0.0,13,R3,A1,True,3232995.967208981,500000.0,2,True
657,6570.0,0.0,13,R3,A2,True,7043863.120225582,500000.0,3,False
657,6570.0,0.0,13,R4,A3,True,7830535.74603555,500000.0,1,False
657,6570.0,0.0,13,R4,A4,True,6768677.67382266,500000.0,4,False
658,6580.0,0.0,13,M1,R1,True,7830535.74603555,1000000.0,1,False
658,6580.0,0.0,13,M1,R2,True,3046762.5858185394,1000000.0,2,True
658,6580.0,0.0,13,M1,R3,True,6768677.673822663,1000000.0,4,False
658,6580.0,0.0,13,M1,R4,True,7043863.120225582,1000000.0,3,False
658,6580.0,0.0,13,R1,S1,True,2952690.625524581,500000.0,2,True
658,6580.0,0.0,13,R1,S2,True,7043863.120225582,500000.0,3,False
658,6580.0,0.0,13,R2,S3,True,7830535.74603555,500000.0,1,False
658,6580.0,0.0,13,R2,S4,True,6768677.67382266,500000.0,4,False
658,6580.0,0.0,13,R3,A1,True,3229244.3615495213,500000.0,2,True
658,6580.0,0.0,13,R3,A2,True,7043863.120225582,500000.0,3,False
658,6580.0,0.0,13,R4,A3,True,7830535.74603555,500000.0,1,False
658,6580.0,0.0,13,R4,A4,True,6768677.67382266,500000.0,4,False
659,6590.0,0.0,13,M1,R1,True,7830535.74603555,1000000.0,1,False
659,6590.0,0.0,13,M1,R2,True,3042488.7325861035,1000000.0,2,True
659,6590.0,0.0,13,M1,R3,True,6768677.673822663,1000000.0,4,False
659,6590.0,0.0,13,M1,R4,True,7043863.120225582,1000000.0,3,False
659,6590.0,0.0,13,R1,S1,True,2948147.514463845,500000.0,2,True
659,6590.0,0.0,13,R1,S2,True,7043863.120225582,500000.0,3,False
659,6590.0,0.0,13,R2,S3,True,7830535.74603555,500000.0,1,False
659,6590.0,0.0,13,R2,S4,True,6768677.67382266,500000.0,4,False
659,6590.0,0.0,13,R3,A1,True,3225483.073901951,500000.0,2,True
659,6590.0,0.0,13,R3,A2,True,7043863.120225582,500000.0,3,False
659,6590.0,0.0,13,R4,A3,True,7830535.74603555,500000.0,1,False
659,6590.0,0.0,13,R4,A4,True,6768677.67382266,500000.0,4,False
660,6600.0,0.0,13,M1,R1,True,7830535.74603555,1000000.0,1,False
660,6600.0,0.0,13,M1,R2,True,3038202.337653975,1000000.0,2,True
660,6600.0,0.0,13,M1,R3,True,6768677.673822663,1000000.0,4,False
660,6600.0,0.0,13,M1,R4,True,7043863.120225582,1000000.0,3,False
660,6600.0,0.0,13,R1,S1,True,2943590.3798546633,500000.0,2,True
660,6600.0,0.0,13,R1,S2,True,7043863.120225582,500000.0,3,False
660,6600.0,0.0,13,R2,S3,True,7830535.74603555,500000.0,1,False
660,6600.0,0.0,13,R2,S4,True,6768677.67382266,500000.0,4,False
660,6600.0,0.0,13,R3,A1,True,3221712.0556806107,500000.0,2,True
660,6600.0,0.0,13,R3,A2,True,7043863.120225582,500000.0,3,False
660,6600.0,0.0,13,R4,A3,True,7830535.74603555,500000.0,1,False
660,6600.0,0.0,13,R4,A4,True,6768677.67382266,500000.0,4,False
661,6610.0,0.0,13,M1,R1,True,7830535.74603555,1000000.0,1,False
661,6610.0,0.0,13,M1,R2,True,3033903.3292825064,1000000.0,2,True
661,6610.0,0.0,13,M1,R3,True,6768677.673822663,1000000.0,4,False
661,6610.0,0.0,13,M1,R4,True,7043863.120225582,1000000.0,3,False
661,6610.0,0.0,13,R1,S1,True,2939019.1382003957,500000.0,2,True
661,6610.0,0.0,13,R1,S2,True,7043863.120225582,500000.0,3,False
661,6610.0,0.0,13,R2,S3,True,7830535.74603555,500000.0,1,False
661,6610.0,0.0,13,R2,S4,True,6768677.67382266,500000.0,4,False
661,6610.0,0.0,13,R3,A1,True,3217931.257940565,500000.0,2,True
661,6610.0,0.0,13,R3,A2,True,7043863.120225582,500000.0,3,False
661,6610.0,0.0,13,R4,A3,True,7830535.74603555,500000.0,1,False
661,6610.0,0.0,13,R4,A4,True,6768677.67382266,500000.0,4,False
662,6620.0,0.0,13,M1,R1,True,7830535.74603555,1000000.0,1,False
662,6620.0,0.0,13,M1,R2,True,3029591.635127659,1000000.0,2,True
662,6620.0,0.0,13,M1,R3,True,6768677.673822663,1000000.0,4,False
662,6620.0,0.0,13,M1,R4,True,7043863.120225582,1000000.0,3,False
662,6620.0,0.0,13,R1,S1,True,2934433.7052830337,500000.0,2,True
662,6620.0,0.0,13,R1,S2,True,7043863.120225582,500000.0,3,False
662,6620.0,0.0,13,R2,S3,True,7830535.74603555,500000.0,1,False
662,6620.0,0.0,13,R2,S4,True,6768677.67382266,500000.0,4,False
662,6620.0,0.0,13,R3,A1,True,3214140.631374179,500000.0,2,True
662,6620.0,0.0,13,R3,A2,True,7043863.120225582,500000.0,3,False
662,6620.0,0.0,13,R4,A3,True,7830535.74603555,500000.0,1,False
662,6620.0,0.0,13,R4,A4,True,6768677.67382266,500000.0,4,False
663,6630.0,0.0,13,M1,R1,True,7830535.74603555,1000000.0,1,False
663,6630.0,0.0,13,M1,R2,True,3025267.1822343846,1000000.0,2,True
663,6630.0,0.0,13,M1,R3,True,6768677.673822663,1000000.0,4,False
663,6630.0,0.0,13,M1,R4,True,7043863.120225582,1000000.0,3,False
663,6630.0,0.0,13,R1,S1,True,2929833.9961552946,500000.0,2,True
663,6630.0,0.0,13,R1,S2,True,7043863.120225582,500000.0,3,False
663,6630.0,0.0,13,R2,S3,True,7830535.74603555,500000.0,1,False
663,6630.0,0.0,13,R2,S4,True,6768677.67382266,500000.0,4,False
663,6630.0,0.0,13,R3,A1,True,3210340.126307593,500000.0,2,True
663,6630.0,0.0,13,R3,A2,True,7043863.120225582,500000.0,3,False
663,6630.0,0.0,13,R4,A3,True,7830535.74603555,500000.0,1,False
663,6630.0,0.0,13,R4,A4,True,6768677.67382266,500000.0,4,False
664,6640.0,0.0,13,M1,R1,True,7830535.74603555,1000000.0,1,False
664,6640.0,0.0,13,M1,R2,True,3020929.8970298967,1000000.0,2,True
664,6640.0,0.0,13,M1,R3,True,6768677.673822663,1000000.0,4,False
664,6640.0,0.0,13,M1,R4,True,7043863.120225582,1000000.0,3,False
664,6640.0,0.0,13,R1,S1,True,2925219.9251325773,500000.0,2,True
664,6640.0,0.0,13,R1,S2,True,7043863.120225582,500000.0,3,False
664,6640.0,0.0,13,R2,S3,True,7830535.74603555,500000.0,1,False
664,6640.0,0.0,13,R2,S4,True,6768677.67382266,500000.0,4,False
664,6640.0,0.0,13,R3,A1,True,3206529.692697205,500000.0,2,True
664,6640.0,0.0,13,R3,A2,True,7043863.120225582,500000.0,3,False
664,6640.0,0.0,13,R4,A3,True,7830535.74603555,500000.0,1,False
664,6640.0,0.0,13,R4,A4,True,6768677.67382266,500000.0,4,False
665,6650.0,0.0,13,M1,R1,True,7830535.74603555,1000000.0,1,False
665,6650.0,0.0,13,M1,R2,True,3016579.7053168947,1000000.0,2,True
665,6650.0,0.0,13,M1,R3,True,6768677.673822663,1000000.0,4,False
665,6650.0,0.0,13,M1,R4,True,7043863.120225582,1000000.0,3,False
665,6650.0,0.0,13,R1,S1,True,2920591.405784825,500000.0,2,True
665,6650.0,0.0,13,R1,S2,True,7043863.120225582,500000.0,3,False
665,6650.0,0.0,13,R2,S3,True,7830535.74603555,500000.0,1,False
665,6650.0,0.0,13,R2,S4,True,6768677.67382266,500000.0,4,False
665,6650.0,0.0,13,R3,A1,True,3202709.280126101,500000.0,2,True
665,6650.0,0.0,13,R3,A2,True,7043863.120225582,500000.0,3,False
665,6650.0,0.0,13,R4,A3,True,7830535.74603555,500000.0,1,False
665,6650.0,0.0,13,R4,A4,True,6768677.67382266,500000.0,4,False
666,6660.0,0.0,13,M1,R1,True,7830535.74603555,1000000.0,1,False
666,6660.0,0.0,13,M1,R2,True,3012216.5322666536,1000000.0,2,True
666,6660.0,0.0,13,M1,R3,True,6768677.673822663,1000000.0,4,False
666,6660.0,0.0,13,M1,R4,True,7043863.120225582,1000000.0,3,False
666,6660.0,0.0,13,R1,S1,True,2915948.3509282717,500000.0,2,True
666,6660.0,0.0,13,R1,S2,True,7043863.120225582,500000.0,3,False
666,6660.0,0.0,13,R2,S3,True,7830535.74603555,500000.0,1,False
666,6660.0,0.0,13,R2,S4,True,6768677.67382266,500000.0,4,False
666,6660.0,0.0,13,R3,A1,True,3198878.8378003947,500000.0,2,True
666,6660.0,0.0,13,R3,A2,True,7043863.120225582,500000.0,3,False
666,6660.0,0.0,13,R4,A3,True,7830535.74603555,500000.0,1,False
666,6660.0,0.0,13,R4,A4,True,6768677.67382266,500000.0,4,False
667,6670.0,0.0,13,M1,R1,True,7830535.74603555,1000000.0,1,False
667,6670.0,0.0,13,M1,R2,True,3007840.3024120447,1000000.0,2,True
667,6670.0,0.0,13,M1,R3,True,6768677.673822663,1000000.0,4,False
667,6670.0,0.0,13,M1,R4,True,7043863.120225582,1000000.0,3,False
667,6670.0,0.0,13,R1,S1,True,2911290.672617102,500000.0,2,True
667,6670.0,0.0,13,R1,S2,True,7043863.120225582,500000.0,3,False
667,6670.0,0.0,13,R2,S3,True,7830535.74603555,500000.0,1,False
667,6670.0,0.0,13,R2,S4,True,6768677.67382266,500000.0,4,False
667,6670.0,0.0,13,R3,A1,True,3195038.314545617,500000.0,2,True
667,6670.0,0.0,13,R3,A2,True,7043863.120225582,500000.0,3,False
667,6670.0,0.0,13,R4,A3,True,7830535.74603555,500000.0,1,False
667,6670.0,0.0,13,R4,A4,True,6768677.67382266,500000.0,4,False
668,6680.0,0.0,13,M1,R1,True,7830535.74603555,1000000.0,1,False
668,6680.0,0.0,13,M1,R2,True,3003450.9396404736,1000000.0,2,True
668,6680.0,0.0,13,M1,R3,True,6768677.673822663,1000000.0,4,False
668,6680.0,0.0,13,M1,R4,True,7043863.120225582,1000000.0,3,False
668,6680.0,0.0,13,R1,S1,True,2906618.2821349707,500000.0,2,True
668,6680.0,0.0,13,R1,S2,True,7043863.120225582,500000.0,3,False
668,6680.0,0.0,13,R2,S3,True,7830535.74603555,500000.0,1,False
668,6680.0,0.0,13,R2,S4,True,6768677.67382266,500000.0,4,False
668,6680.0,0.0,13,R3,A1,True,3191187.6588029885,500000.0,2,True
668,6680.0,0.0,13,R3,A2,True,7043863.120225582,500000.0,3,False
668,6680.0,0.0,13,R4,A3,True,7830535.74603555,500000.0,1,False
668,6680.0,0.0,13,R4,A4,True,6768677.67382266,500000.0,4,False
669,6690.0,0.0,13,M1,R1,True,7830535.74603555,1000000.0,1,False
669,6690.0,0.0,13,M1,R2,True,2999048.367186685,1000000.0,2,True
669,6690.0,0.0,13,M1,R3,True,6768677.673822663,1000000.0,4,False
669,6690.0,0.0,13,M1,R4,True,7043863.120225582,1000000.0,3,False
669,6690.0,0.0,13,R1,S1,True,2901931.089986449,500000.0,2,True
669,6690.0,0.0,13,R1,S2,True,7043863.120225582,500000.0,3,False
669,6690.0,0.0,13,R2,S3,True,7830535.74603555,500000.0,1,False
669,6690.0,0.0,13,R2,S4,True,6768677.67382266,500000.0,4,False
669,6690.0,0.0,13,R3,A1,True,3187326.8186256634,500000.0,2,True
669,6690.0,0.0,13,R3,A2,True,7043863.120225582,500000.0,3,False
669,6690.0,0.0,13,R4,A3,True,7830535.74603555,500000.0,1,False
669,6690.0,0.0,13,R4,A4,True,6768677.67382266,500000.0,4,False
670,6700.0,0.0,13,M1,R1,True,7830535.74603555,1000000.0,1,False
670,6700.0,0.0,13,M1,R2,True,2994632.5076255295,1000000.0,2,True
670,6700.0,0.0,13,M1,R3,True,6768677.673822663,1000000.0,4,False
670,6700.0,0.0,13,M1,R4,True,7043863.120225582,1000000.0,3,False
670,6700.0,0.0,13,R1,S1,True,2897229.005888359,500000.0,2,True
670,6700.0,0.0,13,R1,S2,True,7043863.120225582,500000.0,3,False
670,6700.0,0.0,13,R2,S3,True,7830535.74603555,500000.0,1,False
670,6700.0,0.0,13,R2,S4,True,6768677.67382266,500000.0,4,False
670,6700.0,0.0,13,R3,A1,True,3183455.741674953,500000.0,2,True
670,6700.0,0.0,13,R3,A2,True,7043863.120225582,500000.0,3,False
670,6700.0,0.0,13,R4,A3,True,7830535.74603555,500000.0,1,False
670,6700.0,0.0,13,R4,A4,True,6768677.67382266,500000.0,4,False
671,6710.0,0.0,13,M1,R1,True,7830535.74603555,1000000.0,1,False
671,6710.0,0.0,13,M1,R2,True,2990203.2828645436,1000000.0,2,True
671,6710.0,0.0,13,M1,R3,True,6768677.673822663,1000000.0,4,False
671,6710.0,0.0,13,M1,R4,True,7043863.120225582,1000000.0,3,False
671,6710.0,0.0,13,R1,S1,True,2892511.938760936,500000.0,2,True
671,6710.0,0.0,13,R1,S2,True,7043863.120225582,500000.0,3,False
671,6710.0,0.0,13,R2,S3,True,7830535.74603555,500000.0,1,False
671,6710.0,0.0,13,R2,S4,True,6768677.67382266,500000.0,4,False
671,6710.0,0.0,13,R3,A1,True,3179574.3752164794,500000.0,2,True
671,6710.0,0.0,13,R3,A2,True,7043863.120225582,500000.0,3,False
671,6710.0,0.0,13,R4,A3,True,7830535.74603555,500000.0,1,False
671,6710.0,0.0,13,R4,A4,True,6768677.67382266,500000.0,4,False
672,6720.0,0.0,13,M1,R1,True,7830535.74603555,1000000.0,1,False
672,6720.0,0.0,13,M1,R2,True,2985760.6141365515,1000000.0,2,True
672,6720.0,0.0,13,M1,R3,True,6768677.673822663,1000000.0,4,False
672,6720.0,0.0,13,M1,R4,True,7043863.120225582,1000000.0,3,False
672,6720.0,0.0,13,R1,S1,True,2887779.7967189723,500000.0,2,True
672,6720.0,0.0,13,R1,S2,True,7043863.120225582,500000.0,3,False
672,6720.0,0.0,13,R2,S3,True,7830535.74603555,500000.0,1,False
672,6720.0,0.0,13,R2,S4,True,6768677.67382266,500000.0,4,False
672,6720.0,0.0,13,R3,A1,True,3175682.6661162907,500000.0,2,True
672,6720.0,0.0,13,R3,A2,True,7043863.120225582,500000.0,3,False
672,6720.0,0.0,13,R4,A3,True,7830535.74603555,500000.0,1,False
672,6720.0,0.0,13,R4,A4,True,6768677.67382266,500000.0,4,False
673,6730.0,0.0,13,M1,R1,True,7830535.74603555,1000000.0,1,False
673,6730.0,0.0,13,M1,R2,True,2981304.421992049,1000000.0,2,True
673,6730.0,0.0,13,M1,R3,True,6768677.673822663,1000000.0,4,False
673,6730.0,0.0,13,M1,R4,True,7043863.120225582,1000000.0,3,False
673,6730.0,0.0,13,R1,S1,True,2883032.4870627625,500000.0,2,True
673,6730.0,0.0,13,R1,S2,True,7043863.120225582,500000.0,3,False
673,6730.0,0.0,13,R2,S3,True,7830535.74603555,500000.0,1,False
673,6730.0,0.0,13,R2,S4,True,6768677.67382266,500000.0,4,False
673,6730.0,0.0,13,R3,A1,True,3171780.560836946,500000.0,2,True
673,6730.0,0.0,13,R3,A2,True,7043863.120225582,500000.0,3,False
673,6730.0,0.0,13,R4,A3,True,7830535.74603555,500000.0,1,False
673,6730.0,0.0,13,R4,A4,True,6768677.67382266,500000.0,4,False
674,6740.0,0.0,13,M1,R1,True,7830535.74603555,1000000.0,1,False
674,6740.0,0.0,13,M1,R2,True,2976834.6262915656,1000000.0,2,True
674,6740.0,0.0,13,M1,R3,True,6768677.673822663,1000000.0,4,False
674,6740.0,0.0,13,M1,R4,True,7043863.120225582,1000000.0,3,False
674,6740.0,0.0,13,R1,S1,True,2878269.9162689787,500000.0,2,True
674,6740.0,0.0,13,R1,S2,True,7043863.120225582,500000.0,3,False
674,6740.0,0.0,13,R2,S3,True,7830535.74603555,500000.0,1,False
674,6740.0,0.0,13,R2,S4,True,6768677.67382266,500000.0,4,False
674,6740.0,0.0,13,R3,A1,True,3167868.0054335287,500000.0,2,True
674,6740.0,0.0,13,R3,A2,True,7043863.120225582,500000.0,3,False
674,6740.0,0.0,13,R4,A3,True,7830535.74603555,500000.0,1,False
674,6740.0,0.0,13,R4,A4,True,6768677.67382266,500000.0,4,False
675,6750.0,0.0,13,M1,R1,True,7830535.74603555,1000000.0,1,False
675,6750.0,0.0,13,M1,R2,True,2972351.146197875,1000000.0,2,True
675,6750.0,0.0,13,M1,R3,True,6768677.673822663,1000000.0,4,False
675,6750.0,0.0,13,M1,R4,True,7043863.120225582,1000000.0,3,False
675,6750.0,0.0,13,R1,S1,True,2873491.9899814036,500000.0,2,True
675,6750.0,0.0,13,R1,S2,True,7043863.120225582,500000.0,3,False
675,6750.0,0.0,13,R2,S3,True,7830535.74603555,500000.0,1,False
675,6750.0,0.0,13,R2,S4,True,6768677.67382266,500000.0,4,False
675,6750.0,0.0,13,R3,A1,True,3163944.945549626,500000.0,2,True
675,6750.0,0.0,13,R3,A2,True,7043863.120225582,500000.0,3,False
675,6750.0,0.0,13,R4,A3,True,7830535.74603555,500000.0,1,False
675,6750.0,0.0,13,R4,A4,True,6768677.67382266,500000.0,4,False
676,6760.0,0.0,13,M1,R1,True,7830535.74603555,1000000.0,1,False
676,6760.0,0.0,13,M1,R2,True,2967853.9001681204,1000000.0,2,True
676,6760.0,0.0,13,M1,R3,True,6768677.673822663,1000000.0,4,False
676,6760.0,0.0,13,M1,R4,True,7043863.120225582,1000000.0,3,False
676,6760.0,0.0,13,R1,S1,True,2868698.6130015706,500000.0,2,True
676,6760.0,0.0,13,R1,S2,True,7043863.120225582,500000.0,3,False
676,6760.0,0.0,13,R2,S3,True,7830535.74603555,500000.0,1,False
676,6760.0,0.0,13,R2,S4,True,6768677.67382266,500000.0,4,False
676,6760.0,0.0,13,R3,A1,True,3160011.3264132654,500000.0,2,True
676,6760.0,0.0,13,R3,A2,True,7043863.120225582,500000.0,3,False
676,6760.0,0.0,13,R4,A3,True,7830535.74603555,500000.0,1,False
676,6760.0,0.0,13,R4,A4,True,6768677.67382266,500000.0,4,False
677,6770.0,0.0,13,M1,R1,True,7830535.74603555,1000000.0,1,False
677,6770.0,0.0,13,M1,R2,True,2963342.805945843,1000000.0,2,True
677,6770.0,0.0,13,M1,R3,True,6768677.673822663,1000000.0,4,False
677,6770.0,0.0,13,M1,R4,True,7043863.120225582,1000000.0,3,False
677,6770.0,0.0,13,R1,S1,True,2863889.689279232,500000.0,2,True
677,6770.0,0.0,13,R1,S2,True,7043863.120225582,500000.0,3,False
677,6770.0,0.0,13,R2,S3,True,7830535.74603555,500000.0,1,False
677,6770.0,0.0,13,R2,S4,True,6768677.67382266,500000.0,4,False
677,6770.0,0.0,13,R3,A1,True,3156067.092832768,500000.0,2,True
677,6770.0,0.0,13,R3,A2,True,7043863.120225582,500000.0,3,False
677,6770.0,0.0,13,R4,A3,True,7830535.74603555,500000.0,1,False
677,6770.0,0.0,13,R4,A4,True,6768677.67382266,500000.0,4,False
678,6780.0,0.0,13,M1,R1,True,7830535.74603555,1000000.0,1,False
678,6780.0,0.0,13,M1,R2,True,2958817.7805528753,1000000.0,2,True
678,6780.0,0.0,13,M1,R3,True,6768677.673822663,1000000.0,4,False
678,6780.0,0.0,13,M1,R4,True,7043863.120225582,1000000.0,3,False
678,6780.0,0.0,13,R1,S1,True,2859065.1219027834,500000.0,2,True
678,6780.0,0.0,13,R1,S2,True,7043863.120225582,500000.0,3,False
678,6780.0,0.0,13,R2,S3,True,7830535.74603555,500000.0,1,False
678,6780.0,0.0,13,R2,S4,True,6768677.67382266,500000.0,4,False
678,6780.0,0.0,13,R3,A1,True,3152112.1891926415,500000.0,2,True
678,6780.0,0.0,13,R3,A2,True,7043863.120225582,500000.0,3,False
678,6780.0,0.0,13,R4,A3,True,7830535.74603555,500000.0,1,False
678,6780.0,0.0,13,R4,A4,True,6768677.67382266,500000.0,4,False
679,6790.0,0.0,13,M1,R1,True,7830535.74603555,1000000.0,1,False
679,6790.0,0.0,13,M1,R2,True,2954278.740281147,1000000.0,2,True
679,6790.0,0.0,13,M1,R3,True,6768677.673822663,1000000.0,4,False
679,6790.0,0.0,13,M1,R4,True,7043863.120225582,1000000.0,3,False
679,6790.0,0.0,13,R1,S1,True,2854224.813089461,500000.0,2,True
679,6790.0,0.0,13,R1,S2,True,7043863.120225582,500000.0,3,False
679,6790.0,0.0,13,R2,S3,True,7830535.74603555,500000.0,1,False
679,6790.0,0.0,13,R2,S4,True,6768677.67382266,500000.0,4,False
679,6790.0,0.0,13,R3,A1,True,3148146.559449295,500000.0,2,True
679,6790.0,0.0,13,R3,A2,True,7043863.120225582,500000.0,3,False
679,6790.0,0.0,13,R4,A3,True,7830535.74603555,500000.0,1,False
679,6790.0,0.0,13,R4,A4,True,6768677.67382266,500000.0,4,False
680,6800.0,0.0,13,M1,R1,True,7830535.74603555,1000000.0,1,False
680,6800.0,0.0,13,M1,R2,True,2949725.600684356,1000000.0,2,True
680,6800.0,0.0,13,M1,R3,True,6768677.673822663,1000000.0,4,False
680,6800.0,0.0,13,M1,R4,True,7043863.120225582,1000000.0,3,False
680,6800.0,0.0,13,R1,S1,True,2849368.6641755104,500000.0,2,True
680,6800.0,0.0,13,R1,S2,True,7043863.120225582,500000.0,3,False
680,6800.0,0.0,13,R2,S3,True,7830535.74603555,500000.0,1,False
680,6800.0,0.0,13,R2,S4,True,6768677.67382266,500000.0,4,False
680,6800.0,0.0,13,R3,A1,True,3144170.1471268022,500000.0,2,True
680,6800.0,0.0,13,R3,A2,True,7043863.120225582,500000.0,3,False
680,6800.0,0.0,13,R4,A3,True,7830535.74603555,500000.0,1,False
680,6800.0,0.0,13,R4,A4,True,6768677.67382266,500000.0,4,False
681,6810.0,0.0,13,M1,R1,True,7830535.74603555,1000000.0,1,False
681,6810.0,0.0,13,M1,R2,True,2945158.276569549,1000000.0,2,True
681,6810.0,0.0,13,M1,R3,True,6768677.673822663,1000000.0,4,False
681,6810.0,0.0,13,M1,R4,True,7043863.120225582,1000000.0,3,False
681,6810.0,0.0,13,R1,S1,True,2844496.5756061645,500000.0,2,True
681,6810.0,0.0,13,R1,S2,True,7043863.120225582,500000.0,3,False
681,6810.0,0.0,13,R2,S3,True,7830535.74603555,500000.0,1,False
681,6810.0,0.0,13,R2,S4,True,6768677.67382266,500000.0,4,False
681,6810.0,0.0,13,R3,A1,True,3140182.895312594,500000.0,2,True
681,6810.0,0.0,13,R3,A2,True,7043863.120225582,500000.0,3,False
681,6810.0,0.0,13,R4,A3,True,7830535.74603555,500000.0,1,False
681,6810.0,0.0,13,R4,A4,True,6768677.67382266,500000.0,4,False
682,6820.0,0.0,13,M1,R1,True,7830535.74603555,1000000.0,1,False
682,6820.0,0.0,13,M1,R2,True,2940576.681988578,1000000.0,2,True
682,6820.0,0.0,13,M1,R3,True,6768677.673822663,1000000.0,4,False
682,6820.0,0.0,13,M1,R4,True,7043863.120225582,1000000.0,3,False
682,6820.0,0.0,13,R1,S1,True,2839608.4469255093,500000.0,2,True
682,6820.0,0.0,13,R1,S2,True,7043863.120225582,500000.0,3,False
682,6820.0,0.0,13,R2,S3,True,7830535.74603555,500000.0,1,False
682,6820.0,0.0,13,R2,S4,True,6768677.67382266,500000.0,4,False
682,6820.0,0.0,13,R3,A1,True,3136184.74665306,500000.0,2,True
682,6820.0,0.0,13,R3,A2,True,7043863.120225582,500000.0,3,False
682,6820.0,0.0,13,R4,A3,True,7830535.74603555,500000.0,1,False
682,6820.0,0.0,13,R4,A4,True,6768677.67382266,500000.0,4,False
683,6830.0,0.0,13,M1,R1,True,7830535.74603555,1000000.0,1,False
683,6830.0,0.0,13,M1,R2,True,2935980.7302294187,1000000.0,2,True
683,6830.0,0.0,13,M1,R3,True,6768677.673822663,1000000.0,4,False
683,6830.0,0.0,13,M1,R4,True,7043863.120225582,1000000.0,3,False
683,6830.0,0.0,13,R1,S1,True,2834704.1767662195,500000.0,2,True
683,6830.0,0.0,13,R1,S2,True,7043863.120225582,500000.0,3,False
683,6830.0,0.0,13,R2,S3,True,7830535.74603555,500000.0,1,False
683,6830.0,0.0,13,R2,S4,True,6768677.67382266,500000.0,4,False
683,6830.0,0.0,13,R3,A1,True,3132175.643349135,500000.0,2,True
683,6830.0,0.0,13,R3,A2,True,7043863.120225582,500000.0,3,False
683,6830.0,0.0,13,R4,A3,True,7830535.74603555,500000.0,1,False
683,6830.0,0.0,13,R4,A4,True,6768677.67382266,500000.0,4,False
684,6840.0,0.0,13,M1,R1,True,7830535.74603555,1000000.0,1,False
684,6840.0,0.0,13,M1,R2,True,2931370.333807407,1000000.0,2,True
684,6840.0,0.0,13,M1,R3,True,6768677.673822663,1000000.0,4,False
684,6840.0,0.0,13,M1,R4,True,7043863.120225582,1000000.0,3,False
684,6840.0,0.0,13,R1,S1,True,2829783.6628391584,500000.0,2,True
684,6840.0,0.0,13,R1,S2,True,7043863.120225582,500000.0,3,False
684,6840.0,0.0,13,R2,S3,True,7830535.74603555,500000.0,1,False
684,6840.0,0.0,13,R2,S4,True,6768677.67382266,500000.0,4,False
684,6840.0,0.0,13,R3,A1,True,3128155.5271518365,500000.0,2,True
684,6840.0,0.0,13,R3,A2,True,7043863.120225582,500000.0,3,False
684,6840.0,0.0,13,R4,A3,True,7830535.74603555,500000.0,1,False
684,6840.0,0.0,13,R4,A4,True,6768677.67382266,500000.0,4,False
685,6850.0,0.0,13,M1,R1,True,7830535.74603555,1000000.0,1,False
685,6850.0,0.0,13,M1,R2,True,2926745.4044563333,1000000.0,2,True
685,6850.0,0.0,13,M1,R3,True,6768677.673822663,1000000.0,4,False
685,6850.0,0.0,13,M1,R4,True,7043863.120225582,1000000.0,3,False
685,6850.0,0.0,13,R1,S1,True,2824846.8019228578,500000.0,2,True
685,6850.0,0.0,13,R1,S2,True,7043863.120225582,500000.0,3,False
685,6850.0,0.0,13,R2,S3,True,7830535.74603555,500000.0,1,False
685,6850.0,0.0,13,R2,S4,True,6768677.67382266,500000.0,4,False
685,6850.0,0.0,13,R3,A1,True,3124124.3393577025,500000.0,2,True
685,6850.0,0.0,13,R3,A2,True,7043863.120225582,500000.0,3,False
685,6850.0,0.0,13,R4,A3,True,7830535.74603555,500000.0,1,False
685,6850.0,0.0,13,R4,A4,True,6768677.67382266,500000.0,4,False
686,6860.0,0.0,13,M1,R1,True,7830535.74603555,1000000.0,1,False
686,6860.0,0.0,13,M1,R2,True,2922105.853119406,1000000.0,2,True
686,6860.0,0.0,13,M1,R3,True,6768677.673822663,1000000.0,4,False
686,6860.0,0.0,13,M1,R4,True,7043863.120225582,1000000.0,3,False
686,6860.0,0.0,13,R1,S1,True,2819893.4898528103,500000.0,2,True
686,6860.0,0.0,13,R1,S2,True,7043863.120225582,500000.0,3,False
686,6860.0,0.0,13,R2,S3,True,7830535.74603555,500000.0,1,False
686,6860.0,0.0,13,R2,S4,True,6768677.67382266,500000.0,4,False
686,6860.0,0.0,13,R3,A1,True,3120082.0208042283,500000.0,2,True
686,6860.0,0.0,13,R3,A2,True,7043863.120225582,500000.0,3,False
686,6860.0,0.0,13,R4,A3,True,7830535.74603555,500000.0,1,False
686,6860.0,0.0,13,R4,A4,True,6768677.67382266,500000.0,4,False
687,6870.0,0.0,13,M1,R1,True,7830535.74603555,1000000.0,1,False
687,6870.0,0.0,13,M1,R2,True,2917451.589940098,1000000.0,2,True
687,6870.0,0.0,13,M1,R3,True,6768677.673822663,1000000.0,4,False
687,6870.0,0.0,13,M1,R4,True,7043863.120225582,1000000.0,3,False
687,6870.0,0.0,13,R1,S1,True,2814923.6215106943,500000.0,2,True
687,6870.0,0.0,13,R1,S2,True,7043863.120225582,500000.0,3,False
687,6870.0,0.0,13,R2,S3,True,7830535.74603555,500000.0,1,False
687,6870.0,0.0,13,R2,S4,True,6768677.67382266,500000.0,4,False
687,6870.0,0.0,13,R3,A1,True,3116028.5118652293,500000.0,2,True
687,6870.0,0.0,13,R3,A2,True,7043863.120225582,500000.0,3,False
687,6870.0,0.0,13,R4,A3,True,7830535.74603555,500000.0,1,False
687,6870.0,0.0,13,R4,A4,True,6768677.67382266,500000.0,4,False
688,6880.0,0.0,13,M1,R1,True,7830535.74603555,1000000.0,1,False
688,6880.0,0.0,13,M1,R2,True,2912782.5242528697,1000000.0,2,True
688,6880.0,0.0,13,M1,R3,True,6768677.673822663,1000000.0,4,False
688,6880.0,0.0,13,M1,R4,True,7043863.120225582,1000000.0,3,False
688,6880.0,0.0,13,R1,S1,True,2809937.0908134105,500000.0,2,True
688,6880.0,0.0,13,R1,S2,True,7043863.120225582,500000.0,3,False
688,6880.0,0.0,13,R2,S3,True,7830535.74603555,500000.0,1,False
688,6880.0,0.0,13,R2,S4,True,6768677.67382266,500000.0,4,False
688,6880.0,0.0,13,R3,A1,True,3111963.7524461076,500000.0,2,True
688,6880.0,0.0,13,R3,A2,True,7043863.120225582,500000.0,3,False
688,6880.0,0.0,13,R4,A3,True,7830535.74603555,500000.0,1,False
688,6880.0,0.0,13,R4,A4,True,6768677.67382266,500000.0,4,False
689,6890.0,0.0,13,M1,R1,True,7830535.74603555,1000000.0,1,False
689,6890.0,0.0,13,M1,R2,True,2908098.5645737587,1000000.0,2,True
689,6890.0,0.0,13,M1,R3,True,6768677.673822663,1000000.0,4,False
689,6890.0,0.0,13,M1,R4,True,7043863.120225582,1000000.0,3,False
689,6890.0,0.0,13,R1,S1,True,2804933.790701982,500000.0,2,True
689,6890.0,0.0,13,R1,S2,True,7043863.120225582,500000.0,3,False
689,6890.0,0.0,13,R2,S3,True,7830535.74603555,500000.0,1,False
689,6890.0,0.0,13,R2,S4,True,6768677.67382266,500000.0,4,False
689,6890.0,0.0,13,R3,A1,True,3107887.681979135,500000.0,2,True
689,6890.0,0.0,13,R3,A2,True,7043863.120225582,500000.0,3,False
689,6890.0,0.0,13,R4,A3,True,7830535.74603555,500000.0,1,False
689,6890.0,0.0,13,R4,A4,True,6768677.67382266,500000.0,4,False
690,6900.0,0.0,13,M1,R1,True,7830535.74603555,1000000.0,1,False
690,6900.0,0.0,13,M1,R2,True,2903399.618590858,1000000.0,2,True
690,6900.0,0.0,13,M1,R3,True,6768677.673822663,1000000.0,4,False
690,6900.0,0.0,13,M1,R4,True,7043863.120225582,1000000.0,3,False
690,6900.0,0.0,13,R1,S1,True,2799913.613130304,500000.0,2,True
690,6900.0,0.0,13,R1,S2,True,7043863.120225582,500000.0,3,False
690,6900.0,0.0,13,R2,S3,True,7830535.74603555,500000.0,1,False
690,6900.0,0.0,13,R2,S4,True,6768677.67382266,500000.0,4,False
690,6900.0,0.0,13,R3,A1,True,3103800.2394186263,500000.0,2,True
690,6900.0,0.0,13,R3,A2,True,7043863.120225582,500000.0,3,False
690,6900.0,0.0,13,R4,A3,True,7830535.74603555,500000.0,1,False
690,6900.0,0.0,13,R4,A4,True,6768677.67382266,500000.0,4,False
691,6910.0,0.0,13,M1,R1,True,7830535.74603555,1000000.0,1,False
691,6910.0,0.0,13,M1,R2,True,2898685.593154605,1000000.0,2,True
691,6910.0,0.0,13,M1,R3,True,6768677.673822663,1000000.0,4,False
691,6910.0,0.0,13,M1,R4,True,7043863.120225582,1000000.0,3,False
691,6910.0,0.0,13,R1,S1,True,2794876.449053788,500000.0,2,True
691,6910.0,0.0,13,R1,S2,True,7043863.120225582,500000.0,3,False
691,6910.0,0.0,13,R2,S3,True,7830535.74603555,500000.0,1,False
691,6910.0,0.0,13,R2,S4,True,6768677.67382266,500000.0,4,False
691,6910.0,0.0,13,R3,A1,True,3099701.3632360552,500000.0,2,True
691,6910.0,0.0,13,R3,A2,True,7043863.120225582,500000.0,3,False
691,6910.0,0.0,13,R4,A3,True,7830535.74603555,500000.0,1,False
691,6910.0,0.0,13,R4,A4,True,6768677.67382266,500000.0,4,False
692,6920.0,0.0,13,M1,R1,True,7830535.74603555,1000000.0,1,False
692,6920.0,0.0,13,M1,R2,True,2893956.3942680117,1000000.0,2,True
692,6920.0,0.0,13,M1,R3,True,6768677.673822663,1000000.0,4,False
692,6920.0,0.0,13,M1,R4,True,7043863.120225582,1000000.0,3,False
692,6920.0,0.0,13,R1,S1,True,2789822.1884178007,500000.0,2,True
692,6920.0,0.0,13,R1,S2,True,7043863.120225582,500000.0,3,False
692,6920.0,0.0,13,R2,S3,True,7830535.74603555,500000.0,1,False
692,6920.0,0.0,13,R2,S4,True,6768677.67382266,500000.0,4,False
692,6920.0,0.0,13,R3,A1,True,3095590.9914151365,500000.0,2,True
692,6920.0,0.0,13,R3,A2,True,7043863.120225582,500000.0,3,False
692,6920.0,0.0,13,R4,A3,True,7830535.74603555,500000.0,1,False
692,6920.0,0.0,13,R4,A4,True,6768677.67382266,500000.0,4,False
693,6930.0,0.0,13,M1,R1,True,7830535.74603555,1000000.0,1,False
693,6930.0,0.0,13,M1,R2,True,2889211.9270766904,1000000.0,2,True
693,6930.0,0.0,13,M1,R3,True,6768677.673822663,1000000.0,4,False
693,6930.0,0.0,13,M1,R4,True,7043863.120225582,1000000.0,3,False
693,6930.0,0.0,13,R1,S1,True,2784750.720145987,500000.0,2,True
693,6930.0,0.0,13,R1,S2,True,7043863.120225582,500000.0,3,False
693,6930.0,0.0,13,R2,S3,True,7830535.74603555,500000.0,1,False
693,6930.0,0.0,13,R2,S4,True,6768677.67382266,500000.0,4,False
693,6930.0,0.0,13,R3,A1,True,3091469.0614468236,500000.0,2,True
693,6930.0,0.0,13,R3,A2,True,7043863.120225582,500000.0,3,False
693,6930.0,0.0,13,R4,A3,True,7830535.74603555,500000.0,1,False
693,6930.0,0.0,13,R4,A4,True,6768677.67382266,500000.0,4,False
694,6940.0,0.0,13,M1,R1,True,7830535.74603555,1000000.0,1,False
694,6940.0,0.0,13,M1,R2,True,2884452.0958587816,1000000.0,2,True
694,6940.0,0.0,13,M1,R3,True,6768677.673822663,1000000.0,4,False
694,6940.0,0.0,13,M1,R4,True,7043863.120225582,1000000.0,3,False
694,6940.0,0.0,13,R1,S1,True,2779661.9321284397,500000.0,2,True
694,6940.0,0.0,13,R1,S2,True,7043863.120225582,500000.0,3,False
694,6940.0,0.0,13,R2,S3,True,7830535.74603555,500000.0,1,False
694,6940.0,0.0,13,R2,S4,True,6768677.67382266,500000.0,4,False
694,6940.0,0.0,13,R3,A1,True,3087335.5103242714,500000.0,2,True
694,6940.0,0.0,13,R3,A2,True,7043863.120225582,500000.0,3,False
694,6940.0,0.0,13,R4,A3,True,7830535.74603555,500000.0,1,False
694,6940.0,0.0,13,R4,A4,True,6768677.67382266,500000.0,4,False
695,6950.0,0.0,13,M1,R1,True,7830535.74603555,1000000.0,1,False
695,6950.0,0.0,13,M1,R2,True,2879676.8040147224,1000000.0,2,True
695,6950.0,0.0,13,M1,R3,True,6768677.673822663,1000000.0,4,False
695,6950.0,0.0,13,M1,R4,True,7043863.120225582,1000000.0,3,False
695,6950.0,0.0,13,R1,S1,True,2774555.711209712,500000.0,2,True
695,6950.0,0.0,13,R1,S2,True,7043863.120225582,500000.0,3,False
695,6950.0,0.0,13,R2,S3,True,7830535.74603555,500000.0,1,False
695,6950.0,0.0,13,R2,S4,True,6768677.67382266,500000.0,4,False
695,6950.0,0.0,13,R3,A1,True,3083190.2745376965,500000.0,2,True
695,6950.0,0.0,13,R3,A2,True,7043863.120225582,500000.0,3,False
695,6950.0,0.0,13,R4,A3,True,7830535.74603555,500000.0,1,False
695,6950.0,0.0,13,R4,A4,True,6768677.67382266,500000.0,4,False
696,6960.0,0.0,13,M1,R1,True,7830535.74603555,1000000.0,1,False
696,6960.0,0.0,13,M1,R2,True,2874885.9540568814,1000000.0,2,True
696,6960.0,0.0,13,M1,R3,True,6768677.673822663,1000000.0,4,False
696,6960.0,0.0,13,M1,R4,True,7043863.120225582,1000000.0,3,False
696,6960.0,0.0,13,R1,S1,True,2769431.943176647,500000.0,2,True
696,6960.0,0.0,13,R1,S2,True,7043863.120225582,500000.0,3,False
696,6960.0,0.0,13,R2,S3,True,7830535.74603555,500000.0,1,False
696,6960.0,0.0,13,R2,S4,True,6768677.67382266,500000.0,4,False
696,6960.0,0.0,13,R3,A1,True,3079033.29006922,500000.0,2,True
696,6960.0,0.0,13,R3,A2,True,7043863.120225582,500000.0,3,False
696,6960.0,0.0,13,R4,A3,True,7830535.74603555,500000.0,1,False
696,6960.0,0.0,13,R4,A4,True,6768677.67382266,500000.0,4,False
697,6970.0,0.0,13,M1,R1,True,7830535.74603555,1000000.0,1,False
697,6970.0,0.0,13,M1,R2,True,2870079.447599028,1000000.0,2,True
697,6970.0,0.0,13,M1,R3,True,6768677.673822663,1000000.0,4,False
697,6970.0,0.0,13,M1,R4,True,7043863.120225582,1000000.0,3,False
697,6970.0,0.0,13,R1,S1,True,2764290.5127461078,500000.0,2,True
697,6970.0,0.0,13,R1,S2,True,7043863.120225582,500000.0,3,False
697,6970.0,0.0,13,R2,S3,True,7830535.74603555,500000.0,1,False
697,6970.0,0.0,13,R2,S4,True,6768677.67382266,500000.0,4,False
697,6970.0,0.0,13,R3,A1,True,3074864.4923876156,500000.0,2,True
697,6970.0,0.0,13,R3,A2,True,7043863.120225582,500000.0,3,False
697,6970.0,0.0,13,R4,A3,True,7830535.74603555,500000.0,1,False
697,6970.0,0.0,13,R4,A4,True,6768677.67382266,500000.0,4,False
698,6980.0,0.0,13,M1,R1,True,7830535.74603555,1000000.0,1,False
698,6980.0,0.0,13,M1,R2,True,2865257.1853456786,1000000.0,2,True
698,6980.0,0.0,13,M1,R3,True,6768677.673822663,1000000.0,4,False
698,6980.0,0.0,13,M1,R4,True,7043863.120225582,1000000.0,3,False
698,6980.0,0.0,13,R1,S1,True,2759131.303552478,500000.0,2,True
698,6980.0,0.0,13,R1,S2,True,7043863.120225582,500000.0,3,False
698,6980.0,0.0,13,R2,S3,True,7830535.74603555,500000.0,1,False
698,6980.0,0.0,13,R2,S4,True,6768677.67382266,500000.0,4,False
698,6980.0,0.0,13,R3,A1,True,3070683.816442999,500000.0,2,True
698,6980.0,0.0,13,R3,A2,True,7043863.120225582,500000.0,3,False
698,6980.0,0.0,13,R4,A3,True,7830535.74603555,500000.0,1,False
698,6980.0,0.0,13,R4,A4,True,6768677.67382266,500000.0,4,False
699,6990.0,0.0,13,M1,R1,True,7830535.74603555,1000000.0,1,False
699,6990.0,0.0,13,M1,R2,True,2860419.0670812717,1000000.0,2,True
699,6990.0,0.0,13,M1,R3,True,6768677.673822663,1000000.0,4,False
699,6990.0,0.0,13,M1,R4,True,7043863.120225582,1000000.0,3,False
699,6990.0,0.0,13,R1,S1,True,2753954.1981350714,500000.0,2,True
699,6990.0,0.0,13,R1,S2,True,7043863.120225582,500000.0,3,False
699,6990.0,0.0,13,R2,S3,True,7830535.74603555,500000.0,1,False
699,6990.0,0.0,13,R2,S4,True,6768677.67382266,500000.0,4,False
699,6990.0,0.0,13,R3,A1,True,3066491.1966614784,500000.0,2,True
699,6990.0,0.0,13,R3,A2,True,7043863.120225582,500000.0,3,False
699,6990.0,0.0,13,R4,A3,True,7830535.74603555,500000.0,1,False
699,6990.0,0.0,13,R4,A4,True,6768677.67382266,500000.0,4,False
700,7000.0,0.0,13,M1,R1,True,7830535.74603555,1000000.0,1,False
700,7000.0,0.0,13,M1,R2,True,2855564.991659194,1000000.0,2,True
700,7000.0,0.0,13,M1,R3,True,6768677.673822663,1000000.0,4,False
700,7000.0,0.0,13,M1,R4,True,7043863.120225582,1000000.0,3,False
700,7000.0,0.0,13,R1,S1,True,2748759.0779253137,500000.0,2,True
700,7000.0,0.0,13,R1,S2,True,7043863.120225582,500000.0,3,False
700,7000.0,0.0,13,R2,S3,True,7830535.74603555,500000.0,1,False
700,7000.0,0.0,13,R2,S4,True,6768677.67382266,500000.0,4,False
700,7000.0,0.0,13,R3,A1,True,3062286.5669396673,500000.0,2,True
700,7000.0,0.0,13,R3,A2,True,7043863.120225582,500000.0,3,False
700,7000.0,0.0,13,R4,A3,True,7830535.74603555,500000.0,1,False
700,7000.0,0.0,13,R4,A4,True,6768677.67382266,500000.0,4,False
701,7010.0,0.0,13,M1,R1,True,7830535.74603555,1000000.0,1,False
701,7010.0,0.0,13,M1,R2,True,2850694.85699067,1000000.0,2,True
701,7010.0,0.0,13,M1,R3,True,6768677.673822663,1000000.0,4,False
701,7010.0,0.0,13,M1,R4,True,7043863.120225582,1000000.0,3,False
701,7010.0,0.0,13,R1,S1,True,2743545.8232338,500000.0,2,True
701,7010.0,0.0,13,R1,S2,True,7043863.120225582,500000.0,3,False
701,7010.0,0.0,13,R2,S3,True,7830535.74603555,500000.0,1,False
701,7010.0,0.0,13,R2,S4,True,6768677.67382266,500000.0,4,False
701,7010.0,0.0,13,R3,A1,True,3058069.8606392387,500000.0,2,True
701,7010.0,0.0,13,R3,A2,True,7043863.120225582,500000.0,3,False
701,7010.0,0.0,13,R4,A3,True,7830535.74603555,500000.0,1,False
701,7010.0,0.0,13,R4,A4,True,6768677.67382266,500000.0,4,False
702,7020.0,0.0,13,M1,R1,True,7830535.74603555,1000000.0,1,False
702,7020.0,0.0,13,M1,R2,True,2845808.560033446,1000000.0,2,True
702,7020.0,0.0,13,M1,R3,True,6768677.673822663,1000000.0,4,False
702,7020.0,0.0,13,M1,R4,True,7043863.120225582,1000000.0,3,False
702,7020.0,0.0,13,R1,S1,True,2738314.3132371646,500000.0,2,True
702,7020.0,0.0,13,R1,S2,True,7043863.120225582,500000.0,3,False
702,7020.0,0.0,13,R2,S3,True,7830535.74603555,500000.0,1,False
702,7020.0,0.0,13,R2,S4,True,6768677.67382266,500000.0,4,False
702,7020.0,0.0,13,R3,A1,True,3053841.0105812983,500000.0,2,True
702,7020.0,0.0,13,R3,A2,True,7043863.120225582,500000.0,3,False
702,7020.0,0.0,13,R4,A3,True,7830535.74603555,500000.0,1,False
702,7020.0,0.0,13,R4,A4,True,6768677.67382266,500000.0,4,False
703,7030.0,0.0,13,M1,R1,True,7830535.74603555,1000000.0,1,False
703,7030.0,0.0,13,M1,R2,True,2840905.99678039,1000000.0,2,True
703,7030.0,0.0,13,M1,R3,True,6768677.673822663,1000000.0,4,False
703,7030.0,0.0,13,M1,R4,True,7043863.120225582,1000000.0,3,False
703,7030.0,0.0,13,R1,S1,True,2733064.425964813,500000.0,2,True
703,7030.0,0.0,13,R1,S2,True,7043863.120225582,500000.0,3,False
703,7030.0,0.0,13,R2,S3,True,7830535.74603555,500000.0,1,False
703,7030.0,0.0,13,R2,S4,True,6768677.67382266,500000.0,4,False
703,7030.0,0.0,13,R3,A1,True,3049599.9490407784,500000.0,2,True
703,7030.0,0.0,13,R3,A2,True,7043863.120225582,500000.0,3,False
703,7030.0,0.0,13,R4,A3,True,7830535.74603555,500000.0,1,False
703,7030.0,0.0,13,R4,A4,True,6768677.67382266,500000.0,4,False
704,7040.0,0.0,13,M1,R1,True,7830535.74603555,1000000.0,1,False
704,7040.0,0.0,13,M1,R2,True,2835987.062247833,1000000.0,2,True
704,7040.0,0.0,13,M1,R3,True,6768677.673822663,1000000.0,4,False
704,7040.0,0.0,13,M1,R4,True,7043863.120225582,1000000.0,3,False
704,7040.0,0.0,13,R1,S1,True,2727796.038285418,500000.0,2,True
704,7040.0,0.0,13,R1,S2,True,7043863.120225582,500000.0,3,False
704,7040.0,0.0,13,R2,S3,True,7830535.74603555,500000.0,1,False
704,7040.0,0.0,13,R2,S4,True,6768677.67382266,500000.0,4,False
704,7040.0,0.0,13,R3,A1,True,3045346.6077406965,500000.0,2,True
704,7040.0,0.0,13,R3,A2,True,7043863.120225582,500000.0,3,False
704,7040.0,0.0,13,R4,A3,True,7830535.74603555,500000.0,1,False
704,7040.0,0.0,13,R4,A4,True,6768677.67382266,500000.0,4,False
705,7050.0,0.0,13,M1,R1,True,7830535.74603555,1000000.0,1,False
705,7050.0,0.0,13,M1,R2,True,2831051.6504638246,1000000.0,2,True
705,7050.0,0.0,13,M1,R3,True,6768677.673822663,1000000.0,4,False
705,7050.0,0.0,13,M1,R4,True,7043863.120225582,1000000.0,3,False
705,7050.0,0.0,13,R1,S1,True,2722509.0258933106,500000.0,2,True
705,7050.0,0.0,13,R1,S2,True,7043863.120225582,500000.0,3,False
705,7050.0,0.0,13,R2,S3,True,7830535.74603555,500000.0,1,False
705,7050.0,0.0,13,R2,S4,True,6768677.67382266,500000.0,4,False
705,7050.0,0.0,13,R3,A1,True,3041080.917846391,500000.0,2,True
705,7050.0,0.0,13,R3,A2,True,7043863.120225582,500000.0,3,False
705,7050.0,0.0,13,R4,A3,True,7830535.74603555,500000.0,1,False
705,7050.0,0.0,13,R4,A4,True,6768677.67382266,500000.0,4,False
706,7060.0,0.0,13,M1,R1,True,7830535.74603555,1000000.0,1,False
706,7060.0,0.0,13,M1,R2,True,2826099.6544561917,1000000.0,2,True
706,7060.0,0.0,13,M1,R3,True,6768677.673822663,1000000.0,4,False
706,7060.0,0.0,13,M1,R4,True,7043863.120225582,1000000.0,3,False
706,7060.0,0.0,13,R1,S1,True,2717203.2632946605,500000.0,2,True
706,7060.0,0.0,13,R1,S2,True,7043863.120225582,500000.0,3,False
706,7060.0,0.0,13,R2,S3,True,7830535.74603555,500000.0,1,False
706,7060.0,0.0,13,R2,S4,True,6768677.67382266,500000.0,4,False
706,7060.0,0.0,13,R3,A1,True,3036802.8099596486,500000.0,2,True
706,7060.0,0.0,13,R3,A2,True,7043863.120225582,500000.0,3,False
706,7060.0,0.0,13,R4,A3,True,7830535.74603555,500000.0,1,False
706,7060.0,0.0,13,R4,A4,True,6768677.67382266,500000.0,4,False
707,7070.0,0.0,13,M1,R1,True,7830535.74603555,1000000.0,1,False
707,7070.0,0.0,13,M1,R2,True,2821130.966240398,1000000.0,2,True
707,7070.0,0.0,13,M1,R3,True,6768677.673822663,1000000.0,4,False
707,7070.0,0.0,13,M1,R4,True,7043863.120225582,1000000.0,3,False
707,7070.0,0.0,13,R1,S1,True,2711878.6237934767,500000.0,2,True
707,7070.0,0.0,13,R1,S2,True,7043863.120225582,500000.0,3,False
707,7070.0,0.0,13,R2,S3,True,7830535.74603555,500000.0,1,False
707,7070.0,0.0,13,R2,S4,True,6768677.67382266,500000.0,4,False
707,7070.0,0.0,13,R3,A1,True,3032512.2141127847,500000.0,2,True
707,7070.0,0.0,13,R3,A2,True,7043863.120225582,500000.0,3,False
707,7070.0,0.0,13,R4,A3,True,7830535.74603555,500000.0,1,False
707,7070.0,0.0,13,R4,A4,True,6768677.67382266,500000.0,4,False
708,7080.0,0.0,13,M1,R1,True,7830535.74603555,1000000.0,1,False
708,7080.0,0.0,13,M1,R2,True,2816145.476807281,1000000.0,2,True
708,7080.0,0.0,13,M1,R3,True,6768677.673822663,1000000.0,4,False
708,7080.0,0.0,13,M1,R4,True,7043863.120225582,1000000.0,3,False
708,7080.0,0.0,13,R1,S1,True,2706534.9794774493,500000.0,2,True
708,7080.0,0.0,13,R1,S2,True,7043863.120225582,500000.0,3,False
708,7080.0,0.0,13,R2,S3,True,7830535.74603555,500000.0,1,False
708,7080.0,0.0,13,R2,S4,True,6768677.67382266,500000.0,4,False
708,7080.0,0.0,13,R3,A1,True,3028209.0597626185,500000.0,2,True
708,7080.0,0.0,13,R3,A2,True,7043863.120225582,500000.0,3,False
708,7080.0,0.0,13,R4,A3,True,7830535.74603555,500000.0,1,False
708,7080.0,0.0,13,R4,A4,True,6768677.67382266,500000.0,4,False
709,7090.0,0.0,13,M1,R1,True,7830535.74603555,1000000.0,1,False
709,7090.0,0.0,13,M1,R2,True,2811143.0761105698,1000000.0,2,True
709,7090.0,0.0,13,M1,R3,True,6768677.673822663,1000000.0,4,False
709,7090.0,0.0,13,M1,R4,True,7043863.120225582,1000000.0,3,False
709,7090.0,0.0,13,R1,S1,True,2701172.2012035935,500000.0,2,True
709,7090.0,0.0,13,R1,S2,True,7043863.120225582,500000.0,3,False
709,7090.0,0.0,13,R2,S3,True,7830535.74603555,500000.0,1,False
709,7090.0,0.0,13,R2,S4,True,6768677.67382266,500000.0,4,False
709,7090.0,0.0,13,R3,A1,True,3023893.2757844185,500000.0,2,True
709,7090.0,0.0,13,R3,A2,True,7043863.120225582,500000.0,3,False
709,7090.0,0.0,13,R4,A3,True,7830535.74603555,500000.0,1,False
709,7090.0,0.0,13,R4,A4,True,6768677.67382266,500000.0,4,False
710,7100.0,0.0,13,M1,R1,True,7830535.74603555,1000000.0,1,False
710,7100.0,0.0,13,M1,R2,True,2806123.6530542504,1000000.0,2,True
710,7100.0,0.0,13,M1,R3,True,6768677.673822663,1000000.0,4,False
710,7100.0,0.0,13,M1,R4,True,7043863.120225582,1000000.0,3,False
710,7100.0,0.0,13,R1,S1,True,2695790.1585837076,500000.0,2,True
710,7100.0,0.0,13,R1,S2,True,7043863.120225582,500000.0,3,False
710,7100.0,0.0,13,R2,S3,True,7830535.74603555,500000.0,1,False
710,7100.0,0.0,13,R2,S4,True,6768677.67382266,500000.0,4,False
710,7100.0,0.0,13,R3,A1,True,3019564.7904657396,500000.0,2,True
710,7100.0,0.0,13,R3,A2,True,7043863.120225582,500000.0,3,False
710,7100.0,0.0,13,R4,A3,True,7830535.74603555,500000.0,1,False
710,7100.0,0.0,13,R4,A4,True,6768677.67382266,500000.0,4,False
711,7110.0,0.0,13,M1,R1,True,7830535.74603555,1000000.0,1,False
711,7110.0,0.0,13,M1,R2,True,2801087.095479736,1000000.0,2,True
711,7110.0,0.0,13,M1,R3,True,6768677.673822663,1000000.0,4,False
711,7110.0,0.0,13,M1,R4,True,7043863.120225582,1000000.0,3,False
711,7110.0,0.0,13,R1,S1,True,2690388.719969652,500000.0,2,True
711,7110.0,0.0,13,R1,S2,True,7043863.120225582,500000.0,3,False
711,7110.0,0.0,13,R2,S3,True,7830535.74603555,500000.0,1,False
711,7110.0,0.0,13,R2,S4,True,6768677.67382266,500000.0,4,False
711,7110.0,0.0,13,R3,A1,True,3015223.531500169,500000.0,2,True
711,7110.0,0.0,13,R3,A2,True,7043863.120225582,500000.0,3,False
711,7110.0,0.0,13,R4,A3,True,7830535.74603555,500000.0,1,False
711,7110.0,0.0,13,R4,A4,True,6768677.67382266,500000.0,4,False
712,7120.0,0.0,13,M1,R1,True,7830535.74603555,1000000.0,1,False
712,7120.0,0.0,13,M1,R2,True,2796033.290152851,1000000.0,2,True
712,7120.0,0.0,13,M1,R3,True,6768677.673822663,1000000.0,4,False
712,7120.0,0.0,13,M1,R4,True,7043863.120225582,1000000.0,3,False
712,7120.0,0.0,13,R1,S1,True,2684967.752438452,500000.0,2,True
712,7120.0,0.0,13,R1,S2,True,7043863.120225582,500000.0,3,False
712,7120.0,0.0,13,R2,S3,True,7830535.74603555,500000.0,1,False
712,7120.0,0.0,13,R2,S4,True,6768677.67382266,500000.0,4,False
712,7120.0,0.0,13,R3,A1,True,3010869.425981043,500000.0,2,True
712,7120.0,0.0,13,R3,A2,True,7043863.120225582,500000.0,3,False
712,7120.0,0.0,13,R4,A3,True,7830535.74603555,500000.0,1,False
712,7120.0,0.0,13,R4,A4,True,6768677.67382266,500000.0,4,False
713,7130.0,0.0,13,M1,R1,True,7830535.74603555,1000000.0,1,False
713,7130.0,0.0,13,M1,R2,True,2790962.122750629,1000000.0,2,True
713,7130.0,0.0,13,M1,R3,True,6768677.673822663,1000000.0,4,False
713,7130.0,0.0,13,M1,R4,True,7043863.120225582,1000000.0,3,False
713,7130.0,0.0,13,R1,S1,True,2679527.121777194,500000.0,2,True
713,7130.0,0.0,13,R1,S2,True,7043863.120225582,500000.0,3,False
713,7130.0,0.0,13,R2,S3,True,7830535.74603555,500000.0,1,False
713,7130.0,0.0,13,R2,S4,True,6768677.67382266,500000.0,4,False
713,7130.0,0.0,13,R3,A1,True,3006502.4003950236,500000.0,2,True
713,7130.0,0.0,13,R3,A2,True,7043863.120225582,500000.0,3,False
713,7130.0,0.0,13,R4,A3,True,7830535.74603555,500000.0,1,False
713,7130.0,0.0,13,R4,A4,True,6768677.67382266,500000.0,4,False
714,7140.0,0.0,13,M1,R1,True,7830535.74603555,1000000.0,1,False
714,7140.0,0.0,13,M1,R2,True,2785873.4778479277,1000000.0,2,True
714,7140.0,0.0,13,M1,R3,True,6768677.673822663,1000000.0,4,False
714,7140.0,0.0,13,M1,R4,True,7043863.120225582,1000000.0,3,False
714,7140.0,0.0,13,R1,S1,True,2674066.6924677268,500000.0,2,True
714,7140.0,0.0,13,R1,S2,True,7043863.120225582,500000.0,3,False
714,7140.0,0.0,13,R2,S3,True,7830535.74603555,500000.0,1,False
714,7140.0,0.0,13,R2,S4,True,6768677.67382266,500000.0,4,False
714,7140.0,0.0,13,R3,A1,True,3002122.3806156656,500000.0,2,True
714,7140.0,0.0,13,R3,A2,True,7043863.120225582,500000.0,3,False
714,7140.0,0.0,13,R4,A3,True,7830535.74603555,500000.0,1,False
714,7140.0,0.0,13,R4,A4,True,6768677.67382266,500000.0,4,False
715,7150.0,0.0,13,M1,R1,True,7830535.74603555,1000000.0,1,False
715,7150.0,0.0,13,M1,R2,True,2780767.238903839,1000000.0,2,True
715,7150.0,0.0,13,M1,R3,True,6768677.673822663,1000000.0,4,False
715,7150.0,0.0,13,M1,R4,True,7043863.120225582,1000000.0,3,False
715,7150.0,0.0,13,R1,S1,True,2668586.3276712033,500000.0,2,True
715,7150.0,0.0,13,R1,S2,True,7043863.120225582,500000.0,3,False
715,7150.0,0.0,13,R2,S3,True,7830535.74603555,500000.0,1,False
715,7150.0,0.0,13,R2,S4,True,6768677.67382266,500000.0,4,False
715,7150.0,0.0,13,R3,A1,True,2997729.291896823,500000.0,2,True
715,7150.0,0.0,13,R3,A2,True,7043863.120225582,500000.0,3,False
715,7150.0,0.0,13,R4,A3,True,7830535.74603555,500000.0,1,False
715,7150.0,0.0,13,R4,A4,True,6768677.67382266,500000.0,4,False
716,7160.0,0.0,13,M1,R1,True,7830535.74603555,1000000.0,1,False
716,7160.0,0.0,13,M1,R2,True,2775643.288247899,1000000.0,2,True
716,7160.0,0.0,13,M1,R3,True,6768677.673822663,1000000.0,4,False
716,7160.0,0.0,13,M1,R4,True,7043863.120225582,1000000.0,3,False
716,7160.0,0.0,13,R1,S1,True,2663085.88921237,500000.0,2,True
716,7160.0,0.0,13,R1,S2,True,7043863.120225582,500000.0,3,False
716,7160.0,0.0,13,R2,S3,True,7830535.74603555,500000.0,1,False
716,7160.0,0.0,13,R2,S4,True,6768677.67382266,500000.0,4,False
716,7160.0,0.0,13,R3,A1,True,2993323.058866029,500000.0,2,True
716,7160.0,0.0,13,R3,A2,True,7043863.120225582,500000.0,3,False
716,7160.0,0.0,13,R4,A3,True,7830535.74603555,500000.0,1,False
716,7160.0,0.0,13,R4,A4,True,6768677.67382266,500000.0,4,False
717,7170.0,0.0,13,M1,R1,True,7830535.74603555,1000000.0,1,False
717,7170.0,0.0,13,M1,R2,True,2770501.507066115,1000000.0,2,True
717,7170.0,0.0,13,M1,R3,True,6768677.673822663,1000000.0,4,False
717,7170.0,0.0,13,M1,R4,True,7043863.120225582,1000000.0,3,False
717,7170.0,0.0,13,R1,S1,True,2657565.237563712,500000.0,2,True
717,7170.0,0.0,13,R1,S2,True,7043863.120225582,500000.0,3,False
717,7170.0,0.0,13,R2,S3,True,7830535.74603555,500000.0,1,False
717,7170.0,0.0,13,R2,S4,True,6768677.67382266,500000.0,4,False
717,7170.0,0.0,13,R3,A1,True,2988903.6055177795,500000.0,2,True
717,7170.0,0.0,13,R3,A2,True,7043863.120225582,500000.0,3,False
717,7170.0,0.0,13,R4,A3,True,7830535.74603555,500000.0,1,False
717,7170.0,0.0,13,R4,A4,True,6768677.67382266,500000.0,4,False
718,7180.0,0.0,13,M1,R1,True,7830535.74603555,1000000.0,1,False
718,7180.0,0.0,13,M1,R2,True,2765341.775386777,1000000.0,2,True
718,7180.0,0.0,13,M1,R3,True,6768677.673822663,1000000.0,4,False
718,7180.0,0.0,13,M1,R4,True,7043863.120225582,1000000.0,3,False
718,7180.0,0.0,13,R1,S1,True,2652024.231829396,500000.0,2,True
718,7180.0,0.0,13,R1,S2,True,7043863.120225582,500000.0,3,False
718,7180.0,0.0,13,R2,S3,True,7830535.74603555,500000.0,1,False
718,7180.0,0.0,13,R2,S4,True,6768677.67382266,500000.0,4,False
718,7180.0,0.0,13,R3,A1,True,2984470.85520672,500000.0,2,True
718,7180.0,0.0,13,R3,A2,True,7043863.120225582,500000.0,3,False
718,7180.0,0.0,13,R4,A3,True,7830535.74603555,500000.0,1,False
718,7180.0,0.0,13,R4,A4,True,6768677.67382266,500000.0,4,False
719,7190.0,0.0,13,M1,R1,True,7830535.74603555,1000000.0,1,False
719,7190.0,0.0,13,M1,R2,True,2760163.9720660555,1000000.0,2,True
719,7190.0,0.0,13,M1,R3,True,6768677.673822663,1000000.0,4,False
719,7190.0,0.0,13,M1,R4,True,7043863.120225582,1000000.0,3,False
719,7190.0,0.0,13,R1,S1,True,2646462.729728958,500000.0,2,True
719,7190.0,0.0,13,R1,S2,True,7043863.120225582,500000.0,3,False
719,7190.0,0.0,13,R2,S3,True,7830535.74603555,500000.0,1,False
719,7190.0,0.0,13,R2,S4,True,6768677.67382266,500000.0,4,False
719,7190.0,0.0,13,R3,A1,True,2980024.7306407588,500000.0,2,True
719,7190.0,0.0,13,R3,A2,True,7043863.120225582,500000.0,3,False
719,7190.0,0.0,13,R4,A3,True,7830535.74603555,500000.0,1,False
719,7190.0,0.0,13,R4,A4,True,6768677.67382266,500000.0,4,False
720,7200.0,0.0,13,M1,R1,True,7830535.74603555,1000000.0,1,False
720,7200.0,0.0,13,M1,R2,True,2754967.9747734023,1000000.0,2,True
720,7200.0,0.0,13,M1,R3,True,6768677.673822663,1000000.0,4,False
720,7200.0,0.0,13,M1,R4,True,7043863.120225582,1000000.0,3,False
720,7200.0,0.0,13,R1,S1,True,2640880.5875808517,500000.0,2,True
720,7200.0,0.0,13,R1,S2,True,7043863.120225582,500000.0,3,False
720,7200.0,0.0,13,R2,S3,True,7830535.74603555,500000.0,1,False
720,7200.0,0.0,13,R2,S4,True,6768677.67382266,500000.0,4,False
720,7200.0,0.0,13,R3,A1,True,2975565.1538740634,500000.0,2,True
720,7200.0,0.0,13,R3,A2,True,7043863.120225582,500000.0,3,False
720,7200.0,0.0,13,R4,A3,True,7830535.74603555,500000.0,1,False
720,7200.0,0.0,13,R4,A4,True,6768677.67382266,500000.0,4,False
721,7210.0,0.0,13,M1,R1,True,7830535.74603555,1000000.0,1,False
721,7210.0,0.0,13,M1,R2,True,2749753.659976725,1000000.0,2,True
721,7210.0,0.0,13,M1,R3,True,6768677.673822663,1000000.0,4,False
721,7210.0,0.0,13,M1,R4,True,7043863.120225582,1000000.0,3,False
721,7210.0,0.0,13,R1,S1,True,2635277.6602857644,500000.0,2,True
721,7210.0,0.0,13,R1,S2,True,7043863.120225582,500000.0,3,False
721,7210.0,0.0,13,R2,S3,True,7830535.74603555,500000.0,1,False
721,7210.0,0.0,13,R2,S4,True,6768677.67382266,500000.0,4,False
721,7210.0,0.0,13,R3,A1,True,2971092.0463000303,500000.0,2,True
721,7210.0,0.0,13,R3,A2,True,7043863.120225582,500000.0,3,False
721,7210.0,0.0,13,R4,A3,True,7830535.74603555,500000.0,1,False
721,7210.0,0.0,13,R4,A4,True,6768677.67382266,500000.0,4,False
722,7220.0,0.0,13,M1,R1,True,7830535.74603555,1000000.0,1,False
722,7220.0,0.0,13,M1,R2,True,2744520.902927375,1000000.0,2,True
722,7220.0,0.0,13,M1,R3,True,6768677.673822663,1000000.0,4,False
722,7220.0,0.0,13,M1,R4,True,7043863.120225582,1000000.0,3,False
722,7220.0,0.0,13,R1,S1,True,2629653.8013097425,500000.0,2,True
722,7220.0,0.0,13,R1,S2,True,7043863.120225582,500000.0,3,False
722,7220.0,0.0,13,R2,S3,True,7830535.74603555,500000.0,1,False
722,7220.0,0.0,13,R2,S4,True,6768677.67382266,500000.0,4,False
722,7220.0,0.0,13,R3,A1,True,2966605.3286440903,500000.0,2,True
722,7220.0,0.0,13,R3,A2,True,7043863.120225582,500000.0,3,False
722,7220.0,0.0,13,R4,A3,True,7830535.74603555,500000.0,1,False
722,7220.0,0.0,13,R4,A4,True,6768677.67382266,500000.0,4,False
723,7230.0,0.0,13,M1,R1,True,7830535.74603555,1000000.0,1,False
723,7230.0,0.0,13,M1,R2,True,2739269.577644862,1000000.0,2,True
723,7230.0,0.0,13,M1,R3,True,6768677.673822663,1000000.0,4,False
723,7230.0,0.0,13,M1,R4,True,7043863.120225582,1000000.0,3,False
723,7230.0,0.0,13,R1,S1,True,2624008.8626670497,500000.0,2,True
723,7230.0,0.0,13,R1,S2,True,7043863.120225582,500000.0,3,False
723,7230.0,0.0,13,R2,S3,True,7830535.74603555,500000.0,1,False
723,7230.0,0.0,13,R2,S4,True,6768677.67382266,500000.0,4,False
723,7230.0,0.0,13,R3,A1,True,2962104.920956465,500000.0,2,True
723,7230.0,0.0,13,R3,A2,True,7043863.120225582,500000.0,3,False
723,7230.0,0.0,13,R4,A3,True,7830535.74603555,500000.0,1,False
723,7230.0,0.0,13,R4,A4,True,6768677.67382266,500000.0,4,False
724,7240.0,0.0,13,M1,R1,True,7830535.74603555,1000000.0,1,False
724,7240.0,0.0,13,M1,R2,True,2733999.556901408,1000000.0,2,True
724,7240.0,0.0,13,M1,R3,True,6768677.673822663,1000000.0,4,False
724,7240.0,0.0,13,M1,R4,True,7043863.120225582,1000000.0,3,False
724,7240.0,0.0,13,R1,S1,True,2618342.694902937,500000.0,2,True
724,7240.0,0.0,13,R1,S2,True,7043863.120225582,500000.0,3,False
724,7240.0,0.0,13,R2,S3,True,7830535.74603555,500000.0,1,False
724,7240.0,0.0,13,R2,S4,True,6768677.67382266,500000.0,4,False
724,7240.0,0.0,13,R3,A1,True,2957590.7426048536,500000.0,2,True
724,7240.0,0.0,13,R3,A2,True,7043863.120225582,500000.0,3,False
724,7240.0,0.0,13,R4,A3,True,7830535.74603555,500000.0,1,False
724,7240.0,0.0,13,R4,A4,True,6768677.67382266,500000.0,4,False
725,7250.0,0.0,13,M1,R1,True,7830535.74603555,1000000.0,1,False
725,7250.0,0.0,13,M1,R2,True,2728710.7122062068,1000000.0,2,True
725,7250.0,0.0,13,M1,R3,True,6768677.673822663,1000000.0,4,False
725,7250.0,0.0,13,M1,R4,True,7043863.120225582,1000000.0,3,False
725,7250.0,0.0,13,R1,S1,True,2612655.1470760647,500000.0,2,True
725,7250.0,0.0,13,R1,S2,True,7043863.120225582,500000.0,3,False
725,7250.0,0.0,13,R2,S3,True,7830535.74603555,500000.0,1,False
725,7250.0,0.0,13,R2,S4,True,6768677.67382266,500000.0,4,False
725,7250.0,0.0,13,R3,A1,True,2953062.7122669513,500000.0,2,True
725,7250.0,0.0,13,R3,A2,True,7043863.120225582,500000.0,3,False
725,7250.0,0.0,13,R4,A3,True,7830535.74603555,500000.0,1,False
725,7250.0,0.0,13,R4,A4,True,6768677.67382266,500000.0,4,False
726,7260.0,0.0,13,M1,R1,True,7830535.74603555,1000000.0,1,False
726,7260.0,0.0,13,M1,R2,True,2723402.913789517,1000000.0,2,True
726,7260.0,0.0,13,M1,R3,True,6768677.673822663,1000000.0,4,False
726,7260.0,0.0,13,M1,R4,True,7043863.120225582,1000000.0,3,False
726,7260.0,0.0,13,R1,S1,True,2606946.066740821,500000.0,2,True
726,7260.0,0.0,13,R1,S2,True,7043863.120225582,500000.0,3,False
726,7260.0,0.0,13,R2,S3,True,7830535.74603555,500000.0,1,False
726,7260.0,0.0,13,R2,S4,True,6768677.67382266,500000.0,4,False
726,7260.0,0.0,13,R3,A1,True,2948520.7479229397,500000.0,2,True
726,7260.0,0.0,13,R3,A2,True,7043863.120225582,500000.0,3,False
726,7260.0,0.0,13,R4,A3,True,7830535.74603555,500000.0,1,False
726,7260.0,0.0,13,R4,A4,True,6768677.67382266,500000.0,4,False
727,7270.0,0.0,13,M1,R1,True,7830535.74603555,1000000.0,1,False
727,7270.0,0.0,13,M1,R2,True,2718076.0305864844,1000000.0,2,True
727,7270.0,0.0,13,M1,R3,True,6768677.673822663,1000000.0,4,False
727,7270.0,0.0,13,M1,R4,True,7043863.120225582,1000000.0,3,False
727,7270.0,0.0,13,R1,S1,True,2601215.2999293455,500000.0,2,True
727,7270.0,0.0,13,R1,S2,True,7043863.120225582,500000.0,3,False
727,7270.0,0.0,13,R2,S3,True,7830535.74603555,500000.0,1,False
727,7270.0,0.0,13,R2,S4,True,6768677.67382266,500000.0,4,False
727,7270.0,0.0,13,R3,A1,True,2943964.7668478535,500000.0,2,True
727,7270.0,0.0,13,R3,A2,True,7043863.120225582,500000.0,3,False
727,7270.0,0.0,13,R4,A3,True,7830535.74603555,500000.0,1,False
727,7270.0,0.0,13,R4,A4,True,6768677.67382266,500000.0,4,False
728,7280.0,0.0,13,M1,R1,True,7830535.74603555,1000000.0,1,False
728,7280.0,0.0,13,M1,R2,True,2712729.930220729,1000000.0,2,True
728,7280.0,0.0,13,M1,R3,True,6768677.673822663,1000000.0,4,False
728,7280.0,0.0,13,M1,R4,True,7043863.120225582,1000000.0,3,False
728,7280.0,0.0,13,R1,S1,True,2595462.691133403,500000.0,2,True
728,7280.0,0.0,13,R1,S2,True,7043863.120225582,500000.0,3,False
728,7280.0,0.0,13,R2,S3,True,7830535.74603555,500000.0,1,False
728,7280.0,0.0,13,R2,S4,True,6768677.67382266,500000.0,4,False
728,7280.0,0.0,13,R3,A1,True,2939394.6856038556,500000.0,2,True
728,7280.0,0.0,13,R3,A2,True,7043863.120225582,500000.0,3,False
728,7280.0,0.0,13,R4,A3,True,7830535.74603555,500000.0,1,False
728,7280.0,0.0,13,R4,A4,True,6768677.67382266,500000.0,4,False
729,7290.0,0.0,13,M1,R1,True,7830535.74603555,1000000.0,1,False
729,7290.0,0.0,13,M1,R2,True,2707364.4789876943,1000000.0,2,True
729,7290.0,0.0,13,M1,R3,True,6768677.673822663,1000000.0,4,False
729,7290.0,0.0,13,M1,R4,True,7043863.120225582,1000000.0,3,False
729,7290.0,0.0,13,R1,S1,True,2589688.0832859986,500000.0,2,True
729,7290.0,0.0,13,R1,S2,True,7043863.120225582,500000.0,3,False
729,7290.0,0.0,13,R2,S3,True,7830535.74603555,500000.0,1,False
729,7290.0,0.0,13,R2,S4,True,6768677.67382266,500000.0,4,False
729,7290.0,0.0,13,R3,A1,True,2934810.4200324183,500000.0,2,True
729,7290.0,0.0,13,R3,A2,True,7043863.120225582,500000.0,3,False
729,7290.0,0.0,13,R4,A3,True,7830535.74603555,500000.0,1,False
729,7290.0,0.0,13,R4,A4,True,6768677.67382266,500000.0,4,False
730,7300.0,0.0,13,M1,R1,True,7830535.74603555,1000000.0,1,False
730,7300.0,0.0,13,M1,R2,True,2701979.54183775,1000000.0,2,True
730,7300.0,0.0,13,M1,R3,True,6768677.673822663,1000000.0,4,False
730,7300.0,0.0,13,M1,R4,True,7043863.120225582,1000000.0,3,False
730,7300.0,0.0,13,R1,S1,True,2583891.317742802,500000.0,2,True
730,7300.0,0.0,13,R1,S2,True,7043863.120225582,500000.0,3,False
730,7300.0,0.0,13,R2,S3,True,7830535.74603555,500000.0,1,False
730,7300.0,0.0,13,R2,S4,True,6768677.67382266,500000.0,4,False
730,7300.0,0.0,13,R3,A1,True,2930211.8852463723,500000.0,2,True
730,7300.0,0.0,13,R3,A2,True,7043863.120225582,500000.0,3,False
730,7300.0,0.0,13,R4,A3,True,7830535.74603555,500000.0,1,False
730,7300.0,0.0,13,R4,A4,True,6768677.67382266,500000.0,4,False
731,7310.0,0.0,13,M1,R1,True,7830535.74603555,1000000.0,1,False
731,7310.0,0.0,13,M1,R2,True,2696574.982359062,1000000.0,2,True
731,7310.0,0.0,13,M1,R3,True,6768677.673822663,1000000.0,4,False
731,7310.0,0.0,13,M1,R4,True,7043863.120225582,1000000.0,3,False
731,7310.0,0.0,13,R1,S1,True,2578072.234263313,500000.0,2,True
731,7310.0,0.0,13,R1,S2,True,7043863.120225582,500000.0,3,False
731,7310.0,0.0,13,R2,S3,True,7830535.74603555,500000.0,1,False
731,7310.0,0.0,13,R2,S4,True,6768677.67382266,500000.0,4,False
731,7310.0,0.0,13,R3,A1,True,2925598.9956218973,500000.0,2,True
731,7310.0,0.0,13,R3,A2,True,7043863.120225582,500000.0,3,False
731,7310.0,0.0,13,R4,A3,True,7830535.74603555,500000.0,1,False
731,7310.0,0.0,13,R4,A4,True,6768677.67382266,500000.0,4,False
732,7320.0,0.0,13,M1,R1,True,7830535.74603555,1000000.0,1,False
732,7320.0,0.0,13,M1,R2,True,2691150.662760181,1000000.0,2,True
732,7320.0,0.0,13,M1,R3,True,6768677.673822663,1000000.0,4,False
732,7320.0,0.0,13,M1,R4,True,7043863.120225582,1000000.0,3,False
732,7320.0,0.0,13,R1,S1,True,2572230.670991879,500000.0,2,True
732,7320.0,0.0,13,R1,S2,True,7043863.120225582,500000.0,3,False
732,7320.0,0.0,13,R2,S3,True,7830535.74603555,500000.0,1,False
732,7320.0,0.0,13,R2,S4,True,6768677.67382266,500000.0,4,False
732,7320.0,0.0,13,R3,A1,True,2920971.6647903924,500000.0,2,True
732,7320.0,0.0,13,R3,A2,True,7043863.120225582,500000.0,3,False
732,7320.0,0.0,13,R4,A3,True,7830535.74603555,500000.0,1,False
732,7320.0,0.0,13,R4,A4,True,6768677.67382266,500000.0,4,False
733,7330.0,0.0,13,M1,R1,True,7830535.74603555,1000000.0,1,False
733,7330.0,0.0,13,M1,R2,True,2685706.4438523944,1000000.0,2,True
733,7330.0,0.0,13,M1,R3,True,6768677.673822663,1000000.0,4,False
733,7330.0,0.0,13,M1,R4,True,7043863.120225582,1000000.0,3,False
733,7330.0,0.0,13,R1,S1,True,2566366.464438386,500000.0,2,True
733,7330.0,0.0,13,R1,S2,True,7043863.120225582,500000.0,3,False
733,7330.0,0.0,13,R2,S3,True,7830535.74603555,500000.0,1,False
733,7330.0,0.0,13,R2,S4,True,6768677.67382266,500000.0,4,False
733,7330.0,0.0,13,R3,A1,True,2916329.805630226,500000.0,2,True
733,7330.0,0.0,13,R3,A2,True,7043863.120225582,500000.0,3,False
733,7330.0,0.0,13,R4,A3,True,7830535.74603555,500000.0,1,False
733,7330.0,0.0,13,R4,A4,True,6768677.67382266,500000.0,4,False
734,7340.0,0.0,13,M1,R1,True,7830535.74603555,1000000.0,1,False
734,7340.0,0.0,13,M1,R2,True,2680242.1850317963,1000000.0,2,True
734,7340.0,0.0,13,M1,R3,True,6768677.673822663,1000000.0,4,False
734,7340.0,0.0,13,M1,R4,True,7043863.120225582,1000000.0,3,False
734,7340.0,0.0,13,R1,S1,True,2560479.449458862,500000.0,2,True
734,7340.0,0.0,13,R1,S2,True,7043863.120225582,500000.0,3,False
734,7340.0,0.0,13,R2,S3,True,7830535.74603555,500000.0,1,False
734,7340.0,0.0,13,R2,S4,True,6768677.67382266,500000.0,4,False
734,7340.0,0.0,13,R3,A1,True,2911673.3302584016,500000.0,2,True
734,7340.0,0.0,13,R3,A2,True,7043863.120225582,500000.0,3,False
734,7340.0,0.0,13,R4,A3,True,7830535.74603555,500000.0,1,False
734,7340.0,0.0,13,R4,A4,True,6768677.67382266,500000.0,4,False
735,7350.0,0.0,13,M1,R1,True,7830535.74603555,1000000.0,1,False
735,7350.0,0.0,13,M1,R2,True,2674757.744261129,1000000.0,2,True
735,7350.0,0.0,13,M1,R3,True,6768677.673822663,1000000.0,4,False
735,7350.0,0.0,13,M1,R4,True,7043863.120225582,1000000.0,3,False
735,7350.0,0.0,13,R1,S1,True,2554569.4592357227,500000.0,2,True
735,7350.0,0.0,13,R1,S2,True,7043863.120225582,500000.0,3,False
735,7350.0,0.0,13,R2,S3,True,7830535.74603555,500000.0,1,False
735,7350.0,0.0,13,R2,S4,True,6768677.67382266,500000.0,4,False
735,7350.0,0.0,13,R3,A1,True,2907002.1500221025,500000.0,2,True
735,7350.0,0.0,13,R3,A2,True,7043863.120225582,500000.0,3,False
735,7350.0,0.0,13,R4,A3,True,7830535.74603555,500000.0,1,False
735,7350.0,0.0,13,R4,A4,True,6768677.67382266,500000.0,4,False
736,7360.0,0.0,13,M1,R1,True,7830535.74603555,1000000.0,1,False
736,7360.0,0.0,13,M1,R2,True,2669252.9780513197,1000000.0,2,True
736,7360.0,0.0,13,M1,R3,True,6768677.673822663,1000000.0,4,False
736,7360.0,0.0,13,M1,R4,True,7043863.120225582,1000000.0,3,False
736,7360.0,0.0,13,R1,S1,True,2548636.3252578974,500000.0,2,True
736,7360.0,0.0,13,R1,S2,True,7043863.120225582,500000.0,3,False
736,7360.0,0.0,13,R2,S3,True,7830535.74603555,500000.0,1,False
736,7360.0,0.0,13,R2,S4,True,6768677.67382266,500000.0,4,False
736,7360.0,0.0,13,R3,A1,True,2902316.175490128,500000.0,2,True
736,7360.0,0.0,13,R3,A2,True,7043863.120225582,500000.0,3,False
736,7360.0,0.0,13,R4,A3,True,7830535.74603555,500000.0,1,False
736,7360.0,0.0,13,R4,A4,True,6768677.67382266,500000.0,4,False
737,7370.0,0.0,13,M1,R1,True,7830535.74603555,1000000.0,1,False
737,7370.0,0.0,13,M1,R2,True,2663727.7414427605,1000000.0,2,True
737,7370.0,0.0,13,M1,R3,True,6768677.673822663,1000000.0,4,False
737,7370.0,0.0,13,M1,R4,True,7043863.120225582,1000000.0,3,False
737,7370.0,0.0,13,R1,S1,True,2542679.8773006736,500000.0,2,True
737,7370.0,0.0,13,R1,S2,True,7043863.120225582,500000.0,3,False
737,7370.0,0.0,13,R2,S3,True,7830535.74603555,500000.0,1,False
737,7370.0,0.0,13,R2,S4,True,6768677.67382266,500000.0,4,False
737,7370.0,0.0,13,R3,A1,True,2897615.316444238,500000.0,2,True
737,7370.0,0.0,13,R3,A2,True,7043863.120225582,500000.0,3,False
737,7370.0,0.0,13,R4,A3,True,7830535.74603555,500000.0,1,False
737,7370.0,0.0,13,R4,A4,True,6768677.67382266,500000.0,4,False
738,7380.0,0.0,13,M1,R1,True,7830535.74603555,1000000.0,1,False
738,7380.0,0.0,13,M1,R2,True,2658181.8879863103,1000000.0,2,True
738,7380.0,0.0,13,M1,R3,True,6768677.673822663,1000000.0,4,False
738,7380.0,0.0,13,M1,R4,True,7043863.120225582,1000000.0,3,False
738,7380.0,0.0,13,R1,S1,True,2536699.9434053465,500000.0,2,True
738,7380.0,0.0,13,R1,S2,True,7043863.120225582,500000.0,3,False
738,7380.0,0.0,13,R2,S3,True,7830535.74603555,500000.0,1,False
738,7380.0,0.0,13,R2,S4,True,6768677.67382266,500000.0,4,False
738,7380.0,0.0,13,R3,A1,True,2892899.481870349,500000.0,2,True
738,7380.0,0.0,13,R3,A2,True,7043863.120225582,500000.0,3,False
738,7380.0,0.0,13,R4,A3,True,7830535.74603555,500000.0,1,False
738,7380.0,0.0,13,R4,A4,True,6768677.67382266,500000.0,4,False
739,7390.0,0.0,13,M1,R1,True,7830535.74603555,1000000.0,1,False
739,7390.0,0.0,13,M1,R2,True,2652615.269723994,1000000.0,2,True
739,7390.0,0.0,13,M1,R3,True,6768677.673822663,1000000.0,4,False
739,7390.0,0.0,13,M1,R4,True,7043863.120225582,1000000.0,3,False
739,7390.0,0.0,13,R1,S1,True,2530696.3498586146,500000.0,2,True
739,7390.0,0.0,13,R1,S2,True,7043863.120225582,500000.0,3,False
739,7390.0,0.0,13,R2,S3,True,7830535.74603555,500000.0,1,False
739,7390.0,0.0,13,R2,S4,True,6768677.67382266,500000.0,4,False
739,7390.0,0.0,13,R3,A1,True,2888168.5799496477,500000.0,2,True
739,7390.0,0.0,13,R3,A2,True,7043863.120225582,500000.0,3,False
739,7390.0,0.0,13,R4,A3,True,7830535.74603555,500000.0,1,False
739,7390.0,0.0,13,R4,A4,True,6768677.67382266,500000.0,4,False
740,7400.0,0.0,13,M1,R1,True,7830535.74603555,1000000.0,1,False
740,7400.0,0.0,13,M1,R2,True,2647027.7371694697,1000000.0,2,True
740,7400.0,0.0,13,M1,R3,True,6768677.673822663,1000000.0,4,False
740,7400.0,0.0,13,M1,R4,True,7043863.120225582,1000000.0,3,False
740,7400.0,0.0,13,R1,S1,True,2524668.9211718123,500000.0,2,True
740,7400.0,0.0,13,R1,S2,True,7043863.120225582,500000.0,3,False
740,7400.0,0.0,13,R2,S3,True,7830535.74603555,500000.0,1,False
740,7400.0,0.0,13,R2,S4,True,6768677.67382266,500000.0,4,False
740,7400.0,0.0,13,R3,A1,True,2883422.518049576,500000.0,2,True
740,7400.0,0.0,13,R3,A2,True,7043863.120225582,500000.0,3,False
740,7400.0,0.0,13,R4,A3,True,7830535.74603555,500000.0,1,False
740,7400.0,0.0,13,R4,A4,True,6768677.67382266,500000.0,4,False
741,7410.0,0.0,13,M1,R1,True,7830535.74603555,1000000.0,1,False
741,7410.0,0.0,13,M1,R2,True,2641419.139288138,1000000.0,2,True
741,7410.0,0.0,13,M1,R3,True,6768677.673822663,1000000.0,4,False
741,7410.0,0.0,13,M1,R4,True,7043863.120225582,1000000.0,3,False
741,7410.0,0.0,13,R1,S1,True,2518617.480059823,500000.0,2,True
741,7410.0,0.0,13,R1,S2,True,7043863.120225582,500000.0,3,False
741,7410.0,0.0,13,R2,S3,True,7830535.74603555,500000.0,1,False
741,7410.0,0.0,13,R2,S4,True,6768677.67382266,500000.0,4,False
741,7410.0,0.0,13,R3,A1,True,2878661.2027147175,500000.0,2,True
741,7410.0,0.0,13,R3,A2,True,7043863.120225582,500000.0,3,False
741,7410.0,0.0,13,R4,A3,True,7830535.74603555,500000.0,1,False
741,7410.0,0.0,13,R4,A4,True,6768677.67382266,500000.0,4,False
742,7420.0,0.0,13,M1,R1,True,7830535.74603555,1000000.0,1,False
742,7420.0,0.0,13,M1,R2,True,2635789.32347701,1000000.0,2,True
742,7420.0,0.0,13,M1,R3,True,6768677.673822663,1000000.0,4,False
742,7420.0,0.0,13,M1,R4,True,7043863.120225582,1000000.0,3,False
742,7420.0,0.0,13,R1,S1,True,2512541.8474198836,500000.0,2,True
742,7420.0,0.0,13,R1,S2,True,7043863.120225582,500000.0,3,False
742,7420.0,0.0,13,R2,S3,True,7830535.74603555,500000.0,1,False
742,7420.0,0.0,13,R2,S4,True,6768677.67382266,500000.0,4,False
742,7420.0,0.0,13,R3,A1,True,2873884.53965752,500000.0,2,True
742,7420.0,0.0,13,R3,A2,True,7043863.120225582,500000.0,3,False
742,7420.0,0.0,13,R4,A3,True,7830535.74603555,500000.0,1,False
742,7420.0,0.0,13,R4,A4,True,6768677.67382266,500000.0,4,False
743,7430.0,0.0,13,M1,R1,True,7830535.74603555,1000000.0,1,False
743,7430.0,0.0,13,M1,R2,True,2630138.135544247,1000000.0,2,True
743,7430.0,0.0,13,M1,R3,True,6768677.673822663,1000000.0,4,False
743,7430.0,0.0,13,M1,R4,True,7043863.120225582,1000000.0,3,False
743,7430.0,0.0,13,R1,S1,True,2506441.842310057,500000.0,2,True
743,7430.0,0.0,13,R1,S2,True,7043863.120225582,500000.0,3,False
743,7430.0,0.0,13,R2,S3,True,7830535.74603555,500000.0,1,False
743,7430.0,0.0,13,R2,S4,True,6768677.67382266,500000.0,4,False
743,7430.0,0.0,13,R3,A1,True,2869092.4337489516,500000.0,2,True
743,7430.0,0.0,13,R3,A2,True,7043863.120225582,500000.0,3,False
743,7430.0,0.0,13,R4,A3,True,7830535.74603555,500000.0,1,False
743,7430.0,0.0,13,R4,A4,True,6768677.67382266,500000.0,4,False
744,7440.0,0.0,13,M1,R1,True,7830535.74603555,1000000.0,1,False
744,7440.0,0.0,13,M1,R2,True,2624465.419688396,1000000.0,2,True
744,7440.0,0.0,13,M1,R3,True,6768677.673822663,1000000.0,4,False
744,7440.0,0.0,13,M1,R4,True,7043863.120225582,1000000.0,3,False
744,7440.0,0.0,13,R1,S1,True,2500317.281927562,500000.0,2,True
744,7440.0,0.0,13,R1,S2,True,7043863.120225582,500000.0,3,False
744,7440.0,0.0,13,R2,S3,True,7830535.74603555,500000.0,1,False
744,7440.0,0.0,13,R2,S4,True,6768677.67382266,500000.0,4,False
744,7440.0,0.0,13,R3,A1,True,2864284.7890090006,500000.0,2,True
744,7440.0,0.0,13,R3,A2,True,7043863.120225582,500000.0,3,False
744,7440.0,0.0,13,R4,A3,True,7830535.74603555,500000.0,1,False
744,7440.0,0.0,13,R4,A4,True,6768677.67382266,500000.0,4,False
745,7450.0,0.0,13,M1,R1,True,7830535.74603555,1000000.0,1,False
745,7450.0,0.0,13,M1,R2,True,2618771.0184773495,1000000.0,2,True
745,7450.0,0.0,13,M1,R3,True,6768677.673822663,1000000.0,4,False
745,7450.0,0.0,13,M1,R4,True,7043863.120225582,1000000.0,3,False
745,7450.0,0.0,13,R1,S1,True,2494167.981586851,500000.0,2,True
745,7450.0,0.0,13,R1,S2,True,7043863.120225582,500000.0,3,False
745,7450.0,0.0,13,R2,S3,True,7830535.74603555,500000.0,1,False
745,7450.0,0.0,13,R2,S4,True,6768677.67382266,500000.0,4,False
745,7450.0,0.0,13,R3,A1,True,2859461.508597066,500000.0,2,True
745,7450.0,0.0,13,R3,A2,True,7043863.120225582,500000.0,3,False
745,7450.0,0.0,13,R4,A3,True,7830535.74603555,500000.0,1,False
745,7450.0,0.0,13,R4,A4,True,6768677.67382266,500000.0,4,False
746,7460.0,0.0,13,M1,R1,True,7830535.74603555,1000000.0,1,False
746,7460.0,0.0,13,M1,R2,True,2613054.7728269566,1000000.0,2,True
746,7460.0,0.0,13,M1,R3,True,6768677.673822663,1000000.0,4,False
746,7460.0,0.0,13,M1,R4,True,7043863.120225582,1000000.0,3,False
746,7460.0,0.0,13,R1,S1,True,2487993.754697453,500000.0,2,True
746,7460.0,0.0,13,R1,S2,True,7043863.120225582,500000.0,3,False
746,7460.0,0.0,13,R2,S3,True,7830535.74603555,500000.0,1,False
746,7460.0,0.0,13,R2,S4,True,6768677.67382266,500000.0,4,False
746,7460.0,0.0,13,R3,A1,True,2854622.494802217,500000.0,2,True
746,7460.0,0.0,13,R3,A2,True,7043863.120225582,500000.0,3,False
746,7460.0,0.0,13,R4,A3,True,7830535.74603555,500000.0,1,False
746,7460.0,0.0,13,R4,A4,True,6768677.67382266,500000.0,4,False
747,7470.0,0.0,13,M1,R1,True,7830535.74603555,1000000.0,1,False
747,7470.0,0.0,13,M1,R2,True,2607316.5219793282,1000000.0,2,True
747,7470.0,0.0,13,M1,R3,True,6768677.673822663,1000000.0,4,False
747,7470.0,0.0,13,M1,R4,True,7043863.120225582,1000000.0,3,False
747,7470.0,0.0,13,R1,S1,True,2481794.412741647,500000.0,2,True
747,7470.0,0.0,13,R1,S2,True,7043863.120225582,500000.0,3,False
747,7470.0,0.0,13,R2,S3,True,7830535.74603555,500000.0,1,False
747,7470.0,0.0,13,R2,S4,True,6768677.67382266,500000.0,4,False
747,7470.0,0.0,13,R3,A1,True,2849767.649033332,500000.0,2,True
747,7470.0,0.0,13,R3,A2,True,7043863.120225582,500000.0,3,False
747,7470.0,0.0,13,R4,A3,True,7830535.74603555,500000.0,1,False
747,7470.0,0.0,13,R4,A4,True,6768677.67382266,500000.0,4,False
748,7480.0,0.0,13,M1,R1,True,7830535.74603555,1000000.0,1,False
748,7480.0,0.0,13,M1,R2,True,2601556.103480822,1000000.0,2,True
748,7480.0,0.0,13,M1,R3,True,6768677.673822663,1000000.0,4,False
748,7480.0,0.0,13,M1,R4,True,7043863.120225582,1000000.0,3,False
748,7480.0,0.0,13,R1,S1,True,2475569.765251858,500000.0,2,True
748,7480.0,0.0,13,R1,S2,True,7043863.120225582,500000.0,3,False
748,7480.0,0.0,13,R2,S3,True,7830535.74603555,500000.0,1,False
748,7480.0,0.0,13,R2,S4,True,6768677.67382266,500000.0,4,False
748,7480.0,0.0,13,R3,A1,True,2844896.8718091077,500000.0,2,True
748,7480.0,0.0,13,R3,A2,True,7043863.120225582,500000.0,3,False
748,7480.0,0.0,13,R4,A3,True,7830535.74603555,500000.0,1,False
748,7480.0,0.0,13,R4,A4,True,6768677.67382266,500000.0,4,False
749,7490.0,0.0,13,M1,R1,True,7830535.74603555,1000000.0,1,False
749,7490.0,0.0,13,M1,R2,True,2595773.353159721,1000000.0,2,True
749,7490.0,0.0,13,M1,R3,True,6768677.673822663,1000000.0,4,False
749,7490.0,0.0,13,M1,R4,True,7043863.120225582,1000000.0,3,False
749,7490.0,0.0,13,R1,S1,True,2469319.619787886,500000.0,2,True
749,7490.0,0.0,13,R1,S2,True,7043863.120225582,500000.0,3,False
749,7490.0,0.0,13,R2,S3,True,7830535.74603555,500000.0,1,False
749,7490.0,0.0,13,R2,S4,True,6768677.67382266,500000.0,4,False
749,7490.0,0.0,13,R3,A1,True,2840010.0627479274,500000.0,2,True
749,7490.0,0.0,13,R3,A2,True,7043863.120225582,500000.0,3,False
749,7490.0,0.0,13,R4,A3,True,7830535.74603555,500000.0,1,False
749,7490.0,0.0,13,R4,A4,True,6768677.67382266,500000.0,4,False
750,7500.0,0.0,13,M1,R1,True,7830535.74603555,1000000.0,1,False
750,7500.0,0.0,13,M1,R2,True,2589968.1051035346,1000000.0,2,True
750,7500.0,0.0,13,M1,R3,True,6768677.673822663,1000000.0,4,False
750,7500.0,0.0,13,M1,R4,True,7043863.120225582,1000000.0,3,False
750,7500.0,0.0,13,R1,S1,True,2463043.781913902,500000.0,2,True
750,7500.0,0.0,13,R1,S2,True,7043863.120225582,500000.0,3,False
750,7500.0,0.0,13,R2,S3,True,7830535.74603555,500000.0,1,False
750,7500.0,0.0,13,R2,S4,True,6768677.67382266,500000.0,4,False
750,7500.0,0.0,13,R3,A1,True,2835107.120557612,500000.0,2,True
750,7500.0,0.0,13,R3,A2,True,7043863.120225582,500000.0,3,False
750,7500.0,0.0,13,R4,A3,True,7830535.74603555,500000.0,1,False
750,7500.0,0.0,13,R4,A4,True,6768677.67382266,500000.0,4,False
751,7510.0,0.0,13,M1,R1,True,7830535.74603555,1000000.0,1,False
751,7510.0,0.0,13,M1,R2,True,2584140.191636014,1000000.0,2,True
751,7510.0,0.0,13,M1,R3,True,6768677.673822663,1000000.0,4,False
751,7510.0,0.0,13,M1,R4,True,7043863.120225582,1000000.0,3,False
751,7510.0,0.0,13,R1,S1,True,2456742.0547711444,500000.0,2,True
751,7510.0,0.0,13,R1,S2,True,7043863.120225582,500000.0,3,False
751,7510.0,0.0,13,R2,S3,True,7830535.74603555,500000.0,1,False
751,7510.0,0.0,13,R2,S4,True,6768677.67382266,500000.0,4,False
751,7510.0,0.0,13,R3,A1,True,2830187.9430250283,500000.0,2,True
751,7510.0,0.0,13,R3,A2,True,7043863.120225582,500000.0,3,False
751,7510.0,0.0,13,R4,A3,True,7830535.74603555,500000.0,1,False
751,7510.0,0.0,13,R4,A4,True,6768677.67382266,500000.0,4,False
752,7520.0,0.0,13,M1,R1,True,7830535.74603555,1000000.0,1,False
752,7520.0,0.0,13,M1,R2,True,2578289.4432937964,1000000.0,2,True
752,7520.0,0.0,13,M1,R3,True,6768677.673822663,1000000.0,4,False
752,7520.0,0.0,13,M1,R4,True,7043863.120225582,1000000.0,3,False
752,7520.0,0.0,13,R1,S1,True,2450414.240260027,500000.0,2,True
752,7520.0,0.0,13,R1,S2,True,7043863.120225582,500000.0,3,False
752,7520.0,0.0,13,R2,S3,True,7830535.74603555,500000.0,1,False
752,7520.0,0.0,13,R2,S4,True,6768677.67382266,500000.0,4,False
752,7520.0,0.0,13,R3,A1,True,2825252.4270055806,500000.0,2,True
752,7520.0,0.0,13,R3,A2,True,7043863.120225582,500000.0,3,False
752,7520.0,0.0,13,R4,A3,True,7830535.74603555,500000.0,1,False
752,7520.0,0.0,13,R4,A4,True,6768677.67382266,500000.0,4,False
753,7530.0,0.0,13,M1,R1,True,7830535.74603555,1000000.0,1,False
753,7530.0,0.0,13,M1,R2,True,2572415.688802709,1000000.0,2,True
753,7530.0,0.0,13,M1,R3,True,6768677.673822663,1000000.0,4,False
753,7530.0,0.0,13,M1,R4,True,7043863.120225582,1000000.0,3,False
753,7530.0,0.0,13,R1,S1,True,2444060.137817644,500000.0,2,True
753,7530.0,0.0,13,R1,S2,True,7043863.120225582,500000.0,3,False
753,7530.0,0.0,13,R2,S3,True,7830535.74603555,500000.0,1,False
753,7530.0,0.0,13,R2,S4,True,6768677.67382266,500000.0,4,False
753,7530.0,0.0,13,R3,A1,True,2820300.4684125157,500000.0,2,True
753,7530.0,0.0,13,R3,A2,True,7043863.120225582,500000.0,3,False
753,7530.0,0.0,13,R4,A3,True,7830535.74603555,500000.0,1,False
753,7530.0,0.0,13,R4,A4,True,6768677.67382266,500000.0,4,False
754,7540.0,0.0,13,M1,R1,True,7830535.74603555,1000000.0,1,False
754,7540.0,0.0,13,M1,R2,True,2566518.7550537395,1000000.0,2,True
754,7540.0,0.0,13,M1,R3,True,6768677.673822663,1000000.0,4,False
754,7540.0,0.0,13,M1,R4,True,7043863.120225582,1000000.0,3,False
754,7540.0,0.0,13,R1,S1,True,2437679.544791413,500000.0,2,True
754,7540.0,0.0,13,R1,S2,True,7043863.120225582,500000.0,3,False
754,7540.0,0.0,13,R2,S3,True,7830535.74603555,500000.0,1,False
754,7540.0,0.0,13,R2,S4,True,6768677.67382266,500000.0,4,False
754,7540.0,0.0,13,R3,A1,True,2815331.9622061565,500000.0,2,True
754,7540.0,0.0,13,R3,A2,True,7043863.120225582,500000.0,3,False
754,7540.0,0.0,13,R4,A3,True,7830535.74603555,500000.0,1,False
754,7540.0,0.0,13,R4,A4,True,6768677.67382266,500000.0,4,False
755,7550.0,0.0,13,M1,R1,True,7830535.74603555,1000000.0,1,False
755,7550.0,0.0,13,M1,R2,True,2560598.467078621,1000000.0,2,True
755,7550.0,0.0,13,M1,R3,True,6768677.673822663,1000000.0,4,False
755,7550.0,0.0,13,M1,R4,True,7043863.120225582,1000000.0,3,False
755,7550.0,0.0,13,R1,S1,True,2431272.256415039,500000.0,2,True
755,7550.0,0.0,13,R1,S2,True,7043863.120225582,500000.0,3,False
755,7550.0,0.0,13,R2,S3,True,7830535.74603555,500000.0,1,False
755,7550.0,0.0,13,R2,S4,True,6768677.67382266,500000.0,4,False
755,7550.0,0.0,13,R3,A1,True,2810346.802382955,500000.0,2,True
755,7550.0,0.0,13,R3,A2,True,7043863.120225582,500000.0,3,False
755,7550.0,0.0,13,R4,A3,True,7830535.74603555,500000.0,1,False
755,7550.0,0.0,13,R4,A4,True,6768677.67382266,500000.0,4,False
756,7560.0,0.0,13,M1,R1,True,7830535.74603555,1000000.0,1,False
756,7560.0,0.0,13,M1,R2,True,2554654.6480250824,1000000.0,2,True
756,7560.0,0.0,13,M1,R3,True,6768677.673822663,1000000.0,4,False
756,7560.0,0.0,13,M1,R4,True,7043863.120225582,1000000.0,3,False
756,7560.0,0.0,13,R1,S1,True,2424838.0657843407,500000.0,2,True
756,7560.0,0.0,13,R1,S2,True,7043863.120225582,500000.0,3,False
756,7560.0,0.0,13,R2,S3,True,7830535.74603555,500000.0,1,False
756,7560.0,0.0,13,R2,S4,True,6768677.67382266,500000.0,4,False
756,7560.0,0.0,13,R3,A1,True,2805344.881964389,500000.0,2,True
756,7560.0,0.0,13,R3,A2,True,7043863.120225582,500000.0,3,False
756,7560.0,0.0,13,R4,A3,True,7830535.74603555,500000.0,1,False
756,7560.0,0.0,13,R4,A4,True,6768677.67382266,500000.0,4,False
757,7570.0,0.0,13,M1,R1,True,7830535.74603555,1000000.0,1,False
757,7570.0,0.0,13,M1,R2,True,2548687.1191317425,1000000.0,2,True
757,7570.0,0.0,13,M1,R3,True,6768677.673822663,1000000.0,4,False
757,7570.0,0.0,13,M1,R4,True,7043863.120225582,1000000.0,3,False
757,7570.0,0.0,13,R1,S1,True,2418376.7638328453,500000.0,2,True
757,7570.0,0.0,13,R1,S2,True,7043863.120225582,500000.0,3,False
757,7570.0,0.0,13,R2,S3,True,7830535.74603555,500000.0,1,False
757,7570.0,0.0,13,R2,S4,True,6768677.67382266,500000.0,4,False
757,7570.0,0.0,13,R3,A1,True,2800326.092985759,500000.0,2,True
757,7570.0,0.0,13,R3,A2,True,7043863.120225582,500000.0,3,False
757,7570.0,0.0,13,R4,A3,True,7830535.74603555,500000.0,1,False
757,7570.0,0.0,13,R4,A4,True,6768677.67382266,500000.0,4,False
758,7580.0,0.0,13,M1,R1,True,7830535.74603555,1000000.0,1,False
758,7580.0,0.0,13,M1,R2,True,2542695.6997025968,1000000.0,2,True
758,7580.0,0.0,13,M1,R3,True,6768677.673822663,1000000.0,4,False
758,7580.0,0.0,13,M1,R4,True,7043863.120225582,1000000.0,3,False
758,7580.0,0.0,13,R1,S1,True,2411888.139307245,500000.0,2,True
758,7580.0,0.0,13,R1,S2,True,7043863.120225582,500000.0,3,False
758,7580.0,0.0,13,R2,S3,True,7830535.74603555,500000.0,1,False
758,7580.0,0.0,13,R2,S4,True,6768677.67382266,500000.0,4,False
758,7580.0,0.0,13,R3,A1,True,2795290.326484791,500000.0,2,True
758,7580.0,0.0,13,R3,A2,True,7043863.120225582,500000.0,3,False
758,7580.0,0.0,13,R4,A3,True,7830535.74603555,500000.0,1,False
758,7580.0,0.0,13,R4,A4,True,6768677.67382266,500000.0,4,False
759,7590.0,0.0,13,M1,R1,True,7830535.74603555,1000000.0,1,False
759,7590.0,0.0,13,M1,R2,True,2536680.207081156,1000000.0,2,True
759,7590.0,0.0,13,M1,R3,True,6768677.673822663,1000000.0,4,False
759,7590.0,0.0,13,M1,R4,True,7043863.120225582,1000000.0,3,False
759,7590.0,0.0,13,R1,S1,True,2405371.9787426377,500000.0,2,True
759,7590.0,0.0,13,R1,S2,True,7043863.120225582,500000.0,3,False
759,7590.0,0.0,13,R2,S3,True,7830535.74603555,500000.0,1,False
759,7590.0,0.0,13,R2,S4,True,6768677.67382266,500000.0,4,False
759,7590.0,0.0,13,R3,A1,True,2790237.472490144,500000.0,2,True
759,7590.0,0.0,13,R3,A2,True,7043863.120225582,500000.0,3,False
759,7590.0,0.0,13,R4,A3,True,7830535.74603555,500000.0,1,False
759,7590.0,0.0,13,R4,A4,True,6768677.67382266,500000.0,4,False
760,7600.0,0.0,13,M1,R1,True,7830535.74603555,1000000.0,1,False
760,7600.0,0.0,13,M1,R2,True,2530640.4566242187,1000000.0,2,True
760,7600.0,0.0,13,M1,R3,True,6768677.673822663,1000000.0,4,False
760,7600.0,0.0,13,M1,R4,True,7043863.120225582,1000000.0,3,False
760,7600.0,0.0,13,R1,S1,True,2398828.066437643,500000.0,2,True
760,7600.0,0.0,13,R1,S2,True,7043863.120225582,500000.0,3,False
760,7600.0,0.0,13,R2,S3,True,7830535.74603555,500000.0,1,False
760,7600.0,0.0,13,R2,S4,True,6768677.67382266,500000.0,4,False
760,7600.0,0.0,13,R3,A1,True,2785167.4200097146,500000.0,2,True
760,7600.0,0.0,13,R3,A2,True,7043863.120225582,500000.0,3,False
760,7600.0,0.0,13,R4,A3,True,7830535.74603555,500000.0,1,False
760,7600.0,0.0,13,R4,A4,True,6768677.67382266,500000.0,4,False
761,7610.0,0.0,13,M1,R1,True,7830535.74603555,1000000.0,1,False
761,7610.0,0.0,13,M1,R2,True,2524576.261675218,1000000.0,2,True
761,7610.0,0.0,13,M1,R3,True,6768677.673822663,1000000.0,4,False
761,7610.0,0.0,13,M1,R4,True,7043863.120225582,1000000.0,3,False
761,7610.0,0.0,13,R1,S1,True,2392256.1844293186,500000.0,2,True
761,7610.0,0.0,13,R1,S2,True,7043863.120225582,500000.0,3,False
761,7610.0,0.0,13,R2,S3,True,7830535.74603555,500000.0,1,False
761,7610.0,0.0,13,R2,S4,True,6768677.67382266,500000.0,4,False
761,7610.0,0.0,13,R3,A1,True,2780080.0570188113,500000.0,2,True
761,7610.0,0.0,13,R3,A2,True,7043863.120225582,500000.0,3,False
761,7610.0,0.0,13,R4,A3,True,7830535.74603555,500000.0,1,False
761,7610.0,0.0,13,R4,A4,True,6768677.67382266,500000.0,4,False
762,7620.0,0.0,13,M1,R1,True,7830535.74603555,1000000.0,1,False
762,7620.0,0.0,13,M1,R2,True,2518487.4335372327,1000000.0,2,True
762,7620.0,0.0,13,M1,R3,True,6768677.673822663,1000000.0,4,False
762,7620.0,0.0,13,M1,R4,True,7043863.120225582,1000000.0,3,False
762,7620.0,0.0,13,R1,S1,True,2385656.1124679786,500000.0,2,True
762,7620.0,0.0,13,R1,S2,True,7043863.120225582,500000.0,3,False
762,7620.0,0.0,13,R2,S3,True,7830535.74603555,500000.0,1,False
762,7620.0,0.0,13,R2,S4,True,6768677.67382266,500000.0,4,False
762,7620.0,0.0,13,R3,A1,True,2774975.270448191,500000.0,2,True
762,7620.0,0.0,13,R3,A2,True,7043863.120225582,500000.0,3,False
762,7620.0,0.0,13,R4,A3,True,7830535.74603555,500000.0,1,False
762,7620.0,0.0,13,R4,A4,True,6768677.67382266,500000.0,4,False
763,7630.0,0.0,13,M1,R1,True,7830535.74603555,1000000.0,1,False
763,7630.0,0.0,13,M1,R2,True,2512373.7814455456,1000000.0,2,True
763,7630.0,0.0,13,M1,R3,True,6768677.673822663,1000000.0,4,False
763,7630.0,0.0,13,M1,R4,True,7043863.120225582,1000000.0,3,False
763,7630.0,0.0,13,R1,S1,True,2379027.6279917993,500000.0,2,True
763,7630.0,0.0,13,R1,S2,True,7043863.120225582,500000.0,3,False
763,7630.0,0.0,13,R2,S3,True,7830535.74603555,500000.0,1,False
763,7630.0,0.0,13,R2,S4,True,6768677.67382266,500000.0,4,False
763,7630.0,0.0,13,R3,A1,True,2769852.9461719305,500000.0,2,True
763,7630.0,0.0,13,R3,A2,True,7043863.120225582,500000.0,3,False
763,7630.0,0.0,13,R4,A3,True,7830535.74603555,500000.0,1,False
763,7630.0,0.0,13,R4,A4,True,6768677.67382266,500000.0,4,False
764,7640.0,0.0,13,M1,R1,True,7830535.74603555,1000000.0,1,False
764,7640.0,0.0,13,M1,R2,True,2506235.1125398614,1000000.0,2,True
764,7640.0,0.0,13,M1,R3,True,6768677.673822663,1000000.0,4,False
764,7640.0,0.0,13,M1,R4,True,7043863.120225582,1000000.0,3,False
764,7640.0,0.0,13,R1,S1,True,2372370.506101357,500000.0,2,True
764,7640.0,0.0,13,R1,S2,True,7043863.120225582,500000.0,3,False
764,7640.0,0.0,13,R2,S3,True,7830535.74603555,500000.0,1,False
764,7640.0,0.0,13,R2,S4,True,6768677.67382266,500000.0,4,False
764,7640.0,0.0,13,R3,A1,True,2764712.9689951036,500000.0,2,True
764,7640.0,0.0,13,R3,A2,True,7043863.120225582,500000.0,3,False
764,7640.0,0.0,13,R4,A3,True,7830535.74603555,500000.0,1,False
764,7640.0,0.0,13,R4,A4,True,6768677.67382266,500000.0,4,False
765,7650.0,0.0,13,M1,R1,True,7830535.74603555,1000000.0,1,False
765,7650.0,0.0,13,M1,R2,True,2500071.2318360736,1000000.0,2,True
765,7650.0,0.0,13,M1,R3,True,6768677.673822663,1000000.0,4,False
765,7650.0,0.0,13,M1,R4,True,7043863.120225582,1000000.0,3,False
765,7650.0,0.0,13,R1,S1,True,2365684.5195340156,500000.0,2,True
765,7650.0,0.0,13,R1,S2,True,7043863.120225582,500000.0,3,False
765,7650.0,0.0,13,R2,S3,True,7830535.74603555,500000.0,1,False
765,7650.0,0.0,13,R2,S4,True,6768677.67382266,500000.0,4,False
765,7650.0,0.0,13,R3,A1,True,2759555.222641366,500000.0,2,True
765,7650.0,0.0,13,R3,A2,True,7043863.120225582,500000.0,3,False
765,7650.0,0.0,13,R4,A3,True,7830535.74603555,500000.0,1,False
765,7650.0,0.0,13,R4,A4,True,6768677.67382266,500000.0,4,False
766,7660.0,0.0,13,M1,R1,True,7830535.74603555,1000000.0,1,False
766,7660.0,0.0,13,M1,R2,True,2493881.9421976483,1000000.0,2,True
766,7660.0,0.0,13,M1,R3,True,6768677.673822663,1000000.0,4,False
766,7660.0,0.0,13,M1,R4,True,7043863.120225582,1000000.0,3,False
766,7660.0,0.0,13,R1,S1,True,2358969.438638188,500000.0,2,True
766,7660.0,0.0,13,R1,S2,True,7043863.120225582,500000.0,3,False
766,7660.0,0.0,13,R2,S3,True,7830535.74603555,500000.0,1,False
766,7660.0,0.0,13,R2,S4,True,6768677.67382266,500000.0,4,False
766,7660.0,0.0,13,R3,A1,True,2754379.5897403173,500000.0,2,True
766,7660.0,0.0,13,R3,A2,True,7043863.120225582,500000.0,3,False
766,7660.0,0.0,13,R4,A3,True,7830535.74603555,500000.0,1,False
766,7660.0,0.0,13,R4,A4,True,6768677.67382266,500000.0,4,False
767,7670.0,0.0,13,M1,R1,True,7830535.74603555,1000000.0,1,False
767,7670.0,0.0,13,M1,R2,True,2487667.044306601,1000000.0,2,True
767,7670.0,0.0,13,M1,R3,True,6768677.673822663,1000000.0,4,False
767,7670.0,0.0,13,M1,R4,True,7043863.120225582,1000000.0,3,False
767,7670.0,0.0,13,R1,S1,True,2352225.031347526,500000.0,2,True
767,7670.0,0.0,13,R1,S2,True,7043863.120225582,500000.0,3,False
767,7670.0,0.0,13,R2,S3,True,7830535.74603555,500000.0,1,False
767,7670.0,0.0,13,R2,S4,True,6768677.67382266,500000.0,4,False
767,7670.0,0.0,13,R3,A1,True,2749185.9518147456,500000.0,2,True
767,7670.0,0.0,13,R3,A2,True,7043863.120225582,500000.0,3,False
767,7670.0,0.0,13,R4,A3,True,7830535.74603555,500000.0,1,False
767,7670.0,0.0,13,R4,A4,True,6768677.67382266,500000.0,4,False
768,7680.0,0.0,13,M1,R1,True,7830535.74603555,1000000.0,1,False
768,7680.0,0.0,13,M1,R2,True,2481426.3366340143,1000000.0,2,True
768,7680.0,0.0,13,M1,R3,True,6768677.673822663,1000000.0,4,False
768,7680.0,0.0,13,M1,R4,True,7043863.120225582,1000000.0,3,False
768,7680.0,0.0,13,R1,S1,True,2345451.063155002,500000.0,2,True
768,7680.0,0.0,13,R1,S2,True,7043863.120225582,500000.0,3,False
768,7680.0,0.0,13,R2,S3,True,7830535.74603555,500000.0,1,False
768,7680.0,0.0,13,R2,S4,True,6768677.67382266,500000.0,4,False
768,7680.0,0.0,13,R3,A1,True,2743974.189267672,500000.0,2,True
768,7680.0,0.0,13,R3,A2,True,7043863.120225582,500000.0,3,False
768,7680.0,0.0,13,R4,A3,True,7830535.74603555,500000.0,1,False
768,7680.0,0.0,13,R4,A4,True,6768677.67382266,500000.0,4,False
769,7690.0,0.0,13,M1,R1,True,7830535.74603555,1000000.0,1,False
769,7690.0,0.0,13,M1,R2,True,2475159.61541021,1000000.0,2,True
769,7690.0,0.0,13,M1,R3,True,6768677.673822663,1000000.0,4,False
769,7690.0,0.0,13,M1,R4,True,7043863.120225582,1000000.0,3,False
769,7690.0,0.0,13,R1,S1,True,2338647.2970869136,500000.0,2,True
769,7690.0,0.0,13,R1,S2,True,7043863.120225582,500000.0,3,False
769,7690.0,0.0,13,R2,S3,True,7830535.74603555,500000.0,1,False
769,7690.0,0.0,13,R2,S4,True,6768677.67382266,500000.0,4,False
769,7690.0,0.0,13,R3,A1,True,2738744.1813692325,500000.0,2,True
769,7690.0,0.0,13,R3,A2,True,7043863.120225582,500000.0,3,False
769,7690.0,0.0,13,R4,A3,True,7830535.74603555,500000.0,1,False
769,7690.0,0.0,13,R4,A4,True,6768677.67382266,500000.0,4,False
770,7700.0,0.0,13,M1,R1,True,7830535.74603555,1000000.0,1,False
770,7700.0,0.0,13,M1,R2,True,2468866.6745943953,1000000.0,2,True
770,7700.0,0.0,13,M1,R3,True,6768677.673822663,1000000.0,4,False
770,7700.0,0.0,13,M1,R4,True,7043863.120225582,1000000.0,3,False
770,7700.0,0.0,13,R1,S1,True,2331813.4936768645,500000.0,2,True
770,7700.0,0.0,13,R1,S2,True,7043863.120225582,500000.0,3,False
770,7700.0,0.0,13,R2,S3,True,7830535.74603555,500000.0,1,False
770,7700.0,0.0,13,R2,S4,True,6768677.67382266,500000.0,4,False
770,7700.0,0.0,13,R3,A1,True,2733495.806243427,500000.0,2,True
770,7700.0,0.0,13,R3,A2,True,7043863.120225582,500000.0,3,False
770,7700.0,0.0,13,R4,A3,True,7830535.74603555,500000.0,1,False
770,7700.0,0.0,13,R4,A4,True,6768677.67382266,500000.0,4,False
771,7710.0,0.0,13,M1,R1,True,7830535.74603555,1000000.0,1,False
771,7710.0,0.0,13,M1,R2,True,2462547.305843969,1000000.0,2,True
771,7710.0,0.0,13,M1,R3,True,6768677.673822663,1000000.0,4,False
771,7710.0,0.0,13,M1,R4,True,7043863.120225582,1000000.0,3,False
771,7710.0,0.0,13,R1,S1,True,2324949.410939632,500000.0,2,True
771,7710.0,0.0,13,R1,S2,True,7043863.120225582,500000.0,3,False
771,7710.0,0.0,13,R2,S3,True,7830535.74603555,500000.0,1,False
771,7710.0,0.0,13,R2,S4,True,6768677.67382266,500000.0,4,False
771,7710.0,0.0,13,R3,A1,True,2728228.9408546533,500000.0,2,True
771,7710.0,0.0,13,R3,A2,True,7043863.120225582,500000.0,3,False
771,7710.0,0.0,13,R4,A3,True,7830535.74603555,500000.0,1,False
771,7710.0,0.0,13,R4,A4,True,6768677.67382266,500000.0,4,False
772,7720.0,0.0,13,M1,R1,True,7830535.74603555,1000000.0,1,False
772,7720.0,0.0,13,M1,R2,True,2456201.2984833326,1000000.0,2,True
772,7720.0,0.0,13,M1,R3,True,6768677.673822663,1000000.0,4,False
772,7720.0,0.0,13,M1,R4,True,7043863.120225582,1000000.0,3,False
772,7720.0,0.0,13,R1,S1,True,2318054.8043450913,500000.0,2,True
772,7720.0,0.0,13,R1,S2,True,7043863.120225582,500000.0,3,False
772,7720.0,0.0,13,R2,S3,True,7830535.74603555,500000.0,1,False
772,7720.0,0.0,13,R2,S4,True,6768677.67382266,500000.0,4,False
772,7720.0,0.0,13,R3,A1,True,2722943.4609940755,500000.0,2,True
772,7720.0,0.0,13,R3,A2,True,7043863.120225582,500000.0,3,False
772,7720.0,0.0,13,R4,A3,True,7830535.74603555,500000.0,1,False
772,7720.0,0.0,13,R4,A4,True,6768677.67382266,500000.0,4,False
773,7730.0,0.0,13,M1,R1,True,7830535.74603555,1000000.0,1,False
773,7730.0,0.0,13,M1,R2,True,2449828.439472281,1000000.0,2,True
773,7730.0,0.0,13,M1,R3,True,6768677.673822663,1000000.0,4,False
773,7730.0,0.0,13,M1,R4,True,7043863.120225582,1000000.0,3,False
773,7730.0,0.0,13,R1,S1,True,2311129.4267920577,500000.0,2,True
773,7730.0,0.0,13,R1,S2,True,7043863.120225582,500000.0,3,False
773,7730.0,0.0,13,R2,S3,True,7830535.74603555,500000.0,1,False
773,7730.0,0.0,13,R2,S4,True,6768677.67382266,500000.0,4,False
773,7730.0,0.0,13,R3,A1,True,2717639.2412658376,500000.0,2,True
773,7730.0,0.0,13,R3,A2,True,7043863.120225582,500000.0,3,False
773,7730.0,0.0,13,R4,A3,True,7830535.74603555,500000.0,1,False
773,7730.0,0.0,13,R4,A4,True,6768677.67382266,500000.0,4,False
774,7740.0,0.0,13,M1,R1,True,7830535.74603555,1000000.0,1,False
774,7740.0,0.0,13,M1,R2,True,2443428.513373961,1000000.0,2,True
774,7740.0,0.0,13,M1,R3,True,6768677.673822663,1000000.0,4,False
774,7740.0,0.0,13,M1,R4,True,7043863.120225582,1000000.0,3,False
774,7740.0,0.0,13,R1,S1,True,2304173.028582171,500000.0,2,True
774,7740.0,0.0,13,R1,S2,True,7043863.120225582,500000.0,3,False
774,7740.0,0.0,13,R2,S3,True,7830535.74603555,500000.0,1,False
774,7740.0,0.0,13,R2,S4,True,6768677.67382266,500000.0,4,False
774,7740.0,0.0,13,R3,A1,True,2712316.1550730946,500000.0,2,True
774,7740.0,0.0,13,R3,A2,True,7043863.120225582,500000.0,3,False
774,7740.0,0.0,13,R4,A3,True,7830535.74603555,500000.0,1,False
774,7740.0,0.0,13,R4,A4,True,6768677.67382266,500000.0,4,False
775,7750.0,0.0,13,M1,R1,True,7830535.74603555,1000000.0,1,False
775,7750.0,0.0,13,M1,R2,True,2437001.3023223523,1000000.0,2,True
775,7750.0,0.0,13,M1,R3,True,6768677.673822663,1000000.0,4,False
775,7750.0,0.0,13,M1,R4,True,7043863.120225582,1000000.0,3,False
775,7750.0,0.0,13,R1,S1,True,2297185.3573938115,500000.0,2,True
775,7750.0,0.0,13,R1,S2,True,7043863.120225582,500000.0,3,False
775,7750.0,0.0,13,R2,S3,True,7830535.74603555,500000.0,1,False
775,7750.0,0.0,13,R2,S4,True,6768677.67382266,500000.0,4,False
775,7750.0,0.0,13,R3,A1,True,2706974.0746038156,500000.0,2,True
775,7750.0,0.0,13,R3,A2,True,7043863.120225582,500000.0,3,False
775,7750.0,0.0,13,R4,A3,True,7830535.74603555,500000.0,1,False
775,7750.0,0.0,13,R4,A4,True,6768677.67382266,500000.0,4,False
776,7760.0,0.0,13,M1,R1,True,7830535.74603555,1000000.0,1,False
776,7760.0,0.0,13,M1,R2,True,2430546.585989323,1000000.0,2,True
776,7760.0,0.0,13,M1,R3,True,6768677.673822663,1000000.0,4,False
776,7760.0,0.0,13,M1,R4,True,7043863.120225582,1000000.0,3,False
776,7760.0,0.0,13,R1,S1,True,2290166.158256063,500000.0,2,True
776,7760.0,0.0,13,R1,S2,True,7043863.120225582,500000.0,3,False
776,7760.0,0.0,13,R2,S3,True,7830535.74603555,500000.0,1,False
776,7760.0,0.0,13,R2,S4,True,6768677.67382266,500000.0,4,False
776,7760.0,0.0,13,R3,A1,True,2701612.870816517,500000.0,2,True
776,7760.0,0.0,13,R3,A2,True,7043863.120225582,500000.0,3,False
776,7760.0,0.0,13,R4,A3,True,7830535.74603555,500000.0,1,False
776,7760.0,0.0,13,R4,A4,True,6768677.67382266,500000.0,4,False
777,7770.0,0.0,13,M1,R1,True,7830535.74603555,1000000.0,1,False
777,7770.0,0.0,13,M1,R2,True,2424064.1415512115,1000000.0,2,True
777,7770.0,0.0,13,M1,R3,True,6768677.673822663,1000000.0,4,False
777,7770.0,0.0,13,M1,R4,True,7043863.120225582,1000000.0,3,False
777,7770.0,0.0,13,R1,S1,True,2283115.1735227318,500000.0,2,True
777,7770.0,0.0,13,R1,S2,True,7043863.120225582,500000.0,3,False
777,7770.0,0.0,13,R2,S3,True,7830535.74603555,500000.0,1,False
777,7770.0,0.0,13,R2,S4,True,6768677.67382266,500000.0,4,False
777,7770.0,0.0,13,R3,A1,True,2696232.4134256686,500000.0,2,True
777,7770.0,0.0,13,R3,A2,True,7043863.120225582,500000.0,3,False
777,7770.0,0.0,13,R4,A3,True,7830535.74603555,500000.0,1,False
777,7770.0,0.0,13,R4,A4,True,6768677.67382266,500000.0,4,False
778,7780.0,0.0,13,M1,R1,True,7830535.74603555,1000000.0,1,False
778,7780.0,0.0,13,M1,R2,True,2417553.7436549575,1000000.0,2,True
778,7780.0,0.0,13,M1,R3,True,6768677.673822663,1000000.0,4,False
778,7780.0,0.0,13,M1,R4,True,7043863.120225582,1000000.0,3,False
778,7780.0,0.0,13,R1,S1,True,2276032.142846487,500000.0,2,True
778,7780.0,0.0,13,R1,S2,True,7043863.120225582,500000.0,3,False
778,7780.0,0.0,13,R2,S3,True,7830535.74603555,500000.0,1,False
778,7780.0,0.0,13,R2,S4,True,6768677.67382266,500000.0,4,False
778,7780.0,0.0,13,R3,A1,True,2690832.5708870385,500000.0,2,True
778,7780.0,0.0,13,R3,A2,True,7043863.120225582,500000.0,3,False
778,7780.0,0.0,13,R4,A3,True,7830535.74603555,500000.0,1,False
778,7780.0,0.0,13,R4,A4,True,6768677.67382266,500000.0,4,False
779,7790.0,0.0,13,M1,R1,True,7830535.74603555,1000000.0,1,False
779,7790.0,0.0,13,M1,R2,True,2411015.1643837653,1000000.0,2,True
779,7790.0,0.0,13,M1,R3,True,6768677.673822663,1000000.0,4,False
779,7790.0,0.0,13,M1,R4,True,7043863.120225582,1000000.0,3,False
779,7790.0,0.0,13,R1,S1,True,2268916.803153141,500000.0,2,True
779,7790.0,0.0,13,R1,S2,True,7043863.120225582,500000.0,3,False
779,7790.0,0.0,13,R2,S3,True,7830535.74603555,500000.0,1,False
779,7790.0,0.0,13,R2,S4,True,6768677.67382266,500000.0,4,False
779,7790.0,0.0,13,R3,A1,True,2685413.210382779,500000.0,2,True
779,7790.0,0.0,13,R3,A2,True,7043863.120225582,500000.0,3,False
779,7790.0,0.0,13,R4,A3,True,7830535.74603555,500000.0,1,False
779,7790.0,0.0,13,R4,A4,True,6768677.67382266,500000.0,4,False
780,7800.0,0.0,13,M1,R1,True,7830535.74603555,1000000.0,1,False
780,7800.0,0.0,13,M1,R2,True,2404448.1732223053,1000000.0,2,True
780,7800.0,0.0,13,M1,R3,True,6768677.673822663,1000000.0,4,False
780,7800.0,0.0,13,M1,R4,True,7043863.120225582,1000000.0,3,False
780,7800.0,0.0,13,R1,S1,True,2261768.888616011,500000.0,2,True
780,7800.0,0.0,13,R1,S2,True,7043863.120225582,500000.0,3,False
780,7800.0,0.0,13,R2,S3,True,7830535.74603555,500000.0,1,False
780,7800.0,0.0,13,R2,S4,True,6768677.67382266,500000.0,4,False
780,7800.0,0.0,13,R3,A1,True,2679974.197806342,500000.0,2,True
780,7800.0,0.0,13,R3,A2,True,7043863.120225582,500000.0,3,False
780,7800.0,0.0,13,R4,A3,True,7830535.74603555,500000.0,1,False
780,7800.0,0.0,13,R4,A4,True,6768677.67382266,500000.0,4,False
781,7810.0,0.0,13,M1,R1,True,7830535.74603555,1000000.0,1,False
781,7810.0,0.0,13,M1,R2,True,2397852.537021435,1000000.0,2,True
781,7810.0,0.0,13,M1,R3,True,6768677.673822663,1000000.0,4,False
781,7810.0,0.0,13,M1,R4,True,7043863.120225582,1000000.0,3,False
781,7810.0,0.0,13,R1,S1,True,2254588.1306305686,500000.0,2,True
781,7810.0,0.0,13,R1,S2,True,7043863.120225582,500000.0,3,False
781,7810.0,0.0,13,R2,S3,True,7830535.74603555,500000.0,1,False
781,7810.0,0.0,13,R2,S4,True,6768677.67382266,500000.0,4,False
781,7810.0,0.0,13,R3,A1,True,2674515.397747221,500000.0,2,True
781,7810.0,0.0,13,R3,A2,True,7043863.120225582,500000.0,3,False
781,7810.0,0.0,13,R4,A3,True,7830535.74603555,500000.0,1,False
781,7810.0,0.0,13,R4,A4,True,6768677.67382266,500000.0,4,False
782,7820.0,0.0,13,M1,R1,True,7830535.74603555,1000000.0,1,False
782,7820.0,0.0,13,M1,R2,True,2391228.019962449,1000000.0,2,True
782,7820.0,0.0,13,M1,R3,True,6768677.673822663,1000000.0,4,False
782,7820.0,0.0,13,M1,R4,True,7043863.120225582,1000000.0,3,False
782,7820.0,0.0,13,R1,S1,True,2247374.257789199,500000.0,2,True
782,7820.0,0.0,13,R1,S2,True,7043863.120225582,500000.0,3,False
782,7820.0,0.0,13,R2,S3,True,7830535.74603555,500000.0,1,False
782,7820.0,0.0,13,R2,S4,True,6768677.67382266,500000.0,4,False
782,7820.0,0.0,13,R3,A1,True,2669036.6734754657,500000.0,2,True
782,7820.0,0.0,13,R3,A2,True,7043863.120225582,500000.0,3,False
782,7820.0,0.0,13,R4,A3,True,7830535.74603555,500000.0,1,False
782,7820.0,0.0,13,R4,A4,True,6768677.67382266,500000.0,4,False
783,7830.0,0.0,13,M1,R1,True,7830535.74603555,1000000.0,1,False
783,7830.0,0.0,13,M1,R2,True,2384574.3835208775,1000000.0,2,True
783,7830.0,0.0,13,M1,R3,True,6768677.673822663,1000000.0,4,False
783,7830.0,0.0,13,M1,R4,True,7043863.120225582,1000000.0,3,False
783,7830.0,0.0,13,R1,S1,True,2240126.995856308,500000.0,2,True
783,7830.0,0.0,13,R1,S2,True,7043863.120225582,500000.0,3,False
783,7830.0,0.0,13,R2,S3,True,7830535.74603555,500000.0,1,False
783,7830.0,0.0,13,R2,S4,True,6768677.67382266,500000.0,4,False
783,7830.0,0.0,13,R3,A1,True,2663537.8869260424,500000.0,2,True
783,7830.0,0.0,13,R3,A2,True,7043863.120225582,500000.0,3,False
783,7830.0,0.0,13,R4,A3,True,7830535.74603555,500000.0,1,False
783,7830.0,0.0,13,R4,A4,True,6768677.67382266,500000.0,4,False
784,7840.0,0.0,13,M1,R1,True,7830535.74603555,1000000.0,1,False
784,7840.0,0.0,13,M1,R2,True,2377891.3864297713,1000000.0,2,True
784,7840.0,0.0,13,M1,R3,True,6768677.673822663,1000000.0,4,False
784,7840.0,0.0,13,M1,R4,True,7043863.120225582,1000000.0,3,False
784,7840.0,0.0,13,R1,S1,True,2232846.0677436236,500000.0,2,True
784,7840.0,0.0,13,R1,S2,True,7043863.120225582,500000.0,3,False
784,7840.0,0.0,13,R2,S3,True,7830535.74603555,500000.0,1,False
784,7840.0,0.0,13,R2,S4,True,6768677.67382266,500000.0,4,False
784,7840.0,0.0,13,R3,A1,True,2658018.898682946,500000.0,2,True
784,7840.0,0.0,13,R3,A2,True,7043863.120225582,500000.0,3,False
784,7840.0,0.0,13,R4,A3,True,7830535.74603555,500000.0,1,False
784,7840.0,0.0,13,R4,A4,True,6768677.67382266,500000.0,4,False
785,7850.0,0.0,13,M1,R1,True,7830535.74603555,1000000.0,1,False
785,7850.0,0.0,13,M1,R2,True,2371178.784642526,1000000.0,2,True
785,7850.0,0.0,13,M1,R3,True,6768677.673822663,1000000.0,4,False
785,7850.0,0.0,13,M1,R4,True,7043863.120225582,1000000.0,3,False
785,7850.0,0.0,13,R1,S1,True,2225531.193485884,500000.0,2,True
785,7850.0,0.0,13,R1,S2,True,7043863.120225582,500000.0,3,False
785,7850.0,0.0,13,R2,S3,True,7830535.74603555,500000.0,1,False
785,7850.0,0.0,13,R2,S4,True,6768677.67382266,500000.0,4,False
785,7850.0,0.0,13,R3,A1,True,2652479.5679631736,500000.0,2,True
785,7850.0,0.0,13,R3,A2,True,7043863.120225582,500000.0,3,False
785,7850.0,0.0,13,R4,A3,True,7830535.74603555,500000.0,1,False
785,7850.0,0.0,13,R4,A4,True,6768677.67382266,500000.0,4,False
786,7860.0,0.0,13,M1,R1,True,7830535.74603555,1000000.0,1,False
786,7860.0,0.0,13,M1,R2,True,2364436.3312952323,1000000.0,2,True
786,7860.0,0.0,13,M1,R3,True,6768677.673822663,1000000.0,4,False
786,7860.0,0.0,13,M1,R4,True,7043863.120225582,1000000.0,3,False
786,7860.0,0.0,13,R1,S1,True,2218182.0902168574,500000.0,2,True
786,7860.0,0.0,13,R1,S2,True,7043863.120225582,500000.0,3,False
786,7860.0,0.0,13,R2,S3,True,7830535.74603555,500000.0,1,False
786,7860.0,0.0,13,R2,S4,True,6768677.67382266,500000.0,4,False
786,7860.0,0.0,13,R3,A1,True,2646919.752600445,500000.0,2,True
786,7860.0,0.0,13,R3,A2,True,7043863.120225582,500000.0,3,False
786,7860.0,0.0,13,R4,A3,True,7830535.74603555,500000.0,1,False
786,7860.0,0.0,13,R4,A4,True,6768677.67382266,500000.0,4,False
787,7870.0,0.0,13,M1,R1,True,7830535.74603555,1000000.0,1,False
787,7870.0,0.0,13,M1,R2,True,2357663.776668522,1000000.0,2,True
787,7870.0,0.0,13,M1,R3,True,6768677.673822663,1000000.0,4,False
787,7870.0,0.0,13,M1,R4,True,7043863.120225582,1000000.0,3,False
787,7870.0,0.0,13,R1,S1,True,2210798.4721457874,500000.0,2,True
787,7870.0,0.0,13,R1,S2,True,7043863.120225582,500000.0,3,False
787,7870.0,0.0,13,R2,S3,True,7830535.74603555,500000.0,1,False
787,7870.0,0.0,13,R2,S4,True,6768677.67382266,500000.0,4,False
787,7870.0,0.0,13,R3,A1,True,2641339.3090287643,500000.0,2,True
787,7870.0,0.0,13,R3,A2,True,7043863.120225582,500000.0,3,False
787,7870.0,0.0,13,R4,A3,True,7830535.74603555,500000.0,1,False
787,7870.0,0.0,13,R4,A4,True,6768677.67382266,500000.0,4,False
788,7880.0,0.0,13,M1,R1,True,7830535.74603555,1000000.0,1,False
788,7880.0,0.0,13,M1,R2,True,2350860.8681489527,1000000.0,2,True
788,7880.0,0.0,13,M1,R3,True,6768677.673822663,1000000.0,4,False
788,7880.0,0.0,13,M1,R4,True,7043863.120225582,1000000.0,3,False
788,7880.0,0.0,13,R1,S1,True,2203380.050534269,500000.0,2,True
788,7880.0,0.0,13,R1,S2,True,7043863.120225582,500000.0,3,False
788,7880.0,0.0,13,R2,S3,True,7830535.74603555,500000.0,1,False
788,7880.0,0.0,13,R2,S4,True,6768677.67382266,500000.0,4,False
788,7880.0,0.0,13,R3,A1,True,2635738.0922657275,500000.0,2,True
788,7880.0,0.0,13,R3,A2,True,7043863.120225582,500000.0,3,False
788,7880.0,0.0,13,R4,A3,True,7830535.74603555,500000.0,1,False
788,7880.0,0.0,13,R4,A4,True,6768677.67382266,500000.0,4,False
789,7890.0,0.0,13,M1,R1,True,7830535.74603555,1000000.0,1,False
789,7890.0,0.0,13,M1,R2,True,2344027.3501898786,1000000.0,2,True
789,7890.0,0.0,13,M1,R3,True,6768677.673822663,1000000.0,4,False
789,7890.0,0.0,13,M1,R4,True,7043863.120225582,1000000.0,3,False
789,7890.0,0.0,13,R1,S1,True,2195926.533673652,500000.0,2,True
789,7890.0,0.0,13,R1,S2,True,7043863.120225582,500000.0,3,False
789,7890.0,0.0,13,R2,S3,True,7830535.74603555,500000.0,1,False
789,7890.0,0.0,13,R2,S4,True,6768677.67382266,500000.0,4,False
789,7890.0,0.0,13,R3,A1,True,2630115.9558956805,500000.0,2,True
789,7890.0,0.0,13,R3,A2,True,7043863.120225582,500000.0,3,False
789,7890.0,0.0,13,R4,A3,True,7830535.74603555,500000.0,1,False
789,7890.0,0.0,13,R4,A4,True,6768677.67382266,500000.0,4,False
790,7900.0,0.0,13,M1,R1,True,7830535.74603555,1000000.0,1,False
790,7900.0,0.0,13,M1,R2,True,2337162.9642718965,1000000.0,2,True
790,7900.0,0.0,13,M1,R3,True,6768677.673822663,1000000.0,4,False
790,7900.0,0.0,13,M1,R4,True,7043863.120225582,1000000.0,3,False
790,7900.0,0.0,13,R1,S1,True,2188437.6268629683,500000.0,2,True
790,7900.0,0.0,13,R1,S2,True,7043863.120225582,500000.0,3,False
790,7900.0,0.0,13,R2,S3,True,7830535.74603555,500000.0,1,False
790,7900.0,0.0,13,R2,S4,True,6768677.67382266,500000.0,4,False
790,7900.0,0.0,13,R3,A1,True,2624472.752052626,500000.0,2,True
790,7900.0,0.0,13,R3,A2,True,7043863.120225582,500000.0,3,False
790,7900.0,0.0,13,R4,A3,True,7830535.74603555,500000.0,1,False
790,7900.0,0.0,13,R4,A4,True,6768677.67382266,500000.0,4,False
791,7910.0,0.0,13,M1,R1,True,7830535.74603555,1000000.0,1,False
791,7910.0,0.0,13,M1,R2,True,2330267.448862729,1000000.0,2,True
791,7910.0,0.0,13,M1,R3,True,6768677.673822663,1000000.0,4,False
791,7910.0,0.0,13,M1,R4,True,7043863.120225582,1000000.0,3,False
791,7910.0,0.0,13,R1,S1,True,2180913.0323874955,500000.0,2,True
791,7910.0,0.0,13,R1,S2,True,7043863.120225582,500000.0,3,False
791,7910.0,0.0,13,R2,S3,True,7830535.74603555,500000.0,1,False
791,7910.0,0.0,13,R2,S4,True,6768677.67382266,500000.0,4,False
791,7910.0,0.0,13,R3,A1,True,2618808.3314029477,500000.0,2,True
791,7910.0,0.0,13,R3,A2,True,7043863.120225582,500000.0,3,False
791,7910.0,0.0,13,R4,A3,True,7830535.74603555,500000.0,1,False
791,7910.0,0.0,13,R4,A4,True,6768677.67382266,500000.0,4,False
792,7920.0,0.0,13,M1,R1,True,7830535.74603555,1000000.0,1,False
792,7920.0,0.0,13,M1,R2,True,2323340.5393766826,1000000.0,2,True
792,7920.0,0.0,13,M1,R3,True,6768677.673822663,1000000.0,4,False
792,7920.0,0.0,13,M1,R4,True,7043863.120225582,1000000.0,3,False
792,7920.0,0.0,13,R1,S1,True,2173352.4494979773,500000.0,2,True
792,7920.0,0.0,13,R1,S2,True,7043863.120225582,500000.0,3,False
792,7920.0,0.0,13,R2,S3,True,7830535.74603555,500000.0,1,False
792,7920.0,0.0,13,R2,S4,True,6768677.67382266,500000.0,4,False
792,7920.0,0.0,13,R3,A1,True,2613122.5431278986,500000.0,2,True
792,7920.0,0.0,13,R3,A2,True,7043863.120225582,500000.0,3,False
792,7920.0,0.0,13,R4,A3,True,7830535.74603555,500000.0,1,False
792,7920.0,0.0,13,R4,A4,True,6768677.67382266,500000.0,4,False
793,7930.0,0.0,13,M1,R1,True,7830535.74603555,1000000.0,1,False
793,7930.0,0.0,13,M1,R2,True,2316381.968133609,1000000.0,2,True
793,7930.0,0.0,13,M1,R3,True,6768677.673822663,1000000.0,4,False
793,7930.0,0.0,13,M1,R4,True,7043863.120225582,1000000.0,3,False
793,7930.0,0.0,13,R1,S1,True,2165755.5743905515,500000.0,2,True
793,7930.0,0.0,13,R1,S2,True,7043863.120225582,500000.0,3,False
793,7930.0,0.0,13,R2,S3,True,7830535.74603555,500000.0,1,False
793,7930.0,0.0,13,R2,S4,True,6768677.67382266,500000.0,4,False
793,7930.0,0.0,13,R3,A1,True,2607415.234905917,500000.0,2,True
793,7930.0,0.0,13,R3,A2,True,7043863.120225582,500000.0,3,False
793,7930.0,0.0,13,R4,A3,True,7830535.74603555,500000.0,1,False
793,7930.0,0.0,13,R4,A4,True,6768677.67382266,500000.0,4,False
794,7940.0,0.0,13,M1,R1,True,7830535.74603555,1000000.0,1,False
794,7940.0,0.0,13,M1,R2,True,2309391.4643173767,1000000.0,2,True
794,7940.0,0.0,13,M1,R3,True,6768677.673822663,1000000.0,4,False
794,7940.0,0.0,13,M1,R4,True,7043863.120225582,1000000.0,3,False
794,7940.0,0.0,13,R1,S1,True,2158122.1001875075,500000.0,2,True
794,7940.0,0.0,13,R1,S2,True,7043863.120225582,500000.0,3,False
794,7940.0,0.0,13,R2,S3,True,7830535.74603555,500000.0,1,False
794,7940.0,0.0,13,R2,S4,True,6768677.67382266,500000.0,4,False
794,7940.0,0.0,13,R3,A1,True,2601686.2528946637,500000.0,2,True
794,7940.0,0.0,13,R3,A2,True,7043863.120225582,500000.0,3,False
794,7940.0,0.0,13,R4,A3,True,7830535.74603555,500000.0,1,False
794,7940.0,0.0,13,R4,A4,True,6768677.67382266,500000.0,4,False
795,7950.0,0.0,13,M1,R1,True,7830535.74603555,1000000.0,1,False
795,7950.0,0.0,13,M1,R2,True,2302368.7539338833,1000000.0,2,True
795,7950.0,0.0,13,M1,R3,True,6768677.673822663,1000000.0,4,False
795,7950.0,0.0,13,M1,R4,True,7043863.120225582,1000000.0,3,False
795,7950.0,0.0,13,R1,S1,True,2150451.7169188643,500000.0,2,True
795,7950.0,0.0,13,R1,S2,True,7043863.120225582,500000.0,3,False
795,7950.0,0.0,13,R2,S3,True,7830535.74603555,500000.0,1,False
795,7950.0,0.0,13,R2,S4,True,6768677.67382266,500000.0,4,False
795,7950.0,0.0,13,R3,A1,True,2595935.4417129494,500000.0,2,True
795,7950.0,0.0,13,R3,A2,True,7043863.120225582,500000.0,3,False
795,7950.0,0.0,13,R4,A3,True,7830535.74603555,500000.0,1,False
795,7950.0,0.0,13,R4,A4,True,6768677.67382266,500000.0,4,False
796,7960.0,0.0,13,M1,R1,True,7830535.74603555,1000000.0,1,False
796,7960.0,0.0,13,M1,R2,True,2295313.559768583,1000000.0,2,True
796,7960.0,0.0,13,M1,R3,True,6768677.673822663,1000000.0,4,False
796,7960.0,0.0,13,M1,R4,True,7043863.120225582,1000000.0,3,False
796,7960.0,0.0,13,R1,S1,True,2142744.1115049426,500000.0,2,True
796,7960.0,0.0,13,R1,S2,True,7043863.120225582,500000.0,3,False
796,7960.0,0.0,13,R2,S3,True,7830535.74603555,500000.0,1,False
796,7960.0,0.0,13,R2,S4,True,6768677.67382266,500000.0,4,False
796,7960.0,0.0,13,R3,A1,True,2590162.6444223146,500000.0,2,True
796,7960.0,0.0,13,R3,A2,True,7043863.120225582,500000.0,3,False
796,7960.0,0.0,13,R4,A3,True,7830535.74603555,500000.0,1,False
796,7960.0,0.0,13,R4,A4,True,6768677.67382266,500000.0,4,False
797,7970.0,0.0,13,M1,R1,True,7830535.74603555,1000000.0,1,False
797,7970.0,0.0,13,M1,R2,True,2288225.6013435586,1000000.0,2,True
797,7970.0,0.0,13,M1,R3,True,6768677.673822663,1000000.0,4,False
797,7970.0,0.0,13,M1,R4,True,7043863.120225582,1000000.0,3,False
797,7970.0,0.0,13,R1,S1,True,2134998.9677398736,500000.0,2,True
797,7970.0,0.0,13,R1,S2,True,7043863.120225582,500000.0,3,False
797,7970.0,0.0,13,R2,S3,True,7830535.74603555,500000.0,1,False
797,7970.0,0.0,13,R2,S4,True,6768677.67382266,500000.0,4,False
797,7970.0,0.0,13,R3,A1,True,2584367.702508491,500000.0,2,True
797,7970.0,0.0,13,R3,A2,True,7043863.120225582,500000.0,3,False
797,7970.0,0.0,13,R4,A3,True,7830535.74603555,500000.0,1,False
797,7970.0,0.0,13,R4,A4,True,6768677.67382266,500000.0,4,False
798,7980.0,0.0,13,M1,R1,True,7830535.74603555,1000000.0,1,False
798,7980.0,0.0,13,M1,R2,True,2281104.5948741026,1000000.0,2,True
798,7980.0,0.0,13,M1,R3,True,6768677.673822663,1000000.0,4,False
798,7980.0,0.0,13,M1,R4,True,7043863.120225582,1000000.0,3,False
798,7980.0,0.0,13,R1,S1,True,2127215.9662762852,500000.0,2,True
798,7980.0,0.0,13,R1,S2,True,7043863.120225582,500000.0,3,False
798,7980.0,0.0,13,R2,S3,True,7830535.74603555,500000.0,1,False
798,7980.0,0.0,13,R2,S4,True,6768677.67382266,500000.0,4,False
798,7980.0,0.0,13,R3,A1,True,2578550.455862622,500000.0,2,True
798,7980.0,0.0,13,R3,A2,True,7043863.120225582,500000.0,3,False
798,7980.0,0.0,13,R4,A3,True,7830535.74603555,500000.0,1,False
798,7980.0,0.0,13,R4,A4,True,6768677.67382266,500000.0,4,False
799,7990.0,0.0,13,M1,R1,True,7830535.74603555,1000000.0,1,False
799,7990.0,0.0,13,M1,R2,True,2273950.253224877,1000000.0,2,True
799,7990.0,0.0,13,M1,R3,True,6768677.673822663,1000000.0,4,False
799,7990.0,0.0,13,M1,R4,True,7043863.120225582,1000000.0,3,False
799,7990.0,0.0,13,R1,S1,True,2119394.7846111157,500000.0,2,True
799,7990.0,0.0,13,R1,S2,True,7043863.120225582,500000.0,3,False
799,7990.0,0.0,13,R2,S3,True,7830535.74603555,500000.0,1,False
799,7990.0,0.0,13,R2,S4,True,6768677.67382266,500000.0,4,False
799,7990.0,0.0,13,R3,A1,True,2572710.7427622313,500000.0,2,True
799,7990.0,0.0,13,R3,A2,True,7043863.120225582,500000.0,3,False
799,7990.0,0.0,13,R4,A3,True,7830535.74603555,500000.0,1,False
799,7990.0,0.0,13,R4,A4,True,6768677.67382266,500000.0,4,False
800,8000.0,0.0,13,M1,R1,True,7830535.74603555,1000000.0,1,False
800,8000.0,0.0,13,M1,R2,True,2266762.2858656077,1000000.0,2,True
800,8000.0,0.0,13,M1,R3,True,6768677.673822663,1000000.0,4,False
800,8000.0,0.0,13,M1,R4,True,7043863.120225582,1000000.0,3,False
800,8000.0,0.0,13,R1,S1,True,2111535.0970727275,500000.0,2,True
800,8000.0,0.0,13,R1,S2,True,7043863.120225582,500000.0,3,False
800,8000.0,0.0,13,R2,S3,True,7830535.74603555,500000.0,1,False
800,8000.0,0.0,13,R2,S4,True,6768677.67382266,500000.0,4,False
800,8000.0,0.0,13,R3,A1,True,2566848.399852006,500000.0,2,True
800,8000.0,0.0,13,R3,A2,True,7043863.120225582,500000.0,3,False
800,8000.0,0.0,13,R4,A3,True,7830535.74603555,500000.0,1,False
800,8000.0,0.0,13,R4,A4,True,6768677.67382266,500000.0,4,False
801,8010.0,0.0,13,M1,R1,True,7830535.74603555,1000000.0,1,False
801,8010.0,0.0,13,M1,R2,True,2259540.398826308,1000000.0,2,True
801,8010.0,0.0,13,M1,R3,True,6768677.673822663,1000000.0,4,False
801,8010.0,0.0,13,M1,R4,True,7043863.120225582,1000000.0,3,False
801,8010.0,0.0,13,R1,S1,True,2103636.5748093924,500000.0,2,True
801,8010.0,0.0,13,R1,S2,True,7043863.120225582,500000.0,3,False
801,8010.0,0.0,13,R2,S3,True,7830535.74603555,500000.0,1,False
801,8010.0,0.0,13,R2,S4,True,6768677.67382266,500000.0,4,False
801,8010.0,0.0,13,R3,A1,True,2560963.2621243414,500000.0,2,True
801,8010.0,0.0,13,R3,A2,True,7043863.120225582,500000.0,3,False
801,8010.0,0.0,13,R4,A3,True,7830535.74603555,500000.0,1,False
801,8010.0,0.0,13,R4,A4,True,6768677.67382266,500000.0,4,False
802,8020.0,0.0,13,M1,R1,True,7830535.74603555,1000000.0,1,False
802,8020.0,0.0,13,M1,R2,True,2252284.2946521346,1000000.0,2,True
802,8020.0,0.0,13,M1,R3,True,6768677.673822663,1000000.0,4,False
802,8020.0,0.0,13,M1,R4,True,7043863.120225582,1000000.0,3,False
802,8020.0,0.0,13,R1,S1,True,2095698.885779268,500000.0,2,True
802,8020.0,0.0,13,R1,S2,True,7043863.120225582,500000.0,3,False
802,8020.0,0.0,13,R2,S3,True,7830535.74603555,500000.0,1,False
802,8020.0,0.0,13,R2,S4,True,6768677.67382266,500000.0,4,False
802,8020.0,0.0,13,R3,A1,True,2555055.1628996725,500000.0,2,True
802,8020.0,0.0,13,R3,A2,True,7043863.120225582,500000.0,3,False
802,8020.0,0.0,13,R4,A3,True,7830535.74603555,500000.0,1,False
802,8020.0,0.0,13,R4,A4,True,6768677.67382266,500000.0,4,False
803,8030.0,0.0,13,M1,R1,True,7830535.74603555,1000000.0,1,False
803,8030.0,0.0,13,M1,R2,True,2244993.672357746,1000000.0,2,True
803,8030.0,0.0,13,M1,R3,True,6768677.673822663,1000000.0,4,False
803,8030.0,0.0,13,M1,R4,True,7043863.120225582,1000000.0,3,False
803,8030.0,0.0,13,R1,S1,True,2087721.6947419338,500000.0,2,True
803,8030.0,0.0,13,R1,S2,True,7043863.120225582,500000.0,3,False
803,8030.0,0.0,13,R2,S3,True,7830535.74603555,500000.0,1,False
803,8030.0,0.0,13,R2,S4,True,6768677.67382266,500000.0,4,False
803,8030.0,0.0,13,R3,A1,True,2549123.9338065735,500000.0,2,True
803,8030.0,0.0,13,R3,A2,True,7043863.120225582,500000.0,3,False
803,8030.0,0.0,13,R4,A3,True,7830535.74603555,500000.0,1,False
803,8030.0,0.0,13,R4,A4,True,6768677.67382266,500000.0,4,False
804,8040.0,0.0,13,M1,R1,True,7830535.74603555,1000000.0,1,False
804,8040.0,0.0,13,M1,R2,True,2237668.2273812965,1000000.0,2,True
804,8040.0,0.0,13,M1,R3,True,6768677.673822663,1000000.0,4,False
804,8040.0,0.0,13,M1,R4,True,7043863.120225582,1000000.0,3,False
804,8040.0,0.0,13,R1,S1,True,2079704.663251671,500000.0,2,True
804,8040.0,0.0,13,R1,S2,True,7043863.120225582,500000.0,3,False
804,8040.0,0.0,13,R2,S3,True,7830535.74603555,500000.0,1,False
804,8040.0,0.0,13,R2,S4,True,6768677.67382266,500000.0,4,False
804,8040.0,0.0,13,R3,A1,True,2543169.404761647,500000.0,2,True
804,8040.0,0.0,13,R3,A2,True,7043863.120225582,500000.0,3,False
804,8040.0,0.0,13,R4,A3,True,7830535.74603555,500000.0,1,False
804,8040.0,0.0,13,R4,A4,True,6768677.67382266,500000.0,4,False
805,8050.0,0.0,13,M1,R1,True,7830535.74603555,1000000.0,1,False
805,8050.0,0.0,13,M1,R2,True,2230307.6515380135,1000000.0,2,True
805,8050.0,0.0,13,M1,R3,True,6768677.673822663,1000000.0,4,False
805,8050.0,0.0,13,M1,R4,True,7043863.120225582,1000000.0,3,False
805,8050.0,0.0,13,R1,S1,True,2071647.449652553,500000.0,2,True
805,8050.0,0.0,13,R1,S2,True,7043863.120225582,500000.0,3,False
805,8050.0,0.0,13,R2,S3,True,7830535.74603555,500000.0,1,False
805,8050.0,0.0,13,R2,S4,True,6768677.67382266,500000.0,4,False
805,8050.0,0.0,13,R3,A1,True,2537191.4039491653,500000.0,2,True
805,8050.0,0.0,13,R3,A2,True,7043863.120225582,500000.0,3,False
805,8050.0,0.0,13,R4,A3,True,7830535.74603555,500000.0,1,False
805,8050.0,0.0,13,R4,A4,True,6768677.67382266,500000.0,4,False
806,8060.0,0.0,13,M1,R1,True,7830535.74603555,1000000.0,1,False
806,8060.0,0.0,13,M1,R2,True,2222911.6329733976,1000000.0,2,True
806,8060.0,0.0,13,M1,R3,True,6768677.673822663,1000000.0,4,False
806,8060.0,0.0,13,M1,R4,True,7043863.120225582,1000000.0,3,False
806,8060.0,0.0,13,R1,S1,True,2063549.7090754877,500000.0,2,True
806,8060.0,0.0,13,R1,S2,True,7043863.120225582,500000.0,3,False
806,8060.0,0.0,13,R2,S3,True,7830535.74603555,500000.0,1,False
806,8060.0,0.0,13,R2,S4,True,6768677.67382266,500000.0,4,False
806,8060.0,0.0,13,R3,A1,True,2531189.7578005204,500000.0,2,True
806,8060.0,0.0,13,R3,A2,True,7043863.120225582,500000.0,3,False
806,8060.0,0.0,13,R4,A3,True,7830535.74603555,500000.0,1,False
806,8060.0,0.0,13,R4,A4,True,6768677.67382266,500000.0,4,False
807,8070.0,0.0,13,M1,R1,True,7830535.74603555,1000000.0,1,False
807,8070.0,0.0,13,M1,R2,True,2215479.856116042,1000000.0,2,True
807,8070.0,0.0,13,M1,R3,True,6768677.673822663,1000000.0,4,False
807,8070.0,0.0,13,M1,R4,True,7043863.120225582,1000000.0,3,False
807,8070.0,0.0,13,R1,S1,True,2055411.0934373715,500000.0,2,True
807,8070.0,0.0,13,R1,S2,True,7043863.120225582,500000.0,3,False
807,8070.0,0.0,13,R2,S3,True,7830535.74603555,500000.0,1,False
807,8070.0,0.0,13,R2,S4,True,6768677.67382266,500000.0,4,False
807,8070.0,0.0,13,R3,A1,True,2525164.290973443,500000.0,2,True
807,8070.0,0.0,13,R3,A2,True,7043863.120225582,500000.0,3,False
807,8070.0,0.0,13,R4,A3,True,7830535.74603555,500000.0,1,False
807,8070.0,0.0,13,R4,A4,True,6768677.67382266,500000.0,4,False
808,8080.0,0.0,13,M1,R1,True,7830535.74603555,1000000.0,1,False
808,8080.0,0.0,13,M1,R2,True,2208012.001630091,1000000.0,2,True
808,8080.0,0.0,13,M1,R3,True,6768677.673822663,1000000.0,4,False
808,8080.0,0.0,13,M1,R4,True,7043863.120225582,1000000.0,3,False
808,8080.0,0.0,13,R1,S1,True,2047231.2514425032,500000.0,2,True
808,8080.0,0.0,13,R1,S2,True,7043863.120225582,500000.0,3,False
808,8080.0,0.0,13,R2,S3,True,7830535.74603555,500000.0,1,False
808,8080.0,0.0,13,R2,S4,True,6768677.67382266,500000.0,4,False
808,8080.0,0.0,13,R3,A1,True,2519114.8263309603,500000.0,2,True
808,8080.0,0.0,13,R3,A2,True,7043863.120225582,500000.0,3,False
808,8080.0,0.0,13,R4,A3,True,7830535.74603555,500000.0,1,False
808,8080.0,0.0,13,R4,A4,True,6768677.67382266,500000.0,4,False
809,8090.0,0.0,13,M1,R1,True,7830535.74603555,1000000.0,1,False
809,8090.0,0.0,13,M1,R2,True,2200507.7463674042,1000000.0,2,True
809,8090.0,0.0,13,M1,R3,True,6768677.673822663,1000000.0,4,False
809,8090.0,0.0,13,M1,R4,True,7043863.120225582,1000000.0,3,False
809,8090.0,0.0,13,R1,S1,True,2039009.8285863681,500000.0,2,True
809,8090.0,0.0,13,R1,S2,True,7043863.120225582,500000.0,3,False
809,8090.0,0.0,13,R2,S3,True,7830535.74603555,500000.0,1,False
809,8090.0,0.0,13,R2,S4,True,6768677.67382266,500000.0,4,False
809,8090.0,0.0,13,R3,A1,True,2513041.1849201685,500000.0,2,True
809,8090.0,0.0,13,R3,A2,True,7043863.120225582,500000.0,3,False
809,8090.0,0.0,13,R4,A3,True,7830535.74603555,500000.0,1,False
809,8090.0,0.0,13,R4,A4,True,6768677.67382266,500000.0,4,False
810,8100.0,0.0,13,M1,R1,True,7830535.74603555,1000000.0,1,False
810,8100.0,0.0,13,M1,R2,True,2192966.7633193443,1000000.0,2,True
810,8100.0,0.0,13,M1,R3,True,6768677.673822663,1000000.0,4,False
810,8100.0,0.0,13,M1,R4,True,7043863.120225582,1000000.0,3,False
810,8100.0,0.0,13,R1,S1,True,2030746.4671620056,500000.0,2,True
810,8100.0,0.0,13,R1,S2,True,7043863.120225582,500000.0,3,False
810,8100.0,0.0,13,R2,S3,True,7830535.74603555,500000.0,1,False
810,8100.0,0.0,13,R2,S4,True,6768677.67382266,500000.0,4,False
810,8100.0,0.0,13,R3,A1,True,2506943.185950805,500000.0,2,True
810,8100.0,0.0,13,R3,A2,True,7043863.120225582,500000.0,3,False
810,8100.0,0.0,13,R4,A3,True,7830535.74603555,500000.0,1,False
810,8100.0,0.0,13,R4,A4,True,6768677.67382266,500000.0,4,False
811,8110.0,0.0,13,M1,R1,True,7830535.74603555,1000000.0,1,False
811,8110.0,0.0,13,M1,R2,True,2185388.7215683353,1000000.0,2,True
811,8110.0,0.0,13,M1,R3,True,6768677.673822663,1000000.0,4,False
811,8110.0,0.0,13,M1,R4,True,7043863.120225582,1000000.0,3,False
811,8110.0,0.0,13,R1,S1,True,2022440.806269103,500000.0,2,True
811,8110.0,0.0,13,R1,S2,True,7043863.120225582,500000.0,3,False
811,8110.0,0.0,13,R2,S3,True,7830535.74603555,500000.0,1,False
811,8110.0,0.0,13,R2,S4,True,6768677.67382266,500000.0,4,False
811,8110.0,0.0,13,R3,A1,True,2500820.646773518,500000.0,2,True
811,8110.0,0.0,13,R3,A2,True,7043863.120225582,500000.0,3,False
811,8110.0,0.0,13,R4,A3,True,7830535.74603555,500000.0,1,False
811,8110.0,0.0,13,R4,A4,True,6768677.67382266,500000.0,4,False
812,8120.0,0.0,13,M1,R1,True,7830535.74603555,1000000.0,1,False
812,8120.0,0.0,13,M1,R2,True,2177773.2862391057,1000000.0,2,True
812,8120.0,0.0,13,M1,R3,True,6768677.673822663,1000000.0,4,False
812,8120.0,0.0,13,M1,R4,True,7043863.120225582,1000000.0,3,False
812,8120.0,0.0,13,R1,S1,True,2014092.4818260607,500000.0,2,True
812,8120.0,0.0,13,R1,S2,True,7043863.120225582,500000.0,3,False
812,8120.0,0.0,13,R2,S3,True,7830535.74603555,500000.0,1,False
812,8120.0,0.0,13,R2,S4,True,6768677.67382266,500000.0,4,False
812,8120.0,0.0,13,R3,A1,True,2494673.3828580114,500000.0,2,True
812,8120.0,0.0,13,R3,A2,True,7043863.120225582,500000.0,3,False
812,8120.0,0.0,13,R4,A3,True,7830535.74603555,500000.0,1,False
812,8120.0,0.0,13,R4,A4,True,6768677.67382266,500000.0,4,False
813,8130.0,0.0,13,M1,R1,True,7830535.74603555,1000000.0,1,False
813,8130.0,0.0,13,M1,R2,True,2170120.1184497317,1000000.0,2,True
813,8130.0,0.0,13,M1,R3,True,6768677.673822663,1000000.0,4,False
813,8130.0,0.0,13,M1,R4,True,7043863.120225582,1000000.0,3,False
813,8130.0,0.0,13,R1,S1,True,2005701.1265850656,500000.0,2,True
813,8130.0,0.0,13,R1,S2,True,7043863.120225582,500000.0,3,False
813,8130.0,0.0,13,R2,S3,True,7830535.74603555,500000.0,1,False
813,8130.0,0.0,13,R2,S4,True,6768677.67382266,500000.0,4,False
813,8130.0,0.0,13,R3,A1,True,2488501.2077708864,500000.0,2,True
813,8130.0,0.0,13,R3,A2,True,7043863.120225582,500000.0,3,False
813,8130.0,0.0,13,R4,A3,True,7830535.74603555,500000.0,1,False
813,8130.0,0.0,13,R4,A4,True,6768677.67382266,500000.0,4,False
814,8140.0,0.0,13,M1,R1,True,7830535.74603555,1000000.0,1,False
814,8140.0,0.0,13,M1,R2,True,2162428.8752624183,1000000.0,2,True
814,8140.0,0.0,13,M1,R3,True,6768677.673822663,1000000.0,4,False
814,8140.0,0.0,13,M1,R4,True,7043863.120225582,1000000.0,3,False
814,8140.0,0.0,13,R1,S1,True,1997266.370150626,500000.0,2,True
814,8140.0,0.0,13,R1,S2,True,7043863.120225582,500000.0,3,False
814,8140.0,0.0,13,R2,S3,True,7830535.74603555,500000.0,1,False
814,8140.0,0.0,13,R2,S4,True,6768677.67382266,500000.0,4,False
814,8140.0,0.0,13,R3,A1,True,2482303.933153323,500000.0,2,True
814,8140.0,0.0,13,R3,A2,True,7043863.120225582,500000.0,3,False
814,8140.0,0.0,13,R4,A3,True,7830535.74603555,500000.0,1,False
814,8140.0,0.0,13,R4,A4,True,6768677.67382266,500000.0,4,False
815,8150.0,0.0,13,M1,R1,True,7830535.74603555,1000000.0,1,False
815,8150.0,0.0,13,M1,R2,True,2154699.209634156,1000000.0,2,True
815,8150.0,0.0,13,M1,R3,True,6768677.673822663,1000000.0,4,False
815,8150.0,0.0,13,M1,R4,True,7043863.120225582,1000000.0,3,False
815,8150.0,0.0,13,R1,S1,True,1988787.8390015305,500000.0,2,True
815,8150.0,0.0,13,R1,S2,True,7043863.120225582,500000.0,3,False
815,8150.0,0.0,13,R2,S3,True,7830535.74603555,500000.0,1,False
815,8150.0,0.0,13,R2,S4,True,6768677.67382266,500000.0,4,False
815,8150.0,0.0,13,R3,A1,True,2476081.3686985257,500000.0,2,True
815,8150.0,0.0,13,R3,A2,True,7043863.120225582,500000.0,3,False
815,8150.0,0.0,13,R4,A3,True,7830535.74603555,500000.0,1,False
815,8150.0,0.0,13,R4,A4,True,6768677.67382266,500000.0,4,False
816,8160.0,0.0,13,M1,R1,True,7830535.74603555,1000000.0,1,False
816,8160.0,0.0,13,M1,R2,True,2146930.7703672033,1000000.0,2,True
816,8160.0,0.0,13,M1,R3,True,6768677.673822663,1000000.0,4,False
816,8160.0,0.0,13,M1,R4,True,7043863.120225582,1000000.0,3,False
816,8160.0,0.0,13,R1,S1,True,1980265.1565166442,500000.0,2,True
816,8160.0,0.0,13,R1,S2,True,7043863.120225582,500000.0,3,False
816,8160.0,0.0,13,R2,S3,True,7830535.74603555,500000.0,1,False
816,8160.0,0.0,13,R2,S4,True,6768677.67382266,500000.0,4,False
816,8160.0,0.0,13,R3,A1,True,2469833.322128941,500000.0,2,True
816,8160.0,0.0,13,R3,A2,True,7043863.120225582,500000.0,3,False
816,8160.0,0.0,13,R4,A3,True,7830535.74603555,500000.0,1,False
816,8160.0,0.0,13,R4,A4,True,6768677.67382266,500000.0,4,False
817,8170.0,0.0,13,M1,R1,True,7830535.74603555,1000000.0,1,False
817,8170.0,0.0,13,M1,R2,True,2139123.202059447,1000000.0,2,True
817,8170.0,0.0,13,M1,R3,True,6768677.673822663,1000000.0,4,False
817,8170.0,0.0,13,M1,R4,True,7043863.120225582,1000000.0,3,False
817,8170.0,0.0,13,R1,S1,True,1971697.9430046864,500000.0,2,True
817,8170.0,0.0,13,R1,S2,True,7043863.120225582,500000.0,3,False
817,8170.0,0.0,13,R2,S3,True,7830535.74603555,500000.0,1,False
817,8170.0,0.0,13,R2,S4,True,6768677.67382266,500000.0,4,False
817,8170.0,0.0,13,R3,A1,True,2463559.5991732823,500000.0,2,True
817,8170.0,0.0,13,R3,A2,True,7043863.120225582,500000.0,3,False
817,8170.0,0.0,13,R4,A3,True,7830535.74603555,500000.0,1,False
817,8170.0,0.0,13,R4,A4,True,6768677.67382266,500000.0,4,False
818,8180.0,0.0,13,M1,R1,True,7830535.74603555,1000000.0,1,False
818,8180.0,0.0,13,M1,R2,True,2131276.1450547404,1000000.0,2,True
818,8180.0,0.0,13,M1,R3,True,6768677.673822663,1000000.0,4,False
818,8180.0,0.0,13,M1,R4,True,7043863.120225582,1000000.0,3,False
818,8180.0,0.0,13,R1,S1,True,1963085.8157383057,500000.0,2,True
818,8180.0,0.0,13,R1,S2,True,7043863.120225582,500000.0,3,False
818,8180.0,0.0,13,R2,S3,True,7830535.74603555,500000.0,1,False
818,8180.0,0.0,13,R2,S4,True,6768677.67382266,500000.0,4,False
818,8180.0,0.0,13,R3,A1,True,2457260.0035433304,500000.0,2,True
818,8180.0,0.0,13,R3,A2,True,7043863.120225582,500000.0,3,False
818,8180.0,0.0,13,R4,A3,True,7830535.74603555,500000.0,1,False
818,8180.0,0.0,13,R4,A4,True,6768677.67382266,500000.0,4,False
819,8190.0,0.0,13,M1,R1,True,7830535.74603555,1000000.0,1,False
819,8190.0,0.0,13,M1,R2,True,2123389.23539315,1000000.0,2,True
819,8190.0,0.0,13,M1,R3,True,6768677.673822663,1000000.0,4,False
819,8190.0,0.0,13,M1,R4,True,7043863.120225582,1000000.0,3,False
819,8190.0,0.0,13,R1,S1,True,1954428.388992675,500000.0,2,True
819,8190.0,0.0,13,R1,S2,True,7043863.120225582,500000.0,3,False
819,8190.0,0.0,13,R2,S3,True,7830535.74603555,500000.0,1,False
819,8190.0,0.0,13,R2,S4,True,6768677.67382266,500000.0,4,False
819,8190.0,0.0,13,R3,A1,True,2450934.336910563,500000.0,2,True
819,8190.0,0.0,13,R3,A2,True,7043863.120225582,500000.0,3,False
819,8190.0,0.0,13,R4,A3,True,7830535.74603555,500000.0,1,False
819,8190.0,0.0,13,R4,A4,True,6768677.67382266,500000.0,4,False
820,8200.0,0.0,13,M1,R1,True,7830535.74603555,1000000.0,1,False
820,8200.0,0.0,13,M1,R2,True,2115462.1047612936,1000000.0,2,True
820,8200.0,0.0,13,M1,R3,True,6768677.673822663,1000000.0,4,False
820,8200.0,0.0,13,M1,R4,True,7043863.120225582,1000000.0,3,False
820,8200.0,0.0,13,R1,S1,True,1945725.274088931,500000.0,2,True
820,8200.0,0.0,13,R1,S2,True,7043863.120225582,500000.0,3,False
820,8200.0,0.0,13,R2,S3,True,7830535.74603555,500000.0,1,False
820,8200.0,0.0,13,R2,S4,True,6768677.67382266,500000.0,4,False
820,8200.0,0.0,13,R3,A1,True,2444582.398882515,500000.0,2,True
820,8200.0,0.0,13,R3,A2,True,7043863.120225582,500000.0,3,False
820,8200.0,0.0,13,R4,A3,True,7830535.74603555,500000.0,1,False
820,8200.0,0.0,13,R4,A4,True,6768677.67382266,500000.0,4,False
821,8210.0,0.0,13,M1,R1,True,7830535.74603555,1000000.0,1,False
821,8210.0,0.0,13,M1,R2,True,2107494.3804427073,1000000.0,2,True
821,8210.0,0.0,13,M1,R3,True,6768677.673822663,1000000.0,4,False
821,8210.0,0.0,13,M1,R4,True,7043863.120225582,1000000.0,3,False
821,8210.0,0.0,13,R1,S1,True,1936976.0794427595,500000.0,2,True
821,8210.0,0.0,13,R1,S2,True,7043863.120225582,500000.0,3,False
821,8210.0,0.0,13,R2,S3,True,7830535.74603555,500000.0,1,False
821,8210.0,0.0,13,R2,S4,True,6768677.67382266,500000.0,4,False
821,8210.0,0.0,13,R3,A1,True,2438203.9869790035,500000.0,2,True
821,8210.0,0.0,13,R3,A2,True,7043863.120225582,500000.0,3,False
821,8210.0,0.0,13,R4,A3,True,7830535.74603555,500000.0,1,False
821,8210.0,0.0,13,R4,A4,True,6768677.67382266,500000.0,4,False
822,8220.0,0.0,13,M1,R1,True,7830535.74603555,1000000.0,1,False
822,8220.0,0.0,13,M1,R2,True,2099485.6852683458,1000000.0,2,True
822,8220.0,0.0,13,M1,R3,True,6768677.673822663,1000000.0,4,False
822,8220.0,0.0,13,M1,R4,True,7043863.120225582,1000000.0,3,False
822,8220.0,0.0,13,R1,S1,True,1928180.4106184195,500000.0,2,True
822,8220.0,0.0,13,R1,S2,True,7043863.120225582,500000.0,3,False
822,8220.0,0.0,13,R2,S3,True,7830535.74603555,500000.0,1,False
822,8220.0,0.0,13,R2,S4,True,6768677.67382266,500000.0,4,False
822,8220.0,0.0,13,R3,A1,True,2431798.8966081254,500000.0,2,True
822,8220.0,0.0,13,R3,A2,True,7043863.120225582,500000.0,3,False
822,8220.0,0.0,13,R4,A3,True,7830535.74603555,500000.0,1,False
822,8220.0,0.0,13,R4,A4,True,6768677.67382266,500000.0,4,False
823,8230.0,0.0,13,M1,R1,True,7830535.74603555,1000000.0,1,False
823,8230.0,0.0,13,M1,R2,True,2091435.6375672664,1000000.0,2,True
823,8230.0,0.0,13,M1,R3,True,6768677.673822663,1000000.0,4,False
823,8230.0,0.0,13,M1,R4,True,7043863.120225582,1000000.0,3,False
823,8230.0,0.0,13,R1,S1,True,1919337.8703885826,500000.0,2,True
823,8230.0,0.0,13,R1,S2,True,7043863.120225582,500000.0,3,False
823,8230.0,0.0,13,R2,S3,True,7830535.74603555,500000.0,1,False
823,8230.0,0.0,13,R2,S4,True,6768677.67382266,500000.0,4,False
823,8230.0,0.0,13,R3,A1,True,2425366.921042079,500000.0,2,True
823,8230.0,0.0,13,R3,A2,True,7043863.120225582,500000.0,3,False
823,8230.0,0.0,13,R4,A3,True,7830535.74603555,500000.0,1,False
823,8230.0,0.0,13,R4,A4,True,6768677.67382266,500000.0,4,False
824,8240.0,0.0,13,M1,R1,True,7830535.74603555,1000000.0,1,False
824,8240.0,0.0,13,M1,R2,True,2083343.8511175818,1000000.0,2,True
824,8240.0,0.0,13,M1,R3,True,6768677.673822663,1000000.0,4,False
824,8240.0,0.0,13,M1,R4,True,7043863.120225582,1000000.0,3,False
824,8240.0,0.0,13,R1,S1,True,1910448.0588003304,500000.0,2,True
824,8240.0,0.0,13,R1,S2,True,7043863.120225582,500000.0,3,False
824,8240.0,0.0,13,R2,S3,True,7830535.74603555,500000.0,1,False
824,8240.0,0.0,13,R2,S4,True,6768677.67382266,500000.0,4,False
824,8240.0,0.0,13,R3,A1,True,2418907.851392794,500000.0,2,True
824,8240.0,0.0,13,R3,A2,True,7043863.120225582,500000.0,3,False
824,8240.0,0.0,13,R4,A3,True,7830535.74603555,500000.0,1,False
824,8240.0,0.0,13,R4,A4,True,6768677.67382266,500000.0,4,False
825,8250.0,0.0,13,M1,R1,True,7830535.74603555,1000000.0,1,False
825,8250.0,0.0,13,M1,R2,True,2075209.9350976958,1000000.0,2,True
825,8250.0,0.0,13,M1,R3,True,6768677.673822663,1000000.0,4,False
825,8250.0,0.0,13,M1,R4,True,7043863.120225582,1000000.0,3,False
825,8250.0,0.0,13,R1,S1,True,1901510.573247705,500000.0,2,True
825,8250.0,0.0,13,R1,S2,True,7043863.120225582,500000.0,3,False
825,8250.0,0.0,13,R2,S3,True,7830535.74603555,500000.0,1,False
825,8250.0,0.0,13,R2,S4,True,6768677.67382266,500000.0,4,False
825,8250.0,0.0,13,R3,A1,True,2412421.4765873565,500000.0,2,True
825,8250.0,0.0,13,R3,A2,True,7043863.120225582,500000.0,3,False
825,8250.0,0.0,13,R4,A3,True,7830535.74603555,500000.0,1,False
825,8250.0,0.0,13,R4,A4,True,6768677.67382266,500000.0,4,False
826,8260.0,0.0,13,M1,R1,True,7830535.74603555,1000000.0,1,False
826,8260.0,0.0,13,M1,R2,True,2067033.4940379695,1000000.0,2,True
826,8260.0,0.0,13,M1,R3,True,6768677.673822663,1000000.0,4,False
826,8260.0,0.0,13,M1,R4,True,7043863.120225582,1000000.0,3,False
826,8260.0,0.0,13,R1,S1,True,1892525.0085512009,500000.0,2,True
826,8260.0,0.0,13,R1,S2,True,7043863.120225582,500000.0,3,False
826,8260.0,0.0,13,R2,S3,True,7830535.74603555,500000.0,1,False
826,8260.0,0.0,13,R2,S4,True,6768677.67382266,500000.0,4,False
826,8260.0,0.0,13,R3,A1,True,2405907.583343331,500000.0,2,True
826,8260.0,0.0,13,R3,A2,True,7043863.120225582,500000.0,3,False
826,8260.0,0.0,13,R4,A3,True,7830535.74603555,500000.0,1,False
826,8260.0,0.0,13,R4,A4,True,6768677.67382266,500000.0,4,False
827,8270.0,0.0,13,M1,R1,True,7830535.74603555,1000000.0,1,False
827,8270.0,0.0,13,M1,R2,True,2058814.1277727883,1000000.0,2,True
827,8270.0,0.0,13,M1,R3,True,6768677.673822663,1000000.0,4,False
827,8270.0,0.0,13,M1,R4,True,7043863.120225582,1000000.0,3,False
827,8270.0,0.0,13,R1,S1,True,1883490.9570446005,500000.0,2,True
827,8270.0,0.0,13,R1,S2,True,7043863.120225582,500000.0,3,False
827,8270.0,0.0,13,R2,S3,True,7830535.74603555,500000.0,1,False
827,8270.0,0.0,13,R2,S4,True,6768677.67382266,500000.0,4,False
827,8270.0,0.0,13,R3,A1,True,2399365.956143826,500000.0,2,True
827,8270.0,0.0,13,R3,A2,True,7043863.120225582,500000.0,3,False
827,8270.0,0.0,13,R4,A3,True,7830535.74603555,500000.0,1,False
827,8270.0,0.0,13,R4,A4,True,6768677.67382266,500000.0,4,False
828,8280.0,0.0,13,M1,R1,True,7830535.74603555,1000000.0,1,False
828,8280.0,0.0,13,M1,R2,True,2050551.431393257,1000000.0,2,True
828,8280.0,0.0,13,M1,R3,True,6768677.673822663,1000000.0,4,False
828,8280.0,0.0,13,M1,R4,True,7043863.120225582,1000000.0,3,False
828,8280.0,0.0,13,R1,S1,True,1874408.0086696988,500000.0,2,True
828,8280.0,0.0,13,R1,S2,True,7043863.120225582,500000.0,3,False
828,8280.0,0.0,13,R2,S3,True,7830535.74603555,500000.0,1,False
828,8280.0,0.0,13,R2,S4,True,6768677.67382266,500000.0,4,False
828,8280.0,0.0,13,R3,A1,True,2392796.3772124737,500000.0,2,True
828,8280.0,0.0,13,R3,A2,True,7043863.120225582,500000.0,3,False
828,8280.0,0.0,13,R4,A3,True,7830535.74603555,500000.0,1,False
828,8280.0,0.0,13,R4,A4,True,6768677.67382266,500000.0,4,False
829,8290.0,0.0,13,M1,R1,True,7830535.74603555,1000000.0,1,False
829,8290.0,0.0,13,M1,R2,True,2042244.9952004768,1000000.0,2,True
829,8290.0,0.0,13,M1,R3,True,6768677.673822663,1000000.0,4,False
829,8290.0,0.0,13,M1,R4,True,7043863.120225582,1000000.0,3,False
829,8290.0,0.0,13,R1,S1,True,1865275.7510792667,500000.0,2,True
829,8290.0,0.0,13,R1,S2,True,7043863.120225582,500000.0,3,False
829,8290.0,0.0,13,R2,S3,True,7830535.74603555,500000.0,1,False
829,8290.0,0.0,13,R2,S4,True,6768677.67382266,500000.0,4,False
829,8290.0,0.0,13,R3,A1,True,2386198.626488229,500000.0,2,True
829,8290.0,0.0,13,R3,A2,True,7043863.120225582,500000.0,3,False
829,8290.0,0.0,13,R4,A3,True,7830535.74603555,500000.0,1,False
829,8290.0,0.0,13,R4,A4,True,6768677.67382266,500000.0,4,False
830,8300.0,0.0,13,M1,R1,True,7830535.74603555,1000000.0,1,False
830,8300.0,0.0,13,M1,R2,True,2033894.4046595811,1000000.0,2,True
830,8300.0,0.0,13,M1,R3,True,6768677.673822663,1000000.0,4,False
830,8300.0,0.0,13,M1,R4,True,7043863.120225582,1000000.0,3,False
830,8300.0,0.0,13,R1,S1,True,1856093.7697488433,500000.0,2,True
830,8300.0,0.0,13,R1,S2,True,7043863.120225582,500000.0,3,False
830,8300.0,0.0,13,R2,S3,True,7830535.74603555,500000.0,1,False
830,8300.0,0.0,13,R2,S4,True,6768677.67382266,500000.0,4,False
830,8300.0,0.0,13,R3,A1,True,2379572.481599988,500000.0,2,True
830,8300.0,0.0,13,R3,A2,True,7043863.120225582,500000.0,3,False
830,8300.0,0.0,13,R4,A3,True,7830535.74603555,500000.0,1,False
830,8300.0,0.0,13,R4,A4,True,6768677.67382266,500000.0,4,False
831,8310.0,0.0,13,M1,R1,True,7830535.74603555,1000000.0,1,False
831,8310.0,0.0,13,M1,R2,True,2025499.240354598,1000000.0,2,True
831,8310.0,0.0,13,M1,R3,True,6768677.673822663,1000000.0,4,False
831,8310.0,0.0,13,M1,R4,True,7043863.120225582,1000000.0,3,False
831,8310.0,0.0,13,R1,S1,True,1846861.6480979023,500000.0,2,True
831,8310.0,0.0,13,R1,S2,True,7043863.120225582,500000.0,3,False
831,8310.0,0.0,13,R2,S3,True,7830535.74603555,500000.0,1,False
831,8310.0,0.0,13,R2,S4,True,6768677.67382266,500000.0,4,False
831,8310.0,0.0,13,R3,A1,True,2372917.717841171,500000.0,2,True
831,8310.0,0.0,13,R3,A2,True,7043863.120225582,500000.0,3,False
831,8310.0,0.0,13,R4,A3,True,7830535.74603555,500000.0,1,False
831,8310.0,0.0,13,R4,A4,True,6768677.67382266,500000.0,4,False
832,8320.0,0.0,13,M1,R1,True,7830535.74603555,1000000.0,1,False
832,8320.0,0.0,13,M1,R2,True,2017059.0779442952,1000000.0,2,True
832,8320.0,0.0,13,M1,R3,True,6768677.673822663,1000000.0,4,False
832,8320.0,0.0,13,M1,R4,True,7043863.120225582,1000000.0,3,False
832,8320.0,0.0,13,R1,S1,True,1837578.967620868,500000.0,2,True
832,8320.0,0.0,13,R1,S2,True,7043863.120225582,500000.0,3,False
832,8320.0,0.0,13,R2,S3,True,7830535.74603555,500000.0,1,False
832,8320.0,0.0,13,R2,S4,True,6768677.67382266,500000.0,4,False
832,8320.0,0.0,13,R3,A1,True,2366234.108144055,500000.0,2,True
832,8320.0,0.0,13,R3,A2,True,7043863.120225582,500000.0,3,False
832,8320.0,0.0,13,R4,A3,True,7830535.74603555,500000.0,1,False
832,8320.0,0.0,13,R4,A4,True,6768677.67382266,500000.0,4,False
833,8330.0,0.0,13,M1,R1,True,7830535.74603555,1000000.0,1,False
833,8330.0,0.0,13,M1,R2,True,2008573.4881190422,1000000.0,2,True
833,8330.0,0.0,13,M1,R3,True,6768677.673822663,1000000.0,4,False
833,8330.0,0.0,13,M1,R4,True,7043863.120225582,1000000.0,3,False
833,8330.0,0.0,13,R1,S1,True,1828245.3080286514,500000.0,2,True
833,8330.0,0.0,13,R1,S2,True,7043863.120225582,500000.0,3,False
833,8330.0,0.0,13,R2,S3,True,7830535.74603555,500000.0,1,False
833,8330.0,0.0,13,R2,S4,True,6768677.67382266,500000.0,4,False
833,8330.0,0.0,13,R3,A1,True,2359521.4230541154,500000.0,2,True
833,8330.0,0.0,13,R3,A2,True,7043863.120225582,500000.0,3,False
833,8330.0,0.0,13,R4,A3,True,7830535.74603555,500000.0,1,False
833,8330.0,0.0,13,R4,A4,True,6768677.67382266,500000.0,4,False
834,8340.0,0.0,13,M1,R1,True,7830535.74603555,1000000.0,1,False
834,8340.0,0.0,13,M1,R2,True,2000042.0365589058,1000000.0,2,True
834,8340.0,0.0,13,M1,R3,True,6768677.673822663,1000000.0,4,False
834,8340.0,0.0,13,M1,R4,True,7043863.120225582,1000000.0,3,False
834,8340.0,0.0,13,R1,S1,True,1818860.2474013478,500000.0,2,True
834,8340.0,0.0,13,R1,S2,True,7043863.120225582,500000.0,3,False
834,8340.0,0.0,13,R2,S3,True,7830535.74603555,500000.0,1,False
834,8340.0,0.0,13,R2,S4,True,6768677.67382266,500000.0,4,False
834,8340.0,0.0,13,R3,A1,True,2352779.4307041694,500000.0,2,True
834,8340.0,0.0,13,R3,A2,True,7043863.120225582,500000.0,3,False
834,8340.0,0.0,13,R4,A3,True,7830535.74603555,500000.0,1,False
834,8340.0,0.0,13,R4,A4,True,6768677.67382266,500000.0,4,False
835,8350.0,0.0,13,M1,R1,True,7830535.74603555,1000000.0,1,False
835,8350.0,0.0,13,M1,R2,True,1991464.2838930609,1000000.0,2,True
835,8350.0,0.0,13,M1,R3,True,6768677.673822663,1000000.0,4,False
835,8350.0,0.0,13,M1,R4,True,7043863.120225582,1000000.0,3,False
835,8350.0,0.0,13,R1,S1,True,1809423.3623526823,500000.0,2,True
835,8350.0,0.0,13,R1,S2,True,7043863.120225582,500000.0,3,False
835,8350.0,0.0,13,R2,S3,True,7830535.74603555,500000.0,1,False
835,8350.0,0.0,13,R2,S4,True,6768677.67382266,500000.0,4,False
835,8350.0,0.0,13,R3,A1,True,2346007.896788494,500000.0,2,True
835,8350.0,0.0,13,R3,A2,True,7043863.120225582,500000.0,3,False
835,8350.0,0.0,13,R4,A3,True,7830535.74603555,500000.0,1,False
835,8350.0,0.0,13,R4,A4,True,6768677.67382266,500000.0,4,False
836,8360.0,0.0,13,M1,R1,True,7830535.74603555,1000000.0,1,False
836,8360.0,0.0,13,M1,R2,True,1982839.7856606774,1000000.0,2,True
836,8360.0,0.0,13,M1,R3,True,6768677.673822663,1000000.0,4,False
836,8360.0,0.0,13,M1,R4,True,7043863.120225582,1000000.0,3,False
836,8360.0,0.0,13,R1,S1,True,1799934.228207,500000.0,2,True
836,8360.0,0.0,13,R1,S2,True,7043863.120225582,500000.0,3,False
836,8360.0,0.0,13,R2,S3,True,7830535.74603555,500000.0,1,False
836,8360.0,0.0,13,R2,S4,True,6768677.67382266,500000.0,4,False
836,8360.0,0.0,13,R3,A1,True,2339206.5845368397,500000.0,2,True
836,8360.0,0.0,13,R3,A2,True,7043863.120225582,500000.0,3,False
836,8360.0,0.0,13,R4,A3,True,7830535.74603555,500000.0,1,False
836,8360.0,0.0,13,R4,A4,True,6768677.67382266,500000.0,4,False
837,8370.0,0.0,13,M1,R1,True,7830535.74603555,1000000.0,1,False
837,8370.0,0.0,13,M1,R2,True,1974168.092273432,1000000.0,2,True
837,8370.0,0.0,13,M1,R3,True,6768677.673822663,1000000.0,4,False
837,8370.0,0.0,13,M1,R4,True,7043863.120225582,1000000.0,3,False
837,8370.0,0.0,13,R1,S1,True,1790392.4191894883,500000.0,2,True
837,8370.0,0.0,13,R1,S2,True,7043863.120225582,500000.0,3,False
837,8370.0,0.0,13,R2,S3,True,7830535.74603555,500000.0,1,False
837,8370.0,0.0,13,R2,S4,True,6768677.67382266,500000.0,4,False
837,8370.0,0.0,13,R3,A1,True,2332375.254688378,500000.0,2,True
837,8370.0,0.0,13,R3,A2,True,7043863.120225582,500000.0,3,False
837,8370.0,0.0,13,R4,A3,True,7830535.74603555,500000.0,1,False
837,8370.0,0.0,13,R4,A4,True,6768677.67382266,500000.0,4,False
838,8380.0,0.0,13,M1,R1,True,7830535.74603555,1000000.0,1,False
838,8380.0,0.0,13,M1,R2,True,1965448.7489798195,1000000.0,2,True
838,8380.0,0.0,13,M1,R3,True,6768677.673822663,1000000.0,4,False
838,8380.0,0.0,13,M1,R4,True,7043863.120225582,1000000.0,3,False
838,8380.0,0.0,13,R1,S1,True,1780797.5086304208,500000.0,2,True
838,8380.0,0.0,13,R1,S2,True,7043863.120225582,500000.0,3,False
838,8380.0,0.0,13,R2,S3,True,7830535.74603555,500000.0,1,False
838,8380.0,0.0,13,R2,S4,True,6768677.67382266,500000.0,4,False
838,8380.0,0.0,13,R3,A1,True,2325513.6654656245,500000.0,2,True
838,8380.0,0.0,13,R3,A2,True,7043863.120225582,500000.0,3,False
838,8380.0,0.0,13,R4,A3,True,7830535.74603555,500000.0,1,False
838,8380.0,0.0,13,R4,A4,True,6768677.67382266,500000.0,4,False
839,8390.0,0.0,13,M1,R1,True,7830535.74603555,1000000.0,1,False
839,8390.0,0.0,13,M1,R2,True,1956681.295831451,1000000.0,2,True
839,8390.0,0.0,13,M1,R3,True,6768677.673822663,1000000.0,4,False
839,8390.0,0.0,13,M1,R4,True,7043863.120225582,1000000.0,3,False
839,8390.0,0.0,13,R1,S1,True,1771149.0691843163,500000.0,2,True
839,8390.0,0.0,13,R1,S2,True,7043863.120225582,500000.0,3,False
839,8390.0,0.0,13,R2,S3,True,7830535.74603555,500000.0,1,False
839,8390.0,0.0,13,R2,S4,True,6768677.67382266,500000.0,4,False
839,8390.0,0.0,13,R3,A1,True,2318621.5725483163,500000.0,2,True
839,8390.0,0.0,13,R3,A2,True,7043863.120225582,500000.0,3,False
839,8390.0,0.0,13,R4,A3,True,7830535.74603555,500000.0,1,False
839,8390.0,0.0,13,R4,A4,True,6768677.67382266,500000.0,4,False
840,8400.0,0.0,13,M1,R1,True,7830535.74603555,1000000.0,1,False
840,8400.0,0.0,13,M1,R2,True,1947865.2676514667,1000000.0,2,True
840,8400.0,0.0,13,M1,R3,True,6768677.673822663,1000000.0,4,False
840,8400.0,0.0,13,M1,R4,True,7043863.120225582,1000000.0,3,False
840,8400.0,0.0,13,R1,S1,True,1761446.673064785,500000.0,2,True
840,8400.0,0.0,13,R1,S2,True,7043863.120225582,500000.0,3,False
840,8400.0,0.0,13,R2,S3,True,7830535.74603555,500000.0,1,False
840,8400.0,0.0,13,R2,S4,True,6768677.67382266,500000.0,4,False
840,8400.0,0.0,13,R3,A1,True,2311698.7290472896,500000.0,2,True
840,8400.0,0.0,13,R3,A2,True,7043863.120225582,500000.0,3,False
840,8400.0,0.0,13,R4,A3,True,7830535.74603555,500000.0,1,False
840,8400.0,0.0,13,R4,A4,True,6768677.67382266,500000.0,4,False
841,8410.0,0.0,13,M1,R1,True,7830535.74603555,1000000.0,1,False
841,8410.0,0.0,13,M1,R2,True,1939000.194005376,1000000.0,2,True
841,8410.0,0.0,13,M1,R3,True,6768677.673822663,1000000.0,4,False
841,8410.0,0.0,13,M1,R4,True,7043863.120225582,1000000.0,3,False
841,8410.0,0.0,13,R1,S1,True,1751689.8922961098,500000.0,2,True
841,8410.0,0.0,13,R1,S2,True,7043863.120225582,500000.0,3,False
841,8410.0,0.0,13,R2,S3,True,7830535.74603555,500000.0,1,False
841,8410.0,0.0,13,R2,S4,True,6768677.67382266,500000.0,4,False
841,8410.0,0.0,13,R3,A1,True,2304744.8854783415,500000.0,2,True
841,8410.0,0.0,13,R3,A2,True,7043863.120225582,500000.0,3,False
841,8410.0,0.0,13,R4,A3,True,7830535.74603555,500000.0,1,False
841,8410.0,0.0,13,R4,A4,True,6768677.67382266,500000.0,4,False
842,8420.0,0.0,13,M1,R1,True,7830535.74603555,1000000.0,1,False
842,8420.0,0.0,13,M1,R2,True,1930085.5991744148,1000000.0,2,True
842,8420.0,0.0,13,M1,R3,True,6768677.673822663,1000000.0,4,False
842,8420.0,0.0,13,M1,R4,True,7043863.120225582,1000000.0,3,False
842,8420.0,0.0,13,R1,S1,True,1741878.2989824587,500000.0,2,True
842,8420.0,0.0,13,R1,S2,True,7043863.120225582,500000.0,3,False
842,8420.0,0.0,13,R2,S3,True,7830535.74603555,500000.0,1,False
842,8420.0,0.0,13,R2,S4,True,6768677.67382266,500000.0,4,False
842,8420.0,0.0,13,R3,A1,True,2297759.789736166,500000.0,2,True
842,8420.0,0.0,13,R3,A2,True,7043863.120225582,500000.0,3,False
842,8420.0,0.0,13,R4,A3,True,7830535.74603555,500000.0,1,False
842,8420.0,0.0,13,R4,A4,True,6768677.67382266,500000.0,4,False
843,8430.0,0.0,13,M1,R1,True,7830535.74603555,1000000.0,1,False
843,8430.0,0.0,13,M1,R2,True,1921121.0021317545,1000000.0,2,True
843,8430.0,0.0,13,M1,R3,True,6768677.673822663,1000000.0,4,False
843,8430.0,0.0,13,M1,R4,True,7043863.120225582,1000000.0,3,False
843,8430.0,0.0,13,R1,S1,True,1732011.4655958256,500000.0,2,True
843,8430.0,0.0,13,R1,S2,True,7043863.120225582,500000.0,3,False
843,8430.0,0.0,13,R2,S3,True,7830535.74603555,500000.0,1,False
843,8430.0,0.0,13,R2,S4,True,6768677.67382266,500000.0,4,False
843,8430.0,0.0,13,R3,A1,True,2290743.187068278,500000.0,2,True
843,8430.0,0.0,13,R3,A2,True,7043863.120225582,500000.0,3,False
843,8430.0,0.0,13,R4,A3,True,7830535.74603555,500000.0,1,False
843,8430.0,0.0,13,R4,A4,True,6768677.67382266,500000.0,4,False
844,8440.0,0.0,13,M1,R1,True,7830535.74603555,1000000.0,1,False
844,8440.0,0.0,13,M1,R2,True,1912105.916521735,1000000.0,2,True
844,8440.0,0.0,13,M1,R3,True,6768677.673822663,1000000.0,4,False
844,8440.0,0.0,13,M1,R4,True,7043863.120225582,1000000.0,3,False
844,8440.0,0.0,13,R1,S1,True,1722088.9652837524,500000.0,2,True
844,8440.0,0.0,13,R1,S2,True,7043863.120225582,500000.0,3,False
844,8440.0,0.0,13,R2,S3,True,7830535.74603555,500000.0,1,False
844,8440.0,0.0,13,R2,S4,True,6768677.67382266,500000.0,4,False
844,8440.0,0.0,13,R3,A1,True,2283694.820049053,500000.0,2,True
844,8440.0,0.0,13,R3,A2,True,7043863.120225582,500000.0,3,False
844,8440.0,0.0,13,R4,A3,True,7830535.74603555,500000.0,1,False
844,8440.0,0.0,13,R4,A4,True,6768677.67382266,500000.0,4,False
845,8450.0,0.0,13,M1,R1,True,7830535.74603555,1000000.0,1,False
845,8450.0,0.0,13,M1,R2,True,1903039.8506424534,1000000.0,2,True
845,8450.0,0.0,13,M1,R3,True,6768677.673822663,1000000.0,4,False
845,8450.0,0.0,13,M1,R4,True,7043863.120225582,1000000.0,3,False
845,8450.0,0.0,13,R1,S1,True,1712110.3721980161,500000.0,2,True
845,8450.0,0.0,13,R1,S2,True,7043863.120225582,500000.0,3,False
845,8450.0,0.0,13,R2,S3,True,7830535.74603555,500000.0,1,False
845,8450.0,0.0,13,R2,S4,True,6768677.67382266,500000.0,4,False
845,8450.0,0.0,13,R3,A1,True,2276614.428553853,500000.0,2,True
845,8450.0,0.0,13,R3,A2,True,7043863.120225582,500000.0,3,False
845,8450.0,0.0,13,R4,A3,True,7830535.74603555,500000.0,1,False
845,8450.0,0.0,13,R4,A4,True,6768677.67382266,500000.0,4,False
846,8460.0,0.0,13,M1,R1,True,7830535.74603555,1000000.0,1,False
846,8460.0,0.0,13,M1,R2,True,1893922.3074318906,1000000.0,2,True
846,8460.0,0.0,13,M1,R3,True,6768677.673822663,1000000.0,4,False
846,8460.0,0.0,13,M1,R4,True,7043863.120225582,1000000.0,3,False
846,8460.0,0.0,13,R1,S1,True,1702075.2618455156,500000.0,2,True
846,8460.0,0.0,13,R1,S2,True,7043863.120225582,500000.0,3,False
846,8460.0,0.0,13,R2,S3,True,7830535.74603555,500000.0,1,False
846,8460.0,0.0,13,R2,S4,True,6768677.67382266,500000.0,4,False
846,8460.0,0.0,13,R3,A1,True,2269501.749733281,500000.0,2,True
846,8460.0,0.0,13,R3,A2,True,7043863.120225582,500000.0,3,False
846,8460.0,0.0,13,R4,A3,True,7830535.74603555,500000.0,1,False
846,8460.0,0.0,13,R4,A4,True,6768677.67382266,500000.0,4,False
847,8470.0,0.0,13,M1,R1,True,7830535.74603555,1000000.0,1,False
847,8470.0,0.0,13,M1,R2,True,1884752.7844579904,1000000.0,2,True
847,8470.0,0.0,13,M1,R3,True,6768677.673822663,1000000.0,4,False
847,8470.0,0.0,13,M1,R4,True,7043863.120225582,1000000.0,3,False
847,8470.0,0.0,13,R1,S1,True,1691983.2114626572,500000.0,2,True
847,8470.0,0.0,13,R1,S2,True,7043863.120225582,500000.0,3,False
847,8470.0,0.0,13,R2,S3,True,7830535.74603555,500000.0,1,False
847,8470.0,0.0,13,R2,S4,True,6768677.67382266,500000.0,4,False
847,8470.0,0.0,13,R3,A1,True,2262356.5179875554,500000.0,2,True
847,8470.0,0.0,13,R3,A2,True,7043863.120225582,500000.0,3,False
847,8470.0,0.0,13,R4,A3,True,7830535.74603555,500000.0,1,False
847,8470.0,0.0,13,R4,A4,True,6768677.67382266,500000.0,4,False
848,8480.0,0.0,13,M1,R1,True,7830535.74603555,1000000.0,1,False
848,8480.0,0.0,13,M1,R2,True,1875530.77391293,1000000.0,2,True
848,8480.0,0.0,13,M1,R3,True,6768677.673822663,1000000.0,4,False
848,8480.0,0.0,13,M1,R4,True,7043863.120225582,1000000.0,3,False
848,8480.0,0.0,13,R1,S1,True,1681833.800414531,500000.0,2,True
848,8480.0,0.0,13,R1,S2,True,7043863.120225582,500000.0,3,False
848,8480.0,0.0,13,R2,S3,True,7830535.74603555,500000.0,1,False
848,8480.0,0.0,13,R2,S4,True,6768677.67382266,500000.0,4,False
848,8480.0,0.0,13,R3,A1,True,2255178.4649411147,500000.0,2,True
848,8480.0,0.0,13,R3,A2,True,7043863.120225582,500000.0,3,False
848,8480.0,0.0,13,R4,A3,True,7830535.74603555,500000.0,1,False
848,8480.0,0.0,13,R4,A4,True,6768677.67382266,500000.0,4,False
849,8490.0,0.0,13,M1,R1,True,7830535.74603555,1000000.0,1,False
849,8490.0,0.0,13,M1,R2,True,1866255.7626119284,1000000.0,2,True
849,8490.0,0.0,13,M1,R3,True,6768677.673822663,1000000.0,4,False
849,8490.0,0.0,13,M1,R4,True,7043863.120225582,1000000.0,3,False
849,8490.0,0.0,13,R1,S1,True,1671626.6106204835,500000.0,2,True
849,8490.0,0.0,13,R1,S2,True,7043863.120225582,500000.0,3,False
849,8490.0,0.0,13,R2,S3,True,7830535.74603555,500000.0,1,False
849,8490.0,0.0,13,R2,S4,True,6768677.67382266,500000.0,4,False
849,8490.0,0.0,13,R3,A1,True,2247967.319417385,500000.0,2,True
849,8490.0,0.0,13,R3,A2,True,7043863.120225582,500000.0,3,False
849,8490.0,0.0,13,R4,A3,True,7830535.74603555,500000.0,1,False
849,8490.0,0.0,13,R4,A4,True,6768677.67382266,500000.0,4,False
850,8500.0,0.0,13,M1,R1,True,7830535.74603555,1000000.0,1,False
850,8500.0,0.0,13,M1,R2,True,1856927.2319970035,1000000.0,2,True
850,8500.0,0.0,13,M1,R3,True,6768677.673822663,1000000.0,4,False
850,8500.0,0.0,13,M1,R4,True,7043863.120225582,1000000.0,3,False
850,8500.0,0.0,13,R1,S1,True,1661361.2270074277,500000.0,2,True
850,8500.0,0.0,13,R1,S2,True,7043863.120225582,500000.0,3,False
850,8500.0,0.0,13,R2,S3,True,7830535.74603555,500000.0,1,False
850,8500.0,0.0,13,R2,S4,True,6768677.67382266,500000.0,4,False
850,8500.0,0.0,13,R3,A1,True,2240722.8074138397,500000.0,2,True
850,8500.0,0.0,13,R3,A2,True,7043863.120225582,500000.0,3,False
850,8500.0,0.0,13,R4,A3,True,7830535.74603555,500000.0,1,False
850,8500.0,0.0,13,R4,A4,True,6768677.67382266,500000.0,4,False
851,8510.0,0.0,13,M1,R1,True,7830535.74603555,1000000.0,1,False
851,8510.0,0.0,13,M1,R2,True,1847544.6581460037,1000000.0,2,True
851,8510.0,0.0,13,M1,R3,True,6768677.673822663,1000000.0,4,False
851,8510.0,0.0,13,M1,R4,True,7043863.120225582,1000000.0,3,False
851,8510.0,0.0,13,R1,S1,True,1651037.2379926594,500000.0,2,True
851,8510.0,0.0,13,R1,S2,True,7043863.120225582,500000.0,3,False
851,8510.0,0.0,13,R2,S3,True,7830535.74603555,500000.0,1,False
851,8510.0,0.0,13,R2,S4,True,6768677.67382266,500000.0,4,False
851,8510.0,0.0,13,R3,A1,True,2233444.652077289,500000.0,2,True
851,8510.0,0.0,13,R3,A2,True,7043863.120225582,500000.0,3,False
851,8510.0,0.0,13,R4,A3,True,7830535.74603555,500000.0,1,False
851,8510.0,0.0,13,R4,A4,True,6768677.67382266,500000.0,4,False
852,8520.0,0.0,13,M1,R1,True,7830535.74603555,1000000.0,1,False
852,8520.0,0.0,13,M1,R2,True,1838107.5117873964,1000000.0,2,True
852,8520.0,0.0,13,M1,R3,True,6768677.673822663,1000000.0,4,False
852,8520.0,0.0,13,M1,R4,True,7043863.120225582,1000000.0,3,False
852,8520.0,0.0,13,R1,S1,True,1640654.2359977516,500000.0,2,True
852,8520.0,0.0,13,R1,S2,True,7043863.120225582,500000.0,3,False
852,8520.0,0.0,13,R2,S3,True,7830535.74603555,500000.0,1,False
852,8520.0,0.0,13,R2,S4,True,6768677.67382266,500000.0,4,False
852,8520.0,0.0,13,R3,A1,True,2226132.5736795478,500000.0,2,True
852,8520.0,0.0,13,R3,A2,True,7043863.120225582,500000.0,3,False
852,8520.0,0.0,13,R4,A3,True,7830535.74603555,500000.0,1,False
852,8520.0,0.0,13,R4,A4,True,6768677.67382266,500000.0,4,False
853,8530.0,0.0,13,M1,R1,True,7830535.74603555,1000000.0,1,False
853,8530.0,0.0,13,M1,R2,True,1828615.2583211518,1000000.0,2,True
853,8530.0,0.0,13,M1,R3,True,6768677.673822663,1000000.0,4,False
853,8530.0,0.0,13,M1,R4,True,7043863.120225582,1000000.0,3,False
853,8530.0,0.0,13,R1,S1,True,1630211.8179954586,500000.0,2,True
853,8530.0,0.0,13,R1,S2,True,7043863.120225582,500000.0,3,False
853,8530.0,0.0,13,R2,S3,True,7830535.74603555,500000.0,1,False
853,8530.0,0.0,13,R2,S4,True,6768677.67382266,500000.0,4,False
853,8530.0,0.0,13,R3,A1,True,2218786.2895934056,500000.0,2,True
853,8530.0,0.0,13,R3,A2,True,7043863.120225582,500000.0,3,False
853,8530.0,0.0,13,R4,A3,True,7830535.74603555,500000.0,1,False
853,8530.0,0.0,13,R4,A4,True,6768677.67382266,500000.0,4,False
854,8540.0,0.0,13,M1,R1,True,7830535.74603555,1000000.0,1,False
854,8540.0,0.0,13,M1,R2,True,1819067.357846311,1000000.0,2,True
854,8540.0,0.0,13,M1,R3,True,6768677.673822663,1000000.0,4,False
854,8540.0,0.0,13,M1,R4,True,7043863.120225582,1000000.0,3,False
854,8540.0,0.0,13,R1,S1,True,1619709.5860914001,500000.0,2,True
854,8540.0,0.0,13,R1,S2,True,7043863.120225582,500000.0,3,False
854,8540.0,0.0,13,R2,S3,True,7830535.74603555,500000.0,1,False
854,8540.0,0.0,13,R2,S4,True,6768677.67382266,500000.0,4,False
854,8540.0,0.0,13,R3,A1,True,2211405.514269069,500000.0,2,True
854,8540.0,0.0,13,R3,A2,True,7043863.120225582,500000.0,3,False
854,8540.0,0.0,13,R4,A3,True,7830535.74603555,500000.0,1,False
854,8540.0,0.0,13,R4,A4,True,6768677.67382266,500000.0,4,False
855,8550.0,0.0,13,M1,R1,True,7830535.74603555,1000000.0,1,False
855,8550.0,0.0,13,M1,R2,True,1809463.2651956691,1000000.0,2,True
855,8550.0,0.0,13,M1,R3,True,6768677.673822663,1000000.0,4,False
855,8550.0,0.0,13,M1,R4,True,7043863.120225582,1000000.0,3,False
855,8550.0,0.0,13,R1,S1,True,1609147.1481425914,500000.0,2,True
855,8550.0,0.0,13,R1,S2,True,7043863.120225582,500000.0,3,False
855,8550.0,0.0,13,R2,S3,True,7830535.74603555,500000.0,1,False
855,8550.0,0.0,13,R2,S4,True,6768677.67382266,500000.0,4,False
855,8550.0,0.0,13,R3,A1,True,2203989.9592109495,500000.0,2,True
855,8550.0,0.0,13,R3,A2,True,7043863.120225582,500000.0,3,False
855,8550.0,0.0,13,R4,A3,True,7830535.74603555,500000.0,1,False
855,8550.0,0.0,13,R4,A4,True,6768677.67382266,500000.0,4,False
856,8560.0,0.0,13,M1,R1,True,7830535.74603555,1000000.0,1,False
856,8560.0,0.0,13,M1,R2,True,1799802.4299780717,1000000.0,2,True
856,8560.0,0.0,13,M1,R3,True,6768677.673822663,1000000.0,4,False
856,8560.0,0.0,13,M1,R4,True,7043863.120225582,1000000.0,3,False
856,8560.0,0.0,13,R1,S1,True,1598524.1184149696,500000.0,2,True
856,8560.0,0.0,13,R1,S2,True,7043863.120225582,500000.0,3,False
856,8560.0,0.0,13,R2,S3,True,7830535.74603555,500000.0,1,False
856,8560.0,0.0,13,R2,S4,True,6768677.67382266,500000.0,4,False
856,8560.0,0.0,13,R3,A1,True,2196539.332955058,500000.0,2,True
856,8560.0,0.0,13,R3,A2,True,7043863.120225582,500000.0,3,False
856,8560.0,0.0,13,R4,A3,True,7830535.74603555,500000.0,1,False
856,8560.0,0.0,13,R4,A4,True,6768677.67382266,500000.0,4,False
857,8570.0,0.0,13,M1,R1,True,7830535.74603555,1000000.0,1,False
857,8570.0,0.0,13,M1,R2,True,1790084.296629019,1000000.0,2,True
857,8570.0,0.0,13,M1,R3,True,6768677.673822663,1000000.0,4,False
857,8570.0,0.0,13,M1,R4,True,7043863.120225582,1000000.0,3,False
857,8570.0,0.0,13,R1,S1,True,1587840.118282021,500000.0,2,True
857,8570.0,0.0,13,R1,S2,True,7043863.120225582,500000.0,3,False
857,8570.0,0.0,13,R2,S3,True,7830535.74603555,500000.0,1,False
857,8570.0,0.0,13,R2,S4,True,6768677.67382266,500000.0,4,False
857,8570.0,0.0,13,R3,A1,True,2189053.3410468977,500000.0,2,True
857,8570.0,0.0,13,R3,A2,True,7043863.120225582,500000.0,3,False
857,8570.0,0.0,13,R4,A3,True,7830535.74603555,500000.0,1,False
857,8570.0,0.0,13,R4,A4,True,6768677.67382266,500000.0,4,False
858,8580.0,0.0,13,M1,R1,True,7830535.74603555,1000000.0,1,False
858,8580.0,0.0,13,M1,R2,True,1780308.3044700357,1000000.0,2,True
858,8580.0,0.0,13,M1,R3,True,6768677.673822663,1000000.0,4,False
858,8580.0,0.0,13,M1,R4,True,7043863.120225582,1000000.0,3,False
858,8580.0,0.0,13,R1,S1,True,1577094.7769669993,500000.0,2,True
858,8580.0,0.0,13,R1,S2,True,7043863.120225582,500000.0,3,False
858,8580.0,0.0,13,R2,S3,True,7830535.74603555,500000.0,1,False
858,8580.0,0.0,13,R2,S4,True,6768677.67382266,500000.0,4,False
858,8580.0,0.0,13,R3,A1,True,2181531.686019931,500000.0,2,True
858,8580.0,0.0,13,R3,A2,True,7043863.120225582,500000.0,3,False
858,8580.0,0.0,13,R4,A3,True,7830535.74603555,500000.0,1,False
858,8580.0,0.0,13,R4,A4,True,6768677.67382266,500000.0,4,False
859,8590.0,0.0,13,M1,R1,True,7830535.74603555,1000000.0,1,False
859,8590.0,0.0,13,M1,R2,True,1770473.8877775616,1000000.0,2,True
859,8590.0,0.0,13,M1,R3,True,6768677.673822663,1000000.0,4,False
859,8590.0,0.0,13,M1,R4,True,7043863.120225582,1000000.0,3,False
859,8590.0,0.0,13,R1,S1,True,1566287.732331123,500000.0,2,True
859,8590.0,0.0,13,R1,S2,True,7043863.120225582,500000.0,3,False
859,8590.0,0.0,13,R2,S3,True,7830535.74603555,500000.0,1,False
859,8590.0,0.0,13,R2,S4,True,6768677.67382266,500000.0,4,False
859,8590.0,0.0,13,R3,A1,True,2173974.0673747845,500000.0,2,True
859,8590.0,0.0,13,R3,A2,True,7043863.120225582,500000.0,3,False
859,8590.0,0.0,13,R4,A3,True,7830535.74603555,500000.0,1,False
859,8590.0,0.0,13,R4,A4,True,6768677.67382266,500000.0,4,False
860,8600.0,0.0,13,M1,R1,True,7830535.74603555,1000000.0,1,False
860,8600.0,0.0,13,M1,R2,True,1760580.4758620027,1000000.0,2,True
860,8600.0,0.0,13,M1,R3,True,6768677.673822663,1000000.0,4,False
860,8600.0,0.0,13,M1,R4,True,7043863.120225582,1000000.0,3,False
860,8600.0,0.0,13,R1,S1,True,1555418.631710385,500000.0,2,True
860,8600.0,0.0,13,R1,S2,True,7043863.120225582,500000.0,3,False
860,8600.0,0.0,13,R2,S3,True,7830535.74603555,500000.0,1,False
860,8600.0,0.0,13,R2,S4,True,6768677.67382266,500000.0,4,False
860,8600.0,0.0,13,R3,A1,True,2166380.181559092,500000.0,2,True
860,8600.0,0.0,13,R3,A2,True,7043863.120225582,500000.0,3,False
860,8600.0,0.0,13,R4,A3,True,7830535.74603555,500000.0,1,False
860,8600.0,0.0,13,R4,A4,True,6768677.67382266,500000.0,4,False
861,8610.0,0.0,13,M1,R1,True,7830535.74603555,1000000.0,1,False
861,8610.0,0.0,13,M1,R2,True,1750627.4931576871,1000000.0,2,True
861,8610.0,0.0,13,M1,R3,True,6768677.673822663,1000000.0,4,False
861,8610.0,0.0,13,M1,R4,True,7043863.120225582,1000000.0,3,False
861,8610.0,0.0,13,R1,S1,True,1544487.1328037158,500000.0,2,True
861,8610.0,0.0,13,R1,S2,True,7043863.120225582,500000.0,3,False
861,8610.0,0.0,13,R2,S3,True,7830535.74603555,500000.0,1,False
861,8610.0,0.0,13,R2,S4,True,6768677.67382266,500000.0,4,False
861,8610.0,0.0,13,R3,A1,True,2158749.721948191,500000.0,2,True
861,8610.0,0.0,13,R3,A2,True,7043863.120225582,500000.0,3,False
861,8610.0,0.0,13,R4,A3,True,7830535.74603555,500000.0,1,False
861,8610.0,0.0,13,R4,A4,True,6768677.67382266,500000.0,4,False
862,8620.0,0.0,13,M1,R1,True,7830535.74603555,1000000.0,1,False
862,8620.0,0.0,13,M1,R2,True,1740614.359324506,1000000.0,2,True
862,8620.0,0.0,13,M1,R3,True,6768677.673822663,1000000.0,4,False
862,8620.0,0.0,13,M1,R4,True,7043863.120225582,1000000.0,3,False
862,8620.0,0.0,13,R1,S1,True,1533492.9046154392,500000.0,2,True
862,8620.0,0.0,13,R1,S2,True,7043863.120225582,500000.0,3,False
862,8620.0,0.0,13,R2,S3,True,7830535.74603555,500000.0,1,False
862,8620.0,0.0,13,R2,S4,True,6768677.67382266,500000.0,4,False
862,8620.0,0.0,13,R3,A1,True,2151082.3788266396,500000.0,2,True
862,8620.0,0.0,13,R3,A2,True,7043863.120225582,500000.0,3,False
862,8620.0,0.0,13,R4,A3,True,7830535.74603555,500000.0,1,False
862,8620.0,0.0,13,R4,A4,True,6768677.67382266,500000.0,4,False
863,8630.0,0.0,13,M1,R1,True,7830535.74603555,1000000.0,1,False
863,8630.0,0.0,13,M1,R2,True,1730540.4893620973,1000000.0,2,True
863,8630.0,0.0,13,M1,R3,True,6768677.673822663,1000000.0,4,False
863,8630.0,0.0,13,M1,R4,True,7043863.120225582,1000000.0,3,False
863,8630.0,0.0,13,R1,S1,True,1522435.6284550277,500000.0,2,True
863,8630.0,0.0,13,R1,S2,True,7043863.120225582,500000.0,3,False
863,8630.0,0.0,13,R2,S3,True,7830535.74603555,500000.0,1,False
863,8630.0,0.0,13,R2,S4,True,6768677.67382266,500000.0,4,False
863,8630.0,0.0,13,R3,A1,True,2143377.8393706684,500000.0,2,True
863,8630.0,0.0,13,R3,A2,True,7043863.120225582,500000.0,3,False
863,8630.0,0.0,13,R4,A3,True,7830535.74603555,500000.0,1,False
863,8630.0,0.0,13,R4,A4,True,6768677.67382266,500000.0,4,False
864,8640.0,0.0,13,M1,R1,True,7830535.74603555,1000000.0,1,False
864,8640.0,0.0,13,M1,R2,True,1720405.293737401,1000000.0,2,True
864,8640.0,0.0,13,M1,R3,True,6768677.673822663,1000000.0,4,False
864,8640.0,0.0,13,M1,R4,True,7043863.120225582,1000000.0,3,False
864,8640.0,0.0,13,R1,S1,True,1511314.998997336,500000.0,2,True
864,8640.0,0.0,13,R1,S2,True,7043863.120225582,500000.0,3,False
864,8640.0,0.0,13,R2,S3,True,7830535.74603555,500000.0,1,False
864,8640.0,0.0,13,R2,S4,True,6768677.67382266,500000.0,4,False
864,8640.0,0.0,13,R3,A1,True,2135635.787631661,500000.0,2,True
864,8640.0,0.0,13,R3,A2,True,7043863.120225582,500000.0,3,False
864,8640.0,0.0,13,R4,A3,True,7830535.74603555,500000.0,1,False
864,8640.0,0.0,13,R4,A4,True,6768677.67382266,500000.0,4,False
865,8650.0,0.0,13,M1,R1,True,7830535.74603555,1000000.0,1,False
865,8650.0,0.0,13,M1,R2,True,1710208.178526623,1000000.0,2,True
865,8650.0,0.0,13,M1,R3,True,6768677.673822663,1000000.0,4,False
865,8650.0,0.0,13,M1,R4,True,7043863.120225582,1000000.0,3,False
865,8650.0,0.0,13,R1,S1,True,1500130.725406821,500000.0,2,True
865,8650.0,0.0,13,R1,S2,True,7043863.120225582,500000.0,3,False
865,8650.0,0.0,13,R2,S3,True,7830535.74603555,500000.0,1,False
865,8650.0,0.0,13,R2,S4,True,6768677.67382266,500000.0,4,False
865,8650.0,0.0,13,R3,A1,True,2127855.904520704,500000.0,2,True
865,8650.0,0.0,13,R3,A2,True,7043863.120225582,500000.0,3,False
865,8650.0,0.0,13,R4,A3,True,7830535.74603555,500000.0,1,False
865,8650.0,0.0,13,R4,A4,True,6768677.67382266,500000.0,4,False
866,8660.0,0.0,13,M1,R1,True,7830535.74603555,1000000.0,1,False
866,8660.0,0.0,13,M1,R2,True,1699948.5455725323,1000000.0,2,True
866,8660.0,0.0,13,M1,R3,True,6768677.673822663,1000000.0,4,False
866,8660.0,0.0,13,M1,R4,True,7043863.120225582,1000000.0,3,False
866,8660.0,0.0,13,R1,S1,True,1488882.532529146,500000.0,2,True
866,8660.0,0.0,13,R1,S2,True,7043863.120225582,500000.0,3,False
866,8660.0,0.0,13,R2,S3,True,7830535.74603555,500000.0,1,False
866,8660.0,0.0,13,R2,S4,True,6768677.67382266,500000.0,4,False
866,8660.0,0.0,13,R3,A1,True,2120037.8677943186,500000.0,2,True
866,8660.0,0.0,13,R3,A2,True,7043863.120225582,500000.0,3,False
866,8660.0,0.0,13,R4,A3,True,7830535.74603555,500000.0,1,False
866,8660.0,0.0,13,R4,A4,True,6768677.67382266,500000.0,4,False
867,8670.0,0.0,13,M1,R1,True,7830535.74603555,1000000.0,1,False
867,8670.0,0.0,13,M1,R2,True,1689625.7926582254,1000000.0,2,True
867,8670.0,0.0,13,M1,R3,True,6768677.673822663,1000000.0,4,False
867,8670.0,0.0,13,M1,R4,True,7043863.120225582,1000000.0,3,False
867,8670.0,0.0,13,R1,S1,True,1477570.1621539914,500000.0,2,True
867,8670.0,0.0,13,R1,S2,True,7043863.120225582,500000.0,3,False
867,8670.0,0.0,13,R2,S3,True,7830535.74603555,500000.0,1,False
867,8670.0,0.0,13,R2,S4,True,6768677.67382266,500000.0,4,False
867,8670.0,0.0,13,R3,A1,True,2112181.3520414527,500000.0,2,True
867,8670.0,0.0,13,R3,A2,True,7043863.120225582,500000.0,3,False
867,8670.0,0.0,13,R4,A3,True,7830535.74603555,500000.0,1,False
867,8670.0,0.0,13,R4,A4,True,6768677.67382266,500000.0,4,False
868,8680.0,0.0,13,M1,R1,True,7830535.74603555,1000000.0,1,False
868,8680.0,0.0,13,M1,R2,True,1679239.3136984843,1000000.0,2,True
868,8680.0,0.0,13,M1,R3,True,6768677.673822663,1000000.0,4,False
868,8680.0,0.0,13,M1,R4,True,7043863.120225582,1000000.0,3,False
868,8680.0,0.0,13,R1,S1,True,1466193.374352975,500000.0,2,True
868,8680.0,0.0,13,R1,S2,True,7043863.120225582,500000.0,3,False
868,8680.0,0.0,13,R2,S3,True,7830535.74603555,500000.0,1,False
868,8680.0,0.0,13,R2,S4,True,6768677.67382266,500000.0,4,False
868,8680.0,0.0,13,R3,A1,True,2104286.028671872,500000.0,2,True
868,8680.0,0.0,13,R3,A2,True,7043863.120225582,500000.0,3,False
868,8680.0,0.0,13,R4,A3,True,7830535.74603555,500000.0,1,False
868,8680.0,0.0,13,R4,A4,True,6768677.67382266,500000.0,4,False
869,8690.0,0.0,13,M1,R1,True,7830535.74603555,1000000.0,1,False
869,8690.0,0.0,13,M1,R2,True,1668788.4989499166,1000000.0,2,True
869,8690.0,0.0,13,M1,R3,True,6768677.673822663,1000000.0,4,False
869,8690.0,0.0,13,M1,R4,True,7043863.120225582,1000000.0,3,False
869,8690.0,0.0,13,R1,S1,True,1454751.9488968055,500000.0,2,True
869,8690.0,0.0,13,R1,S2,True,7043863.120225582,500000.0,3,False
869,8690.0,0.0,13,R2,S3,True,7830535.74603555,500000.0,1,False
869,8690.0,0.0,13,R2,S4,True,6768677.67382266,500000.0,4,False
869,8690.0,0.0,13,R3,A1,True,2096351.56590598,500000.0,2,True
869,8690.0,0.0,13,R3,A2,True,7043863.120225582,500000.0,3,False
869,8690.0,0.0,13,R4,A3,True,7830535.74603555,500000.0,1,False
869,8690.0,0.0,13,R4,A4,True,6768677.67382266,500000.0,4,False
870,8700.0,0.0,13,M1,R1,True,7830535.74603555,1000000.0,1,False
870,8700.0,0.0,13,M1,R2,True,1658272.7352412653,1000000.0,2,True
870,8700.0,0.0,13,M1,R3,True,6768677.673822663,1000000.0,4,False
870,8700.0,0.0,13,M1,R4,True,7043863.120225582,1000000.0,3,False
870,8700.0,0.0,13,R1,S1,True,1443245.6867559568,500000.0,2,True
870,8700.0,0.0,13,R1,S2,True,7043863.120225582,500000.0,3,False
870,8700.0,0.0,13,R2,S3,True,7830535.74603555,500000.0,1,False
870,8700.0,0.0,13,R2,S4,True,6768677.67382266,500000.0,4,False
870,8700.0,0.0,13,R3,A1,True,2088377.628766251,500000.0,2,True
870,8700.0,0.0,13,R3,A2,True,7043863.120225582,500000.0,3,False
870,8700.0,0.0,13,R4,A3,True,7830535.74603555,500000.0,1,False
870,8700.0,0.0,13,R4,A4,True,6768677.67382266,500000.0,4,False
871,8710.0,0.0,13,M1,R1,True,7830535.74603555,1000000.0,1,False
871,8710.0,0.0,13,M1,R2,True,1647691.4062251975,1000000.0,2,True
871,8710.0,0.0,13,M1,R3,True,6768677.673822663,1000000.0,4,False
871,8710.0,0.0,13,M1,R4,True,7043863.120225582,1000000.0,3,False
871,8710.0,0.0,13,R1,S1,True,1431674.4116894442,500000.0,2,True
871,8710.0,0.0,13,R1,S2,True,7043863.120225582,500000.0,3,False
871,8710.0,0.0,13,R2,S3,True,7830535.74603555,500000.0,1,False
871,8710.0,0.0,13,R2,S4,True,6768677.67382266,500000.0,4,False
871,8710.0,0.0,13,R3,A1,True,2080363.8790703434,500000.0,2,True
871,8710.0,0.0,13,R3,A2,True,7043863.120225582,500000.0,3,False
871,8710.0,0.0,13,R4,A3,True,7830535.74603555,500000.0,1,False
871,8710.0,0.0,13,R4,A4,True,6768677.67382266,500000.0,4,False
872,8720.0,0.0,13,M1,R1,True,7830535.74603555,1000000.0,1,False
872,8720.0,0.0,13,M1,R2,True,1637043.8926530606,1000000.0,2,True
872,8720.0,0.0,13,M1,R3,True,6768677.673822663,1000000.0,4,False
872,8720.0,0.0,13,M1,R4,True,7043863.120225582,1000000.0,3,False
872,8720.0,0.0,13,R1,S1,True,1420037.9719264084,500000.0,2,True
872,8720.0,0.0,13,R1,S2,True,7043863.120225582,500000.0,3,False
872,8720.0,0.0,13,R2,S3,True,7830535.74603555,500000.0,1,False
872,8720.0,0.0,13,R2,S4,True,6768677.67382266,500000.0,4,False
872,8720.0,0.0,13,R3,A1,True,2072309.975426046,500000.0,2,True
872,8720.0,0.0,13,R3,A2,True,7043863.120225582,500000.0,3,False
872,8720.0,0.0,13,R4,A3,True,7830535.74603555,500000.0,1,False
872,8720.0,0.0,13,R4,A4,True,6768677.67382266,500000.0,4,False
873,8730.0,0.0,13,M1,R1,True,7830535.74603555,1000000.0,1,False
873,8730.0,0.0,13,M1,R2,True,1626329.5726742332,1000000.0,2,True
873,8730.0,0.0,13,M1,R3,True,6768677.673822663,1000000.0,4,False
873,8730.0,0.0,13,M1,R4,True,7043863.120225582,1000000.0,3,False
873,8730.0,0.0,13,R1,S1,True,1408336.2419454767,500000.0,2,True
873,8730.0,0.0,13,R1,S2,True,7043863.120225582,500000.0,3,False
873,8730.0,0.0,13,R2,S3,True,7830535.74603555,500000.0,1,False
873,8730.0,0.0,13,R2,S4,True,6768677.67382266,500000.0,4,False
873,8730.0,0.0,13,R3,A1,True,2064215.573228144,500000.0,2,True
873,8730.0,0.0,13,R3,A2,True,7043863.120225582,500000.0,3,False
873,8730.0,0.0,13,R4,A3,True,7830535.74603555,500000.0,1,False
873,8730.0,0.0,13,R4,A4,True,6768677.67382266,500000.0,4,False
874,8740.0,0.0,13,M1,R1,True,7830535.74603555,1000000.0,1,False
874,8740.0,0.0,13,M1,R2,True,1615547.8221617073,1000000.0,2,True
874,8740.0,0.0,13,M1,R3,True,6768677.673822663,1000000.0,4,False
874,8740.0,0.0,13,M1,R4,True,7043863.120225582,1000000.0,3,False
874,8740.0,0.0,13,R1,S1,True,1396569.1243571297,500000.0,2,True
874,8740.0,0.0,13,R1,S2,True,7043863.120225582,500000.0,3,False
874,8740.0,0.0,13,R2,S3,True,7830535.74603555,500000.0,1,False
874,8740.0,0.0,13,R2,S4,True,6768677.67382266,500000.0,4,False
874,8740.0,0.0,13,R3,A1,True,2056080.3246574162,500000.0,2,True
874,8740.0,0.0,13,R3,A2,True,7043863.120225582,500000.0,3,False
874,8740.0,0.0,13,R4,A3,True,7830535.74603555,500000.0,1,False
874,8740.0,0.0,13,R4,A4,True,6768677.67382266,500000.0,4,False
875,8750.0,0.0,13,M1,R1,True,7830535.74603555,1000000.0,1,False
875,8750.0,0.0,13,M1,R2,True,1604698.0150656581,1000000.0,2,True
875,8750.0,0.0,13,M1,R3,True,6768677.673822663,1000000.0,4,False
875,8750.0,0.0,13,M1,R4,True,7043863.120225582,1000000.0,3,False
875,8750.0,0.0,13,R1,S1,True,1384736.5518944561,500000.0,2,True
875,8750.0,0.0,13,R1,S2,True,7043863.120225582,500000.0,3,False
875,8750.0,0.0,13,R2,S3,True,7830535.74603555,500000.0,1,False
875,8750.0,0.0,13,R2,S4,True,6768677.67382266,500000.0,4,False
875,8750.0,0.0,13,R3,A1,True,2047903.878681835,500000.0,2,True
875,8750.0,0.0,13,R3,A2,True,7043863.120225582,500000.0,3,False
875,8750.0,0.0,13,R4,A3,True,7830535.74603555,500000.0,1,False
875,8750.0,0.0,13,R4,A4,True,6768677.67382266,500000.0,4,False
876,8760.0,0.0,13,M1,R1,True,7830535.74603555,1000000.0,1,False
876,8760.0,0.0,13,M1,R2,True,1593779.523796997,1000000.0,2,True
876,8760.0,0.0,13,M1,R3,True,6768677.673822663,1000000.0,4,False
876,8760.0,0.0,13,M1,R4,True,7043863.120225582,1000000.0,3,False
876,8760.0,0.0,13,R1,S1,True,1372838.489518042,500000.0,2,True
876,8760.0,0.0,13,R1,S2,True,7043863.120225582,500000.0,3,False
876,8760.0,0.0,13,R2,S3,True,7830535.74603555,500000.0,1,False
876,8760.0,0.0,13,R2,S4,True,6768677.67382266,500000.0,4,False
876,8760.0,0.0,13,R3,A1,True,2039685.8810601558,500000.0,2,True
876,8760.0,0.0,13,R3,A2,True,7043863.120225582,500000.0,3,False
876,8760.0,0.0,13,R4,A3,True,7830535.74603555,500000.0,1,False
876,8760.0,0.0,13,R4,A4,True,6768677.67382266,500000.0,4,False
877,8770.0,0.0,13,M1,R1,True,7830535.74603555,1000000.0,1,False
877,8770.0,0.0,13,M1,R2,True,1582791.7196428597,1000000.0,2,True
877,8770.0,0.0,13,M1,R3,True,6768677.673822663,1000000.0,4,False
877,8770.0,0.0,13,M1,R4,True,7043863.120225582,1000000.0,3,False
877,8770.0,0.0,13,R1,S1,True,1360874.936640734,500000.0,2,True
877,8770.0,0.0,13,R1,S2,True,7043863.120225582,500000.0,3,False
877,8770.0,0.0,13,R2,S3,True,7830535.74603555,500000.0,1,False
877,8770.0,0.0,13,R2,S4,True,6768677.67382266,500000.0,4,False
877,8770.0,0.0,13,R3,A1,True,2031425.9743480813,500000.0,2,True
877,8770.0,0.0,13,R3,A2,True,7043863.120225582,500000.0,3,False
877,8770.0,0.0,13,R4,A3,True,7830535.74603555,500000.0,1,False
877,8770.0,0.0,13,R4,A4,True,6768677.67382266,500000.0,4,False
878,8780.0,0.0,13,M1,R1,True,7830535.74603555,1000000.0,1,False
878,8780.0,0.0,13,M1,R2,True,1571733.9732162019,1000000.0,2,True
878,8780.0,0.0,13,M1,R3,True,6768677.673822663,1000000.0,4,False
878,8780.0,0.0,13,M1,R4,True,7043863.120225582,1000000.0,3,False
878,8780.0,0.0,13,R1,S1,True,1348845.9294787233,500000.0,2,True
878,8780.0,0.0,13,R1,S2,True,7043863.120225582,500000.0,3,False
878,8780.0,0.0,13,R2,S3,True,7830535.74603555,500000.0,1,False
878,8780.0,0.0,13,R2,S4,True,6768677.67382266,500000.0,4,False
878,8780.0,0.0,13,R3,A1,True,2023123.79790711,500000.0,2,True
878,8780.0,0.0,13,R3,A2,True,7043863.120225582,500000.0,3,False
878,8780.0,0.0,13,R4,A3,True,7830535.74603555,500000.0,1,False
878,8780.0,0.0,13,R4,A4,True,6768677.67382266,500000.0,4,False
879,8790.0,0.0,13,M1,R1,True,7830535.74603555,1000000.0,1,False
879,8790.0,0.0,13,M1,R2,True,1560605.6549418403,1000000.0,2,True
879,8790.0,0.0,13,M1,R3,True,6768677.673822663,1000000.0,4,False
879,8790.0,0.0,13,M1,R4,True,7043863.120225582,1000000.0,3,False
879,8790.0,0.0,13,R1,S1,True,1336751.5435349916,500000.0,2,True
879,8790.0,0.0,13,R1,S2,True,7043863.120225582,500000.0,3,False
879,8790.0,0.0,13,R2,S3,True,7830535.74603555,500000.0,1,False
879,8790.0,0.0,13,R2,S4,True,6768677.67382266,500000.0,4,False
879,8790.0,0.0,13,R3,A1,True,2014778.9879163364,500000.0,2,True
879,8790.0,0.0,13,R3,A2,True,7043863.120225582,500000.0,3,False
879,8790.0,0.0,13,R4,A3,True,7830535.74603555,500000.0,1,False
879,8790.0,0.0,13,R4,A4,True,6768677.67382266,500000.0,4,False
880,8800.0,0.0,13,M1,R1,True,7830535.74603555,1000000.0,1,False
880,8800.0,0.0,13,M1,R2,True,1549406.1355813688,1000000.0,2,True
880,8800.0,0.0,13,M1,R3,True,6768677.673822663,1000000.0,4,False
880,8800.0,0.0,13,M1,R4,True,7043863.120225582,1000000.0,3,False
880,8800.0,0.0,13,R1,S1,True,1324591.8962220836,500000.0,2,True
880,8800.0,0.0,13,R1,S2,True,7043863.120225582,500000.0,3,False
880,8800.0,0.0,13,R2,S3,True,7830535.74603555,500000.0,1,False
880,8800.0,0.0,13,R2,S4,True,6768677.67382266,500000.0,4,False
880,8800.0,0.0,13,R3,A1,True,2006391.1773873232,500000.0,2,True
880,8800.0,0.0,13,R3,A2,True,7043863.120225582,500000.0,3,False
880,8800.0,0.0,13,R4,A3,True,7830535.74603555,500000.0,1,False
880,8800.0,0.0,13,R4,A4,True,6768677.67382266,500000.0,4,False
881,8810.0,0.0,13,M1,R1,True,7830535.74603555,1000000.0,1,False
881,8810.0,0.0,13,M1,R2,True,1538134.7867995207,1000000.0,2,True
881,8810.0,0.0,13,M1,R3,True,6768677.673822663,1000000.0,4,False
881,8810.0,0.0,13,M1,R4,True,7043863.120225582,1000000.0,3,False
881,8810.0,0.0,13,R1,S1,True,1312367.1496308832,500000.0,2,True
881,8810.0,0.0,13,R1,S2,True,7043863.120225582,500000.0,3,False
881,8810.0,0.0,13,R2,S3,True,7830535.74603555,500000.0,1,False
881,8810.0,0.0,13,R2,S4,True,6768677.67382266,500000.0,4,False
881,8810.0,0.0,13,R3,A1,True,1997959.9961822662,500000.0,2,True
881,8810.0,0.0,13,R3,A2,True,7043863.120225582,500000.0,3,False
881,8810.0,0.0,13,R4,A3,True,7830535.74603555,500000.0,1,False
881,8810.0,0.0,13,R4,A4,True,6768677.67382266,500000.0,4,False
882,8820.0,0.0,13,M1,R1,True,7830535.74603555,1000000.0,1,False
882,8820.0,0.0,13,M1,R2,True,1526790.9817748496,1000000.0,2,True
882,8820.0,0.0,13,M1,R3,True,6768677.673822663,1000000.0,4,False
882,8820.0,0.0,13,M1,R4,True,7043863.120225582,1000000.0,3,False
882,8820.0,0.0,13,R1,S1,True,1300077.5134526314,500000.0,2,True
882,8820.0,0.0,13,R1,S2,True,7043863.120225582,500000.0,3,False
882,8820.0,0.0,13,R2,S3,True,7830535.74603555,500000.0,1,False
882,8820.0,0.0,13,R2,S4,True,6768677.67382266,500000.0,4,False
882,8820.0,0.0,13,R3,A1,True,1989485.071035744,500000.0,2,True
882,8820.0,0.0,13,R3,A2,True,7043863.120225582,500000.0,3,False
882,8820.0,0.0,13,R4,A3,True,7830535.74603555,500000.0,1,False
882,8820.0,0.0,13,R4,A4,True,6768677.67382266,500000.0,4,False
883,8830.0,0.0,13,M1,R1,True,7830535.74603555,1000000.0,1,False
883,8830.0,0.0,13,M1,R2,True,1515374.0958575853,1000000.0,2,True
883,8830.0,0.0,13,M1,R3,True,6768677.673822663,1000000.0,4,False
883,8830.0,0.0,13,M1,R4,True,7043863.120225582,1000000.0,3,False
883,8830.0,0.0,13,R1,S1,True,1287723.248061508,500000.0,2,True
883,8830.0,0.0,13,R1,S2,True,7043863.120225582,500000.0,3,False
883,8830.0,0.0,13,R2,S3,True,7830535.74603555,500000.0,1,False
883,8830.0,0.0,13,R2,S4,True,6768677.67382266,500000.0,4,False
883,8830.0,0.0,13,R3,A1,True,1980966.0255801238,500000.0,2,True
883,8830.0,0.0,13,R3,A2,True,7043863.120225582,500000.0,3,False
883,8830.0,0.0,13,R4,A3,True,7830535.74603555,500000.0,1,False
883,8830.0,0.0,13,R4,A4,True,6768677.67382266,500000.0,4,False
884,8840.0,0.0,13,M1,R1,True,7830535.74603555,1000000.0,1,False
884,8840.0,0.0,13,M1,R2,True,1503883.5072778803,1000000.0,2,True
884,8840.0,0.0,13,M1,R3,True,6768677.673822663,1000000.0,4,False
884,8840.0,0.0,13,M1,R4,True,7043863.120225582,1000000.0,3,False
884,8840.0,0.0,13,R1,S1,True,1275304.667765381,500000.0,2,True
884,8840.0,0.0,13,R1,S2,True,7043863.120225582,500000.0,3,False
884,8840.0,0.0,13,R2,S3,True,7830535.74603555,500000.0,1,False
884,8840.0,0.0,13,R2,S4,True,6768677.67382266,500000.0,4,False
884,8840.0,0.0,13,R3,A1,True,1972402.4803750555,500000.0,2,True
884,8840.0,0.0,13,R3,A2,True,7043863.120225582,500000.0,3,False
884,8840.0,0.0,13,R4,A3,True,7830535.74603555,500000.0,1,False
884,8840.0,0.0,13,R4,A4,True,6768677.67382266,500000.0,4,False
885,8850.0,0.0,13,M1,R1,True,7830535.74603555,1000000.0,1,False
885,8850.0,0.0,13,M1,R2,True,1492318.59790778,1000000.0,2,True
885,8850.0,0.0,13,M1,R3,True,6768677.673822663,1000000.0,4,False
885,8850.0,0.0,13,M1,R4,True,7043863.120225582,1000000.0,3,False
885,8850.0,0.0,13,R1,S1,True,1262822.144232523,500000.0,2,True
885,8850.0,0.0,13,R1,S2,True,7043863.120225582,500000.0,3,False
885,8850.0,0.0,13,R2,S3,True,7830535.74603555,500000.0,1,False
885,8850.0,0.0,13,R2,S4,True,6768677.67382266,500000.0,4,False
885,8850.0,0.0,13,R3,A1,True,1963794.0529411428,500000.0,2,True
885,8850.0,0.0,13,R3,A2,True,7043863.120225582,500000.0,3,False
885,8850.0,0.0,13,R4,A3,True,7830535.74603555,500000.0,1,False
885,8850.0,0.0,13,R4,A4,True,6768677.67382266,500000.0,4,False
886,8860.0,0.0,13,M1,R1,True,7830535.74603555,1000000.0,1,False
886,8860.0,0.0,13,M1,R2,True,1480678.7540804928,1000000.0,2,True
886,8860.0,0.0,13,M1,R3,True,6768677.673822663,1000000.0,4,False
886,8860.0,0.0,13,M1,R4,True,7043863.120225582,1000000.0,3,False
886,8860.0,0.0,13,R1,S1,True,1250276.1101022798,500000.0,2,True
886,8860.0,0.0,13,R1,S2,True,7043863.120225582,500000.0,3,False
886,8860.0,0.0,13,R2,S3,True,7830535.74603555,500000.0,1,False
886,8860.0,0.0,13,R2,S4,True,6768677.67382266,500000.0,4,False
886,8860.0,0.0,13,R3,A1,True,1955140.3577981805,500000.0,2,True
886,8860.0,0.0,13,R3,A2,True,7043863.120225582,500000.0,3,False
886,8860.0,0.0,13,R4,A3,True,7830535.74603555,500000.0,1,False
886,8860.0,0.0,13,R4,A4,True,6768677.67382266,500000.0,4,False
887,8870.0,0.0,13,M1,R1,True,7830535.74603555,1000000.0,1,False
887,8870.0,0.0,13,M1,R2,True,1468963.3674707154,1000000.0,2,True
887,8870.0,0.0,13,M1,R3,True,6768677.673822663,1000000.0,4,False
887,8870.0,0.0,13,M1,R4,True,7043863.120225582,1000000.0,3,False
887,8870.0,0.0,13,R1,S1,True,1237667.0627878783,500000.0,2,True
887,8870.0,0.0,13,R1,S2,True,7043863.120225582,500000.0,3,False
887,8870.0,0.0,13,R2,S3,True,7830535.74603555,500000.0,1,False
887,8870.0,0.0,13,R2,S4,True,6768677.67382266,500000.0,4,False
887,8870.0,0.0,13,R3,A1,True,1946441.0065081879,500000.0,2,True
887,8870.0,0.0,13,R3,A2,True,7043863.120225582,500000.0,3,False
887,8870.0,0.0,13,R4,A3,True,7830535.74603555,500000.0,1,False
887,8870.0,0.0,13,R4,A4,True,6768677.67382266,500000.0,4,False
888,8880.0,0.0,13,M1,R1,True,7830535.74603555,1000000.0,1,False
888,8880.0,0.0,13,M1,R2,True,1457171.8360401522,1000000.0,2,True
888,8880.0,0.0,13,M1,R3,True,6768677.673822663,1000000.0,4,False
888,8880.0,0.0,13,M1,R4,True,7043863.120225582,1000000.0,3,False
888,8880.0,0.0,13,R1,S1,True,1224995.5684797165,500000.0,2,True
888,8880.0,0.0,13,R1,S2,True,7043863.120225582,500000.0,3,False
888,8880.0,0.0,13,R2,S3,True,7830535.74603555,500000.0,1,False
888,8880.0,0.0,13,R2,S4,True,6768677.67382266,500000.0,4,False
888,8880.0,0.0,13,R3,A1,True,1937695.6077235364,500000.0,2,True
888,8880.0,0.0,13,R3,A2,True,7043863.120225582,500000.0,3,False
888,8880.0,0.0,13,R4,A3,True,7830535.74603555,500000.0,1,False
888,8880.0,0.0,13,R4,A4,True,6768677.67382266,500000.0,4,False
889,8890.0,0.0,13,M1,R1,True,7830535.74603555,1000000.0,1,False
889,8890.0,0.0,13,M1,R2,True,1445303.5650523654,1000000.0,2,True
889,8890.0,0.0,13,M1,R3,True,6768677.673822663,1000000.0,4,False
889,8890.0,0.0,13,M1,R4,True,7043863.120225582,1000000.0,3,False
889,8890.0,0.0,13,R1,S1,True,1212262.2663575371,500000.0,2,True
889,8890.0,0.0,13,R1,S2,True,7043863.120225582,500000.0,3,False
889,8890.0,0.0,13,R2,S3,True,7830535.74603555,500000.0,1,False
889,8890.0,0.0,13,R2,S4,True,6768677.67382266,500000.0,4,False
889,8890.0,0.0,13,R3,A1,True,1928903.7672405376,500000.0,2,True
889,8890.0,0.0,13,R3,A2,True,7043863.120225582,500000.0,3,False
889,8890.0,0.0,13,R4,A3,True,7830535.74603555,500000.0,1,False
889,8890.0,0.0,13,R4,A4,True,6768677.67382266,500000.0,4,False
890,8900.0,0.0,13,M1,R1,True,7830535.74603555,1000000.0,1,False
890,8900.0,0.0,13,M1,R2,True,1433357.968161715,1000000.0,2,True
890,8900.0,0.0,13,M1,R3,True,6768677.673822663,1000000.0,4,False
890,8900.0,0.0,13,M1,R4,True,7043863.120225582,1000000.0,3,False
890,8900.0,0.0,13,R1,S1,True,1199467.8730200657,500000.0,2,True
890,8900.0,0.0,13,R1,S2,True,7043863.120225582,500000.0,3,False
890,8900.0,0.0,13,R2,S3,True,7830535.74603555,500000.0,1,False
890,8900.0,0.0,13,R2,S4,True,6768677.67382266,500000.0,4,False
890,8900.0,0.0,13,R3,A1,True,1920065.088058784,500000.0,2,True
890,8900.0,0.0,13,R3,A2,True,7043863.120225582,500000.0,3,False
890,8900.0,0.0,13,R4,A3,True,7830535.74603555,500000.0,1,False
890,8900.0,0.0,13,R4,A4,True,6768677.67382266,500000.0,4,False
891,8910.0,0.0,13,M1,R1,True,7830535.74603555,1000000.0,1,False
891,8910.0,0.0,13,M1,R2,True,1421334.4685810655,1000000.0,2,True
891,8910.0,0.0,13,M1,R3,True,6768677.673822663,1000000.0,4,False
891,8910.0,0.0,13,M1,R4,True,7043863.120225582,1000000.0,3,False
891,8910.0,0.0,13,R1,S1,True,1186613.1871406725,500000.0,2,True
891,8910.0,0.0,13,R1,S2,True,7043863.120225582,500000.0,3,False
891,8910.0,0.0,13,R2,S3,True,7830535.74603555,500000.0,1,False
891,8910.0,0.0,13,R2,S4,True,6768677.67382266,500000.0,4,False
891,8910.0,0.0,13,R3,A1,True,1911179.1704466373,500000.0,2,True
891,8910.0,0.0,13,R3,A2,True,7043863.120225582,500000.0,3,False
891,8910.0,0.0,13,R4,A3,True,7830535.74603555,500000.0,1,False
891,8910.0,0.0,13,R4,A4,True,6768677.67382266,500000.0,4,False
892,8920.0,0.0,13,M1,R1,True,7830535.74603555,1000000.0,1,False
892,8920.0,0.0,13,M1,R2,True,1409232.5003335606,1000000.0,2,True
892,8920.0,0.0,13,M1,R3,True,6768677.673822663,1000000.0,4,False
892,8920.0,0.0,13,M1,R4,True,7043863.120225582,1000000.0,3,False
892,8920.0,0.0,13,R1,S1,True,1173699.0943575986,500000.0,2,True
892,8920.0,0.0,13,R1,S2,True,7043863.120225582,500000.0,3,False
892,8920.0,0.0,13,R2,S3,True,7830535.74603555,500000.0,1,False
892,8920.0,0.0,13,R2,S4,True,6768677.67382266,500000.0,4,False
892,8920.0,0.0,13,R3,A1,True,1902245.6120132077,500000.0,2,True
892,8920.0,0.0,13,R3,A2,True,7043863.120225582,500000.0,3,False
892,8920.0,0.0,13,R4,A3,True,7830535.74603555,500000.0,1,False
892,8920.0,0.0,13,R4,A4,True,6768677.67382266,500000.0,4,False
893,8930.0,0.0,13,M1,R1,True,7830535.74603555,1000000.0,1,False
893,8930.0,0.0,13,M1,R2,True,1397051.5095938742,1000000.0,2,True
893,8930.0,0.0,13,M1,R3,True,6768677.673822663,1000000.0,4,False
893,8930.0,0.0,13,M1,R4,True,7043863.120225582,1000000.0,3,False
893,8930.0,0.0,13,R1,S1,True,1160726.5724072955,500000.0,2,True
893,8930.0,0.0,13,R1,S2,True,7043863.120225582,500000.0,3,False
893,8930.0,0.0,13,R2,S3,True,7830535.74603555,500000.0,1,False
893,8930.0,0.0,13,R2,S4,True,6768677.67382266,500000.0,4,False
893,8930.0,0.0,13,R3,A1,True,1893264.0077872612,500000.0,2,True
893,8930.0,0.0,13,R3,A2,True,7043863.120225582,500000.0,3,False
893,8930.0,0.0,13,R4,A3,True,7830535.74603555,500000.0,1,False
893,8930.0,0.0,13,R4,A4,True,6768677.67382266,500000.0,4,False
894,8940.0,0.0,13,M1,R1,True,7830535.74603555,1000000.0,1,False
894,8940.0,0.0,13,M1,R2,True,1384790.9561247851,1000000.0,2,True
894,8940.0,0.0,13,M1,R3,True,6768677.673822663,1000000.0,4,False
894,8940.0,0.0,13,M1,R4,True,7043863.120225582,1000000.0,3,False
894,8940.0,0.0,13,R1,S1,True,1147696.696509164,500000.0,2,True
894,8940.0,0.0,13,R1,S2,True,7043863.120225582,500000.0,3,False
894,8940.0,0.0,13,R2,S3,True,7830535.74603555,500000.0,1,False
894,8940.0,0.0,13,R2,S4,True,6768677.67382266,500000.0,4,False
894,8940.0,0.0,13,R3,A1,True,1884233.9503034647,500000.0,2,True
894,8940.0,0.0,13,R3,A2,True,7043863.120225582,500000.0,3,False
894,8940.0,0.0,13,R4,A3,True,7830535.74603555,500000.0,1,False
894,8940.0,0.0,13,R4,A4,True,6768677.67382266,500000.0,4,False
895,8950.0,0.0,13,M1,R1,True,7830535.74603555,1000000.0,1,False
895,8950.0,0.0,13,M1,R2,True,1372450.3148152707,1000000.0,2,True
895,8950.0,0.0,13,M1,R3,True,6768677.673822663,1000000.0,4,False
895,8950.0,0.0,13,M1,R4,True,7043863.120225582,1000000.0,3,False
895,8950.0,0.0,13,R1,S1,True,1134610.645009928,500000.0,2,True
895,8950.0,0.0,13,R1,S2,True,7043863.120225582,500000.0,3,False
895,8950.0,0.0,13,R2,S3,True,7830535.74603555,500000.0,1,False
895,8950.0,0.0,13,R2,S4,True,6768677.67382266,500000.0,4,False
895,8950.0,0.0,13,R3,A1,True,1875155.0296964026,500000.0,2,True
895,8950.0,0.0,13,R3,A2,True,7043863.120225582,500000.0,3,False
895,8950.0,0.0,13,R4,A3,True,7830535.74603555,500000.0,1,False
895,8950.0,0.0,13,R4,A4,True,6768677.67382266,500000.0,4,False
896,8960.0,0.0,13,M1,R1,True,7830535.74603555,1000000.0,1,False
896,8960.0,0.0,13,M1,R2,True,1360029.0773266742,1000000.0,2,True
896,8960.0,0.0,13,M1,R3,True,6768677.673822663,1000000.0,4,False
896,8960.0,0.0,13,M1,R4,True,7043863.120225582,1000000.0,3,False
896,8960.0,0.0,13,R1,S1,True,1121469.7052953627,500000.0,2,True
896,8960.0,0.0,13,R1,S2,True,7043863.120225582,500000.0,3,False
896,8960.0,0.0,13,R2,S3,True,7830535.74603555,500000.0,1,False
896,8960.0,0.0,13,R2,S4,True,6768677.67382266,500000.0,4,False
896,8960.0,0.0,13,R3,A1,True,1866026.8338028868,500000.0,2,True
896,8960.0,0.0,13,R3,A2,True,7043863.120225582,500000.0,3,False
896,8960.0,0.0,13,R4,A3,True,7830535.74603555,500000.0,1,False
896,8960.0,0.0,13,R4,A4,True,6768677.67382266,500000.0,4,False
897,8970.0,0.0,13,M1,R1,True,7830535.74603555,1000000.0,1,False
897,8970.0,0.0,13,M1,R2,True,1347526.7538539378,1000000.0,2,True
897,8970.0,0.0,13,M1,R3,True,6768677.673822663,1000000.0,4,False
897,8970.0,0.0,13,M1,R4,True,7043863.120225582,1000000.0,3,False
897,8970.0,0.0,13,R1,S1,True,1108275.2799768732,500000.0,2,True
897,8970.0,0.0,13,R1,S2,True,7043863.120225582,500000.0,3,False
897,8970.0,0.0,13,R2,S3,True,7830535.74603555,500000.0,1,False
897,8970.0,0.0,13,R2,S4,True,6768677.67382266,500000.0,4,False
897,8970.0,0.0,13,R3,A1,True,1856848.9482729859,500000.0,2,True
897,8970.0,0.0,13,R3,A2,True,7043863.120225582,500000.0,3,False
897,8970.0,0.0,13,R4,A3,True,7830535.74603555,500000.0,1,False
897,8970.0,0.0,13,R4,A4,True,6768677.67382266,500000.0,4,False
898,8980.0,0.0,13,M1,R1,True,7830535.74603555,1000000.0,1,False
898,8980.0,0.0,13,M1,R2,True,1334942.875009264,1000000.0,2,True
898,8980.0,0.0,13,M1,R3,True,6768677.673822663,1000000.0,4,False
898,8980.0,0.0,13,M1,R4,True,7043863.120225582,1000000.0,3,False
898,8980.0,0.0,13,R1,S1,True,1095028.893359765,500000.0,2,True
898,8980.0,0.0,13,R1,S2,True,7043863.120225582,500000.0,3,False
898,8980.0,0.0,13,R2,S3,True,7830535.74603555,500000.0,1,False
898,8980.0,0.0,13,R2,S4,True,6768677.67382266,500000.0,4,False
898,8980.0,0.0,13,R3,A1,True,1847620.9566903906,500000.0,2,True
898,8980.0,0.0,13,R3,A2,True,7043863.120225582,500000.0,3,False
898,8980.0,0.0,13,R4,A3,True,7830535.74603555,500000.0,1,False
898,8980.0,0.0,13,R4,A4,True,6768677.67382266,500000.0,4,False
899,8990.0,0.0,13,M1,R1,True,7830535.74603555,1000000.0,1,False
899,8990.0,0.0,13,M1,R2,True,1322276.9938360476,1000000.0,2,True
899,8990.0,0.0,13,M1,R3,True,6768677.673822663,1000000.0,4,False
899,8990.0,0.0,13,M1,R4,True,7043863.120225582,1000000.0,3,False
899,8990.0,0.0,13,R1,S1,True,1081732.1981994049,500000.0,2,True
899,8990.0,0.0,13,R1,S2,True,7043863.120225582,500000.0,3,False
899,8990.0,0.0,13,R2,S3,True,7830535.74603555,500000.0,1,False
899,8990.0,0.0,13,R2,S4,True,6768677.67382266,500000.0,4,False
899,8990.0,0.0,13,R3,A1,True,1838342.4407026153,500000.0,2,True
899,8990.0,0.0,13,R3,A2,True,7043863.120225582,500000.0,3,False
899,8990.0,0.0,13,R4,A3,True,7830535.74603555,500000.0,1,False
899,8990.0,0.0,13,R4,A4,True,6768677.67382266,500000.0,4,False
900,9000.0,0.0,13,M1,R1,True,7830535.74603555,1000000.0,1,False
900,9000.0,0.0,13,M1,R2,True,1309528.6879614221,1000000.0,2,True
900,9000.0,0.0,13,M1,R3,True,6768677.673822663,1000000.0,4,False
900,9000.0,0.0,13,M1,R4,True,7043863.120225582,1000000.0,3,False
900,9000.0,0.0,13,R1,S1,True,1068386.9827506563,500000.0,2,True
900,9000.0,0.0,13,R1,S2,True,7043863.120225582,500000.0,3,False
900,9000.0,0.0,13,R2,S3,True,7830535.74603555,500000.0,1,False
900,9000.0,0.0,13,R2,S4,True,6768677.67382266,500000.0,4,False
900,9000.0,0.0,13,R3,A1,True,1829012.9801616562,500000.0,2,True
900,9000.0,0.0,13,R3,A2,True,7043863.120225582,500000.0,3,False
900,9000.0,0.0,13,R4,A3,True,7830535.74603555,500000.0,1,False
900,9000.0,0.0,13,R4,A4,True,6768677.67382266,500000.0,4,False
901,9010.0,0.0,13,M1,R1,True,7830535.74603555,1000000.0,1,False
901,9010.0,0.0,13,M1,R2,True,1296697.5618961111,1000000.0,2,True
901,9010.0,0.0,13,M1,R3,True,6768677.673822663,1000000.0,4,False
901,9010.0,0.0,13,M1,R4,True,7043863.120225582,1000000.0,3,False
901,9010.0,0.0,13,R1,S1,True,1054995.178114973,500000.0,2,True
901,9010.0,0.0,13,R1,S2,True,7043863.120225582,500000.0,3,False
901,9010.0,0.0,13,R2,S3,True,7830535.74603555,500000.0,1,False
901,9010.0,0.0,13,R2,S4,True,6768677.67382266,500000.0,4,False
901,9010.0,0.0,13,R3,A1,True,1819632.1532757173,500000.0,2,True
901,9010.0,0.0,13,R3,A2,True,7043863.120225582,500000.0,3,False
901,9010.0,0.0,13,R4,A3,True,7830535.74603555,500000.0,1,False
901,9010.0,0.0,13,R4,A4,True,6768677.67382266,500000.0,4,False
902,9020.0,0.0,13,M1,R1,True,7830535.74603555,1000000.0,1,False
902,9020.0,0.0,13,M1,R2,True,1283783.249491023,1000000.0,2,True
902,9020.0,0.0,13,M1,R3,True,6768677.673822663,1000000.0,4,False
902,9020.0,0.0,13,M1,R4,True,7043863.120225582,1000000.0,3,False
902,9020.0,0.0,13,R1,S1,True,1041558.8658883233,500000.0,2,True
902,9020.0,0.0,13,R1,S2,True,7043863.120225582,500000.0,3,False
902,9020.0,0.0,13,R2,S3,True,7830535.74603555,500000.0,1,False
902,9020.0,0.0,13,R2,S4,True,6768677.67382266,500000.0,4,False
902,9020.0,0.0,13,R3,A1,True,1810199.5367726956,500000.0,2,True
902,9020.0,0.0,13,R3,A2,True,7043863.120225582,500000.0,3,False
902,9020.0,0.0,13,R4,A3,True,7830535.74603555,500000.0,1,False
902,9020.0,0.0,13,R4,A4,True,6768677.67382266,500000.0,4,False
903,9030.0,0.0,13,M1,R1,True,7830535.74603555,1000000.0,1,False
903,9030.0,0.0,13,M1,R2,True,1270785.4165602815,1000000.0,2,True
903,9030.0,0.0,13,M1,R3,True,6768677.673822663,1000000.0,4,False
903,9030.0,0.0,13,M1,R4,True,7043863.120225582,1000000.0,3,False
903,9030.0,0.0,13,R1,S1,True,1028080.2861117333,500000.0,2,True
903,9030.0,0.0,13,R1,S2,True,7043863.120225582,500000.0,3,False
903,9030.0,0.0,13,R2,S3,True,7830535.74603555,500000.0,1,False
903,9030.0,0.0,13,R2,S4,True,6768677.67382266,500000.0,4,False
903,9030.0,0.0,13,R3,A1,True,1800714.7060761026,500000.0,2,True
903,9030.0,0.0,13,R3,A2,True,7043863.120225582,500000.0,3,False
903,9030.0,0.0,13,R4,A3,True,7830535.74603555,500000.0,1,False
903,9030.0,0.0,13,R4,A4,True,6768677.67382266,500000.0,4,False
904,9040.0,0.0,13,M1,R1,True,7830535.74603555,1000000.0,1,False
904,9040.0,0.0,13,M1,R2,True,1257703.7636811868,1000000.0,2,True
904,9040.0,0.0,13,M1,R3,True,6768677.673822663,1000000.0,4,False
904,9040.0,0.0,13,M1,R4,True,7043863.120225582,1000000.0,3,False
904,9040.0,0.0,13,R1,S1,True,1014561.8455245764,500000.0,2,True
904,9040.0,0.0,13,R1,S2,True,7043863.120225582,500000.0,3,False
904,9040.0,0.0,13,R2,S3,True,7830535.74603555,500000.0,1,False
904,9040.0,0.0,13,R2,S4,True,6768677.67382266,500000.0,4,False
904,9040.0,0.0,13,R3,A1,True,1791177.235494162,500000.0,2,True
904,9040.0,0.0,13,R3,A2,True,7043863.120225582,500000.0,3,False
904,9040.0,0.0,13,R4,A3,True,7830535.74603555,500000.0,1,False
904,9040.0,0.0,13,R4,A4,True,6768677.67382266,500000.0,4,False
905,9050.0,0.0,13,M1,R1,True,7830535.74603555,1000000.0,1,False
905,9050.0,0.0,13,M1,R2,True,1244538.029182018,1000000.0,2,True
905,9050.0,0.0,13,M1,R3,True,6768677.673822663,1000000.0,4,False
905,9050.0,0.0,13,M1,R4,True,7043863.120225582,1000000.0,3,False
905,9050.0,0.0,13,R1,S1,True,1001006.1261188228,500000.0,2,True
905,9050.0,0.0,13,R1,S2,True,7043863.120225582,500000.0,3,False
905,9050.0,0.0,13,R2,S3,True,7830535.74603555,500000.0,1,False
905,9050.0,0.0,13,R2,S4,True,6768677.67382266,500000.0,4,False
905,9050.0,0.0,13,R3,A1,True,1781586.6984229072,500000.0,2,True
905,9050.0,0.0,13,R3,A2,True,7043863.120225582,500000.0,3,False
905,9050.0,0.0,13,R4,A3,True,7830535.74603555,500000.0,1,False
905,9050.0,0.0,13,R4,A4,True,6768677.67382266,500000.0,4,False
906,9060.0,0.0,13,M1,R1,True,7830535.74603555,1000000.0,1,False
906,9060.0,0.0,13,M1,R2,True,1231287.9923292894,1000000.0,2,True
906,9060.0,0.0,13,M1,R3,True,6768677.673822663,1000000.0,4,False
906,9060.0,0.0,13,M1,R4,True,7043863.120225582,1000000.0,3,False
906,9060.0,0.0,13,R1,S1,True,987415.8939903049,500000.0,2,True
906,9060.0,0.0,13,R1,S2,True,7043863.120225582,500000.0,3,False
906,9060.0,0.0,13,R2,S3,True,7830535.74603555,500000.0,1,False
906,9060.0,0.0,13,R2,S4,True,6768677.67382266,500000.0,4,False
906,9060.0,0.0,13,R3,A1,True,1771942.6675640286,500000.0,2,True
906,9060.0,0.0,13,R3,A2,True,7043863.120225582,500000.0,3,False
906,9060.0,0.0,13,R4,A3,True,7830535.74603555,500000.0,1,False
906,9060.0,0.0,13,R4,A4,True,6768677.67382266,500000.0,4,False
907,9070.0,0.0,13,M1,R1,True,7830535.74603555,1000000.0,1,False
907,9070.0,0.0,13,M1,R2,True,1217953.4767265895,1000000.0,2,True
907,9070.0,0.0,13,M1,R3,True,6768677.673822663,1000000.0,4,False
907,9070.0,0.0,13,M1,R4,True,7043863.120225582,1000000.0,3,False
907,9070.0,0.0,13,R1,S1,True,973794.10848041,500000.0,2,True
907,9070.0,0.0,13,R1,S2,True,7043863.120225582,500000.0,3,False
907,9070.0,0.0,13,R2,S3,True,7830535.74603555,500000.0,1,False
907,9070.0,0.0,13,R2,S4,True,6768677.67382266,500000.0,4,False
907,9070.0,0.0,13,R3,A1,True,1762244.7151584453,500000.0,2,True
907,9070.0,0.0,13,R3,A2,True,7043863.120225582,500000.0,3,False
907,9070.0,0.0,13,R4,A3,True,7830535.74603555,500000.0,1,False
907,9070.0,0.0,13,R4,A4,True,6768677.67382266,500000.0,4,False
908,9080.0,0.0,13,M1,R1,True,7830535.74603555,1000000.0,1,False
908,9080.0,0.0,13,M1,R2,True,1204534.3539378932,1000000.0,2,True
908,9080.0,0.0,13,M1,R3,True,6768677.673822663,1000000.0,4,False
908,9080.0,0.0,13,M1,R4,True,7043863.120225582,1000000.0,3,False
908,9080.0,0.0,13,R1,S1,True,960143.9315989524,500000.0,2,True
908,9080.0,0.0,13,R1,S2,True,7043863.120225582,500000.0,3,False
908,9080.0,0.0,13,R2,S3,True,7830535.74603555,500000.0,1,False
908,9080.0,0.0,13,R2,S4,True,6768677.67382266,500000.0,4,False
908,9080.0,0.0,13,R3,A1,True,1752492.4132364593,500000.0,2,True
908,9080.0,0.0,13,R3,A2,True,7043863.120225582,500000.0,3,False
908,9080.0,0.0,13,R4,A3,True,7830535.74603555,500000.0,1,False
908,9080.0,0.0,13,R4,A4,True,6768677.67382266,500000.0,4,False
909,9090.0,0.0,13,M1,R1,True,7830535.74603555,1000000.0,1,False
909,9090.0,0.0,13,M1,R2,True,1191030.5473487806,1000000.0,2,True
909,9090.0,0.0,13,M1,R3,True,6768677.673822663,1000000.0,4,False
909,9090.0,0.0,13,M1,R4,True,7043863.120225582,1000000.0,3,False
909,9090.0,0.0,13,R1,S1,True,946468.7377154349,500000.0,2,True
909,9090.0,0.0,13,R1,S2,True,7043863.120225582,500000.0,3,False
909,9090.0,0.0,13,R2,S3,True,7830535.74603555,500000.0,1,False
909,9090.0,0.0,13,R2,S4,True,6768677.67382266,500000.0,4,False
909,9090.0,0.0,13,R3,A1,True,1742685.3338854858,500000.0,2,True
909,9090.0,0.0,13,R3,A2,True,7043863.120225582,500000.0,3,False
909,9090.0,0.0,13,R4,A3,True,7830535.74603555,500000.0,1,False
909,9090.0,0.0,13,R4,A4,True,6768677.67382266,500000.0,4,False
910,9100.0,0.0,13,M1,R1,True,7830535.74603555,1000000.0,1,False
910,9100.0,0.0,13,M1,R2,True,1177442.0362797522,1000000.0,2,True
910,9100.0,0.0,13,M1,R3,True,6768677.673822663,1000000.0,4,False
910,9100.0,0.0,13,M1,R4,True,7043863.120225582,1000000.0,3,False
910,9100.0,0.0,13,R1,S1,True,932772.123502563,500000.0,2,True
910,9100.0,0.0,13,R1,S2,True,7043863.120225582,500000.0,3,False
910,9100.0,0.0,13,R2,S3,True,7830535.74603555,500000.0,1,False
910,9100.0,0.0,13,R2,S4,True,6768677.67382266,500000.0,4,False
910,9100.0,0.0,13,R3,A1,True,1732823.04953641,500000.0,2,True
910,9100.0,0.0,13,R3,A2,True,7043863.120225582,500000.0,3,False
910,9100.0,0.0,13,R4,A3,True,7830535.74603555,500000.0,1,False
910,9100.0,0.0,13,R4,A4,True,6768677.67382266,500000.0,4,False
911,9110.0,0.0,13,M1,R1,True,7830535.74603555,1000000.0,1,False
911,9110.0,0.0,13,M1,R2,True,1163768.8603664322,1000000.0,2,True
911,9110.0,0.0,13,M1,R3,True,6768677.673822663,1000000.0,4,False
911,9110.0,0.0,13,M1,R4,True,7043863.120225582,1000000.0,3,False
911,9110.0,0.0,13,R1,S1,True,919057.9181115224,500000.0,2,True
911,9110.0,0.0,13,R1,S2,True,7043863.120225582,500000.0,3,False
911,9110.0,0.0,13,R2,S3,True,7830535.74603555,500000.0,1,False
911,9110.0,0.0,13,R2,S4,True,6768677.67382266,500000.0,4,False
911,9110.0,0.0,13,R3,A1,True,1722905.1332696415,500000.0,2,True
911,9110.0,0.0,13,R3,A2,True,7043863.120225582,500000.0,3,False
911,9110.0,0.0,13,R4,A3,True,7830535.74603555,500000.0,1,False
911,9110.0,0.0,13,R4,A4,True,6768677.67382266,500000.0,4,False
912,9120.0,0.0,13,M1,R1,True,7830535.74603555,1000000.0,1,False
912,9120.0,0.0,13,M1,R2,True,1150011.124222215,1000000.0,2,True
912,9120.0,0.0,13,M1,R3,True,6768677.673822663,1000000.0,4,False
912,9120.0,0.0,13,M1,R4,True,7043863.120225582,1000000.0,3,False
912,9120.0,0.0,13,R1,S1,True,905330.1935540603,500000.0,2,True
912,9120.0,0.0,13,R1,S2,True,7043863.120225582,500000.0,3,False
912,9120.0,0.0,13,R2,S3,True,7830535.74603555,500000.0,1,False
912,9120.0,0.0,13,R2,S4,True,6768677.67382266,500000.0,4,False
912,9120.0,0.0,13,R3,A1,True,1712931.1591420546,500000.0,2,True
912,9120.0,0.0,13,R3,A2,True,7043863.120225582,500000.0,3,False
912,9120.0,0.0,13,R4,A3,True,7830535.74603555,500000.0,1,False
912,9120.0,0.0,13,R4,A4,True,6768677.67382266,500000.0,4,False
913,9130.0,0.0,13,M1,R1,True,7830535.74603555,1000000.0,1,False
913,9130.0,0.0,13,M1,R2,True,1136169.0023995438,1000000.0,2,True
913,9130.0,0.0,13,M1,R3,True,6768677.673822663,1000000.0,4,False
913,9130.0,0.0,13,M1,R4,True,7043863.120225582,1000000.0,3,False
913,9130.0,0.0,13,R1,S1,True,891593.2752613531,500000.0,2,True
913,9130.0,0.0,13,R1,S2,True,7043863.120225582,500000.0,3,False
913,9130.0,0.0,13,R2,S3,True,7830535.74603555,500000.0,1,False
913,9130.0,0.0,13,R2,S4,True,6768677.67382266,500000.0,4,False
913,9130.0,0.0,13,R3,A1,True,1702900.7025359783,500000.0,2,True
913,9130.0,0.0,13,R3,A2,True,7043863.120225582,500000.0,3,False
913,9130.0,0.0,13,R4,A3,True,7830535.74603555,500000.0,1,False
913,9130.0,0.0,13,R4,A4,True,6768677.67382266,500000.0,4,False
914,9140.0,0.0,13,M1,R1,True,7830535.74603555,1000000.0,1,False
914,9140.0,0.0,13,M1,R2,True,1122242.7446666781,1000000.0,2,True
914,9140.0,0.0,13,M1,R3,True,6768677.673822663,1000000.0,4,False
914,9140.0,0.0,13,M1,R4,True,7043863.120225582,1000000.0,3,False
914,9140.0,0.0,13,R1,S1,True,877851.7527839558,500000.0,2,True
914,9140.0,0.0,13,R1,S2,True,7043863.120225582,500000.0,3,False
914,9140.0,0.0,13,R2,S3,True,7830535.74603555,500000.0,1,False
914,9140.0,0.0,13,R2,S4,True,6768677.67382266,500000.0,4,False
914,9140.0,0.0,13,R3,A1,True,1692813.3405316097,500000.0,2,True
914,9140.0,0.0,13,R3,A2,True,7043863.120225582,500000.0,3,False
914,9140.0,0.0,13,R4,A3,True,7830535.74603555,500000.0,1,False
914,9140.0,0.0,13,R4,A4,True,6768677.67382266,500000.0,4,False
915,9150.0,0.0,13,M1,R1,True,7830535.74603555,1000000.0,1,False
915,9150.0,0.0,13,M1,R2,True,1108232.681617624,1000000.0,2,True
915,9150.0,0.0,13,M1,R3,True,6768677.673822663,1000000.0,4,False
915,9150.0,0.0,13,M1,R4,True,7043863.120225582,1000000.0,3,False
915,9150.0,0.0,13,R1,S1,True,864110.4905910572,500000.0,2,True
915,9150.0,0.0,13,R1,S2,True,7043863.120225582,500000.0,3,False
915,9150.0,0.0,13,R2,S3,True,7830535.74603555,500000.0,1,False
915,9150.0,0.0,13,R2,S4,True,6768677.67382266,500000.0,4,False
915,9150.0,0.0,13,R3,A1,True,1682668.6523041446,500000.0,2,True
915,9150.0,0.0,13,R3,A2,True,7043863.120225582,500000.0,3,False
915,9150.0,0.0,13,R4,A3,True,7830535.74603555,500000.0,1,False
915,9150.0,0.0,13,R4,A4,True,6768677.67382266,500000.0,4,False
916,9160.0,0.0,13,M1,R1,True,7830535.74603555,1000000.0,1,False
916,9160.0,0.0,13,M1,R2,True,1094139.2306332751,1000000.0,2,True
916,9160.0,0.0,13,M1,R3,True,6768677.673822663,1000000.0,4,False
916,9160.0,0.0,13,M1,R4,True,7043863.120225582,1000000.0,3,False
916,9160.0,0.0,13,R1,S1,True,850374.6389204162,500000.0,2,True
916,9160.0,0.0,13,R1,S2,True,7043863.120225582,500000.0,3,False
916,9160.0,0.0,13,R2,S3,True,7830535.74603555,500000.0,1,False
916,9160.0,0.0,13,R2,S4,True,6768677.67382266,500000.0,4,False
916,9160.0,0.0,13,R3,A1,True,1672466.219547049,500000.0,2,True
916,9160.0,0.0,13,R3,A2,True,7043863.120225582,500000.0,3,False
916,9160.0,0.0,13,R4,A3,True,7830535.74603555,500000.0,1,False
916,9160.0,0.0,13,R4,A4,True,6768677.67382266,500000.0,4,False
917,9170.0,0.0,13,M1,R1,True,7830535.74603555,1000000.0,1,False
917,9170.0,0.0,13,M1,R2,True,1079962.9022127427,1000000.0,2,True
917,9170.0,0.0,13,M1,R3,True,6768677.673822663,1000000.0,4,False
917,9170.0,0.0,13,M1,R4,True,7043863.120225582,1000000.0,3,False
917,9170.0,0.0,13,R1,S1,True,836649.6446231672,500000.0,2,True
917,9170.0,0.0,13,R1,S2,True,7043863.120225582,500000.0,3,False
917,9170.0,0.0,13,R2,S3,True,7830535.74603555,500000.0,1,False
917,9170.0,0.0,13,R2,S4,True,6768677.67382266,500000.0,4,False
917,9170.0,0.0,13,R3,A1,True,1662205.6269231013,500000.0,2,True
917,9170.0,0.0,13,R3,A2,True,7043863.120225582,500000.0,3,False
917,9170.0,0.0,13,R4,A3,True,7830535.74603555,500000.0,1,False
917,9170.0,0.0,13,R4,A4,True,6768677.67382266,500000.0,4,False
918,9180.0,0.0,13,M1,R1,True,7830535.74603555,1000000.0,1,False
918,9180.0,0.0,13,M1,R2,True,1065704.3066942382,1000000.0,2,True
918,9180.0,0.0,13,M1,R3,True,6768677.673822663,1000000.0,4,False
918,9180.0,0.0,13,M1,R4,True,7043863.120225582,1000000.0,3,False
918,9180.0,0.0,13,R1,S1,True,822941.2619396104,500000.0,2,True
918,9180.0,0.0,13,R1,S2,True,7043863.120225582,500000.0,3,False
918,9180.0,0.0,13,R2,S3,True,7830535.74603555,500000.0,1,False
918,9180.0,0.0,13,R2,S4,True,6768677.67382266,500000.0,4,False
918,9180.0,0.0,13,R3,A1,True,1651886.4625446831,500000.0,2,True
918,9180.0,0.0,13,R3,A2,True,7043863.120225582,500000.0,3,False
918,9180.0,0.0,13,R4,A3,True,7830535.74603555,500000.0,1,False
918,9180.0,0.0,13,R4,A4,True,6768677.67382266,500000.0,4,False
919,9190.0,0.0,13,M1,R1,True,7830535.74603555,1000000.0,1,False
919,9190.0,0.0,13,M1,R2,True,1051364.1613854005,1000000.0,2,True
919,9190.0,0.0,13,M1,R3,True,6768677.673822663,1000000.0,4,False
919,9190.0,0.0,13,M1,R4,True,7043863.120225582,1000000.0,3,False
919,9190.0,0.0,13,R1,S1,True,809255.5631336919,500000.0,2,True
919,9190.0,0.0,13,R1,S2,True,7043863.120225582,500000.0,3,False
919,9190.0,0.0,13,R2,S3,True,7830535.74603555,500000.0,1,False
919,9190.0,0.0,13,R2,S4,True,6768677.67382266,500000.0,4,False
919,9190.0,0.0,13,R3,A1,True,1641508.3184850824,500000.0,2,True
919,9190.0,0.0,13,R3,A2,True,7043863.120225582,500000.0,3,False
919,9190.0,0.0,13,R4,A3,True,7830535.74603555,500000.0,1,False
919,9190.0,0.0,13,R4,A4,True,6768677.67382266,500000.0,4,False
920,9200.0,0.0,13,M1,R1,True,7830535.74603555,1000000.0,1,False
920,9200.0,0.0,13,M1,R2,True,1036943.2981235613,1000000.0,2,True
920,9200.0,0.0,13,M1,R3,True,6768677.673822663,1000000.0,4,False
920,9200.0,0.0,13,M1,R4,True,7043863.120225582,1000000.0,3,False
920,9200.0,0.0,13,R1,S1,True,795598.9489047579,500000.0,2,True
920,9200.0,0.0,13,R1,S2,True,7043863.120225582,500000.0,3,False
920,9200.0,0.0,13,R2,S3,True,7830535.74603555,500000.0,1,False
920,9200.0,0.0,13,R2,S4,True,6768677.67382266,500000.0,4,False
920,9200.0,0.0,13,R3,A1,True,1631070.791322597,500000.0,2,True
920,9200.0,0.0,13,R3,A2,True,7043863.120225582,500000.0,3,False
920,9200.0,0.0,13,R4,A3,True,7830535.74603555,500000.0,1,False
920,9200.0,0.0,13,R4,A4,True,6768677.67382266,500000.0,4,False
921,9210.0,0.0,13,M1,R1,True,7830535.74603555,1000000.0,1,False
921,9210.0,0.0,13,M1,R2,True,1022442.6712865775,1000000.0,2,True
921,9210.0,0.0,13,M1,R3,True,6768677.673822663,1000000.0,4,False
921,9210.0,0.0,13,M1,R4,True,7043863.120225582,1000000.0,3,False
921,9210.0,0.0,13,R1,S1,True,781978.1584853888,500000.0,2,True
921,9210.0,0.0,13,R1,S2,True,7043863.120225582,500000.0,3,False
921,9210.0,0.0,13,R2,S3,True,7830535.74603555,500000.0,1,False
921,9210.0,0.0,13,R2,S4,True,6768677.67382266,500000.0,4,False
921,9210.0,0.0,13,R3,A1,True,1620573.4827193012,500000.0,2,True
921,9210.0,0.0,13,R3,A2,True,7043863.120225582,500000.0,3,False
921,9210.0,0.0,13,R4,A3,True,7830535.74603555,500000.0,1,False
921,9210.0,0.0,13,R4,A4,True,6768677.67382266,500000.0,4,False
922,9220.0,0.0,13,M1,R1,True,7830535.74603555,1000000.0,1,False
922,9220.0,0.0,13,M1,R2,True,1007863.3662752932,1000000.0,2,True
922,9220.0,0.0,13,M1,R3,True,6768677.673822663,1000000.0,4,False
922,9220.0,0.0,13,M1,R4,True,7043863.120225582,1000000.0,3,False
922,9220.0,0.0,13,R1,S1,True,768400.279324179,500000.0,2,True
922,9220.0,0.0,13,R1,S2,True,7043863.120225582,500000.0,3,False
922,9220.0,0.0,13,R2,S3,True,7830535.74603555,500000.0,1,False
922,9220.0,0.0,13,R2,S4,True,6768677.67382266,500000.0,4,False
922,9220.0,0.0,13,R3,A1,True,1610016.0000364801,500000.0,2,True
922,9220.0,0.0,13,R3,A2,True,7043863.120225582,500000.0,3,False
922,9220.0,0.0,13,R4,A3,True,7830535.74603555,500000.0,1,False
922,9220.0,0.0,13,R4,A4,True,6768677.67382266,500000.0,4,False
923,9230.0,0.0,10,M1,R1,True,7830535.74603555,1000000.0,1,False
923,9230.0,0.0,10,M1,R2,False,993206.6084887206,1000000.0,2,True
923,9230.0,0.0,10,M1,R3,True,6768677.673822663,1000000.0,4,False
923,9230.0,0.0,10,M1,R4,True,7043863.120225582,1000000.0,3,False
923,9230.0,0.0,10,R1,S1,True,754872.7562414204,500000.0,2,True
923,9230.0,0.0,10,R1,S2,True,7043863.120225582,500000.0,3,False
923,9230.0,0.0,10,R2,S3,True,7830535.74603555,500000.0,1,False
923,9230.0,0.0,10,R2,S4,True,6768677.67382266,500000.0,4,False
923,9230.0,0.0,10,R3,A1,True,1599397.9569888548,500000.0,2,True
923,9230.0,0.0,10,R3,A2,True,7043863.120225582,500000.0,3,False
923,9230.0,0.0,10,R4,A3,True,7830535.74603555,500000.0,1,False
923,9230.0,0.0,10,R4,A4,True,6768677.67382266,500000.0,4,False
924,9240.0,0.0,10,M1,R1,True,7830535.74603555,1000000.0,1,False
924,9240.0,0.0,10,M1,R2,False,978473.7728129593,1000000.0,2,True
924,9240.0,0.0,10,M1,R3,True,6768677.673822663,1000000.0,4,False
924,9240.0,0.0,10,M1,R4,True,7043863.120225582,1000000.0,3,False
924,9240.0,0.0,10,R1,S1,True,741403.3999348844,500000.0,2,True
924,9240.0,0.0,10,R1,S2,True,7043863.120225582,500000.0,3,False
924,9240.0,0.0,10,R2,S3,True,7830535.74603555,500000.0,1,False
924,9240.0,0.0,10,R2,S4,True,6768677.67382266,500000.0,4,False
924,9240.0,0.0,10,R3,A1,True,1588718.974339757,500000.0,2,True
924,9240.0,0.0,10,R3,A2,True,7043863.120225582,500000.0,3,False
924,9240.0,0.0,10,R4,A3,True,7830535.74603555,500000.0,1,False
924,9240.0,0.0,10,R4,A4,True,6768677.67382266,500000.0,4,False
925,9250.0,0.0,10,M1,R1,True,7830535.74603555,1000000.0,1,False
925,9250.0,0.0,10,M1,R2,False,963666.3936446497,1000000.0,2,True
925,9250.0,0.0,10,M1,R3,True,6768677.673822663,1000000.0,4,False
925,9250.0,0.0,10,M1,R4,True,7043863.120225582,1000000.0,3,False
925,9250.0,0.0,10,R1,S1,True,728000.3947014372,500000.0,2,True
925,9250.0,0.0,10,R1,S2,True,7043863.120225582,500000.0,3,False
925,9250.0,0.0,10,R2,S3,True,7830535.74603555,500000.0,1,False
925,9250.0,0.0,10,R2,S4,True,6768677.67382266,500000.0,4,False
925,9250.0,0.0,10,R3,A1,True,1577978.6806396954,500000.0,2,True
925,9250.0,0.0,10,R3,A2,True,7043863.120225582,500000.0,3,False
925,9250.0,0.0,10,R4,A3,True,7830535.74603555,500000.0,1,False
925,9250.0,0.0,10,R4,A4,True,6768677.67382266,500000.0,4,False
926,9260.0,0.0,10,M1,R1,True,7830535.74603555,1000000.0,1,False
926,9260.0,0.0,10,M1,R2,False,948786.1754692392,1000000.0,2,True
926,9260.0,0.0,10,M1,R3,True,6768677.673822663,1000000.0,4,False
926,9260.0,0.0,10,M1,R4,True,7043863.120225582,1000000.0,3,False
926,9260.0,0.0,10,R1,S1,True,714672.3052289612,500000.0,2,True
926,9260.0,0.0,10,R1,S2,True,7043863.120225582,500000.0,3,False
926,9260.0,0.0,10,R2,S3,True,7830535.74603555,500000.0,1,False
926,9260.0,0.0,10,R2,S4,True,6768677.67382266,500000.0,4,False
926,9260.0,0.0,10,R3,A1,True,1567176.7130106436,500000.0,2,True
926,9260.0,0.0,10,R3,A2,True,7043863.120225582,500000.0,3,False
926,9260.0,0.0,10,R4,A3,True,7830535.74603555,500000.0,1,False
926,9260.0,0.0,10,R4,A4,True,6768677.67382266,500000.0,4,False
927,9270.0,0.0,10,M1,R1,True,7830535.74603555,1000000.0,1,False
927,9270.0,0.0,10,M1,R2,False,933835.0040136023,1000000.0,2,True
927,9270.0,0.0,10,M1,R3,True,6768677.673822663,1000000.0,4,False
927,9270.0,0.0,10,M1,R4,True,7043863.120225582,1000000.0,3,False
927,9270.0,0.0,10,R1,S1,True,701428.0823015813,500000.0,2,True
927,9270.0,0.0,10,R1,S2,True,7043863.120225582,500000.0,3,False
927,9270.0,0.0,10,R2,S3,True,7830535.74603555,500000.0,1,False
927,9270.0,0.0,10,R2,S4,True,6768677.67382266,500000.0,4,False
927,9270.0,0.0,10,R3,A1,True,1556312.7179787843,500000.0,2,True
927,9270.0,0.0,10,R3,A2,True,7043863.120225582,500000.0,3,False
927,9270.0,0.0,10,R4,A3,True,7830535.74603555,500000.0,1,False
927,9270.0,0.0,10,R4,A4,True,6768677.67382266,500000.0,4,False
928,9280.0,0.0,10,M1,R1,True,7830535.74603555,1000000.0,1,False
928,9280.0,0.0,10,M1,R2,False,918814.9579914177,1000000.0,2,True
928,9280.0,0.0,10,M1,R3,True,6768677.673822663,1000000.0,4,False
928,9280.0,0.0,10,M1,R4,True,7043863.120225582,1000000.0,3,False
928,9280.0,0.0,10,R1,S1,True,688277.0672501355,500000.0,2,True
928,9280.0,0.0,10,R1,S2,True,7043863.120225582,500000.0,3,False
928,9280.0,0.0,10,R2,S3,True,7830535.74603555,500000.0,1,False
928,9280.0,0.0,10,R2,S4,True,6768677.67382266,500000.0,4,False
928,9280.0,0.0,10,R3,A1,True,1545386.3523583496,500000.0,2,True
928,9280.0,0.0,10,R3,A2,True,7043863.120225582,500000.0,3,False
928,9280.0,0.0,10,R4,A3,True,7830535.74603555,500000.0,1,False
928,9280.0,0.0,10,R4,A4,True,6768677.67382266,500000.0,4,False
929,9290.0,0.0,10,M1,R1,True,7830535.74603555,1000000.0,1,False
929,9290.0,0.0,10,M1,R2,False,903728.3214583219,1000000.0,2,True
929,9290.0,0.0,10,M1,R3,True,6768677.673822663,1000000.0,4,False
929,9290.0,0.0,10,M1,R4,True,7043863.120225582,1000000.0,3,False
929,9290.0,0.0,10,R1,S1,True,675228.9949690576,500000.0,2,True
929,9290.0,0.0,10,R1,S2,True,7043863.120225582,500000.0,3,False
929,9290.0,0.0,10,R2,S3,True,7830535.74603555,500000.0,1,False
929,9290.0,0.0,10,R2,S4,True,6768677.67382266,500000.0,4,False
929,9290.0,0.0,10,R3,A1,True,1534397.2841895102,500000.0,2,True
929,9290.0,0.0,10,R3,A2,True,7043863.120225582,500000.0,3,False
929,9290.0,0.0,10,R4,A3,True,7830535.74603555,500000.0,1,False
929,9290.0,0.0,10,R4,A4,True,6768677.67382266,500000.0,4,False
930,9300.0,0.0,10,M1,R1,True,7830535.74603555,1000000.0,1,False
930,9300.0,0.0,10,M1,R2,False,888577.5967918113,1000000.0,2,True
930,9300.0,0.0,10,M1,R3,True,6768677.673822663,1000000.0,4,False
930,9300.0,0.0,10,M1,R4,True,7043863.120225582,1000000.0,3,False
930,9300.0,0.0,10,R1,S1,True,662293.9953109872,500000.0,2,True
930,9300.0,0.0,10,R1,S2,True,7043863.120225582,500000.0,3,False
930,9300.0,0.0,10,R2,S3,True,7830535.74603555,500000.0,1,False
930,9300.0,0.0,10,R2,S4,True,6768677.67382266,500000.0,4,False
930,9300.0,0.0,10,R3,A1,True,1523345.1937332647,500000.0,2,True
930,9300.0,0.0,10,R3,A2,True,7043863.120225582,500000.0,3,False
930,9300.0,0.0,10,R4,A3,True,7830535.74603555,500000.0,1,False
930,9300.0,0.0,10,R4,A4,True,6768677.67382266,500000.0,4,False
931,9310.0,0.0,10,M1,R1,True,7830535.74603555,1000000.0,1,False
931,9310.0,0.0,10,M1,R2,False,873365.5183087188,1000000.0,2,True
931,9310.0,0.0,10,M1,R3,True,6768677.673822663,1000000.0,4,False
931,9310.0,0.0,10,M1,R4,True,7043863.120225582,1000000.0,3,False
931,9310.0,0.0,10,R1,S1,True,649482.5926614478,500000.0,2,True
931,9310.0,0.0,10,R1,S2,True,7043863.120225582,500000.0,3,False
931,9310.0,0.0,10,R2,S3,True,7830535.74603555,500000.0,1,False
931,9310.0,0.0,10,R2,S4,True,6768677.67382266,500000.0,4,False
931,9310.0,0.0,10,R3,A1,True,1512229.7745266636,500000.0,2,True
931,9310.0,0.0,10,R3,A2,True,7043863.120225582,500000.0,3,False
931,9310.0,0.0,10,R4,A3,True,7830535.74603555,500000.0,1,False
931,9310.0,0.0,10,R4,A4,True,6768677.67382266,500000.0,4,False
932,9320.0,0.0,10,M1,R1,True,7830535.74603555,1000000.0,1,False
932,9320.0,0.0,10,M1,R2,False,858095.0665298566,1000000.0,2,True
932,9320.0,0.0,10,M1,R3,True,6768677.673822663,1000000.0,4,False
932,9320.0,0.0,10,M1,R4,True,7043863.120225582,1000000.0,3,False
932,9320.0,0.0,10,R1,S1,True,636805.7034884454,500000.0,2,True
932,9320.0,0.0,10,R1,S2,True,7043863.120225582,500000.0,3,False
932,9320.0,0.0,10,R2,S3,True,7830535.74603555,500000.0,1,False
932,9320.0,0.0,10,R2,S4,True,6768677.67382266,500000.0,4,False
932,9320.0,0.0,10,R3,A1,True,1501050.7345015614,500000.0,2,True
932,9320.0,0.0,10,R3,A2,True,7043863.120225582,500000.0,3,False
932,9320.0,0.0,10,R4,A3,True,7830535.74603555,500000.0,1,False
932,9320.0,0.0,10,R4,A4,True,6768677.67382266,500000.0,4,False
933,9330.0,0.0,10,M1,R1,True,7830535.74603555,1000000.0,1,False
933,9330.0,0.0,10,M1,R2,False,842769.48309808,1000000.0,2,True
933,9330.0,0.0,10,M1,R3,True,6768677.673822663,1000000.0,4,False
933,9330.0,0.0,10,M1,R4,True,7043863.120225582,1000000.0,3,False
933,9330.0,0.0,10,R1,S1,True,624274.631656083,500000.0,2,True
933,9330.0,0.0,10,R1,S2,True,7043863.120225582,500000.0,3,False
933,9330.0,0.0,10,R2,S3,True,7830535.74603555,500000.0,1,False
933,9330.0,0.0,10,R2,S4,True,6768677.67382266,500000.0,4,False
933,9330.0,0.0,10,R3,A1,True,1489807.7971706027,500000.0,2,True
933,9330.0,0.0,10,R3,A2,True,7043863.120225582,500000.0,3,False
933,9330.0,0.0,10,R4,A3,True,7830535.74603555,500000.0,1,False
933,9330.0,0.0,10,R4,A4,True,6768677.67382266,500000.0,4,False
934,9340.0,0.0,10,M1,R1,True,7830535.74603555,1000000.0,1,False
934,9340.0,0.0,10,M1,R2,False,827392.2863514838,1000000.0,2,True
934,9340.0,0.0,10,M1,R3,True,6768677.673822663,1000000.0,4,False
934,9340.0,0.0,10,M1,R4,True,7043863.120225582,1000000.0,3,False
934,9340.0,0.0,10,R1,S1,True,611901.061287772,500000.0,2,True
934,9340.0,0.0,10,R1,S2,True,7043863.120225582,500000.0,3,False
934,9340.0,0.0,10,R2,S3,True,7830535.74603555,500000.0,1,False
934,9340.0,0.0,10,R2,S4,True,6768677.67382266,500000.0,4,False
934,9340.0,0.0,10,R3,A1,True,1478500.7028840233,500000.0,2,True
934,9340.0,0.0,10,R3,A2,True,7043863.120225582,500000.0,3,False
934,9340.0,0.0,10,R4,A3,True,7830535.74603555,500000.0,1,False
934,9340.0,0.0,10,R4,A4,True,6768677.67382266,500000.0,4,False
935,9350.0,0.0,10,M1,R1,True,7830535.74603555,1000000.0,1,False
935,9350.0,0.0,10,M1,R2,False,811967.2875485326,1000000.0,2,True
935,9350.0,0.0,10,M1,R3,True,6768677.673822663,1000000.0,4,False
935,9350.0,0.0,10,M1,R4,True,7043863.120225582,1000000.0,3,False
935,9350.0,0.0,10,R1,S1,True,599697.0469636427,500000.0,2,True
935,9350.0,0.0,10,R1,S2,True,7043863.120225582,500000.0,3,False
935,9350.0,0.0,10,R2,S3,True,7830535.74603555,500000.0,1,False
935,9350.0,0.0,10,R2,S4,True,6768677.67382266,500000.0,4,False
935,9350.0,0.0,10,R3,A1,True,1467129.2101612468,500000.0,2,True
935,9350.0,0.0,10,R3,A2,True,7043863.120225582,500000.0,3,False
935,9350.0,0.0,10,R4,A3,True,7830535.74603555,500000.0,1,False
935,9350.0,0.0,10,R4,A4,True,6768677.67382266,500000.0,4,False
936,9360.0,0.0,10,M1,R1,True,7830535.74603555,1000000.0,1,False
936,9360.0,0.0,10,M1,R2,False,796498.6077356819,1000000.0,2,True
936,9360.0,0.0,10,M1,R3,True,6768677.673822663,1000000.0,4,False
936,9360.0,0.0,10,M1,R4,True,7043863.120225582,1000000.0,3,False
936,9360.0,0.0,10,R1,S1,True,587675.0010390257,500000.0,2,True
936,9360.0,0.0,10,R1,S2,True,7043863.120225582,500000.0,3,False
936,9360.0,0.0,10,R2,S3,True,7830535.74603555,500000.0,1,False
936,9360.0,0.0,10,R2,S4,True,6768677.67382266,500000.0,4,False
936,9360.0,0.0,10,R3,A1,True,1455693.0971013864,500000.0,2,True
936,9360.0,0.0,10,R3,A2,True,7043863.120225582,500000.0,3,False
936,9360.0,0.0,10,R4,A3,True,7830535.74603555,500000.0,1,False
936,9360.0,0.0,10,R4,A4,True,6768677.67382266,500000.0,4,False
937,9370.0,0.0,10,M1,R1,True,7830535.74603555,1000000.0,1,False
937,9370.0,0.0,10,M1,R2,False,780990.6952411426,1000000.0,2,True
937,9370.0,0.0,10,M1,R3,True,6768677.673822663,1000000.0,4,False
937,9370.0,0.0,10,M1,R4,True,7043863.120225582,1000000.0,3,False
937,9370.0,0.0,10,R1,S1,True,575847.6778766394,500000.0,2,True
937,9370.0,0.0,10,R1,S2,True,7043863.120225582,500000.0,3,False
937,9370.0,0.0,10,R2,S3,True,7830535.74603555,500000.0,1,False
937,9370.0,0.0,10,R2,S4,True,6768677.67382266,500000.0,4,False
937,9370.0,0.0,10,R3,A1,True,1444192.1628768821,500000.0,2,True
937,9370.0,0.0,10,R3,A2,True,7043863.120225582,500000.0,3,False
937,9370.0,0.0,10,R4,A3,True,7830535.74603555,500000.0,1,False
937,9370.0,0.0,10,R4,A4,True,6768677.67382266,500000.0,4,False
938,9380.0,0.0,10,M1,R1,True,7830535.74603555,1000000.0,1,False
938,9380.0,0.0,10,M1,R2,False,765448.343770226,1000000.0,2,True
938,9380.0,0.0,10,M1,R3,True,6768677.673822663,1000000.0,4,False
938,9380.0,0.0,10,M1,R4,True,7043863.120225582,1000000.0,3,False
938,9380.0,0.0,10,R1,S1,True,564228.1547950086,500000.0,2,True
938,9380.0,0.0,10,R1,S2,True,7043863.120225582,500000.0,3,False
938,9380.0,0.0,10,R2,S3,True,7830535.74603555,500000.0,1,False
938,9380.0,0.0,10,R2,S4,True,6768677.67382266,500000.0,4,False
938,9380.0,0.0,10,R3,A1,True,1432626.2293148784,500000.0,2,True
938,9380.0,0.0,10,R3,A2,True,7043863.120225582,500000.0,3,False
938,9380.0,0.0,10,R4,A3,True,7830535.74603555,500000.0,1,False
938,9380.0,0.0,10,R4,A4,True,6768677.67382266,500000.0,4,False
939,9390.0,0.0,10,M1,R1,True,7830535.74603555,1000000.0,1,False
939,9390.0,0.0,10,M1,R2,False,749876.7110682923,1000000.0,2,True
939,9390.0,0.0,10,M1,R3,True,6768677.673822663,1000000.0,4,False
939,9390.0,0.0,10,M1,R4,True,7043863.120225582,1000000.0,3,False
939,9390.0,0.0,10,R1,S1,True,552829.8095500559,500000.0,2,True
939,9390.0,0.0,10,R1,S2,True,7043863.120225582,500000.0,3,False
939,9390.0,0.0,10,R2,S3,True,7830535.74603555,500000.0,1,False
939,9390.0,0.0,10,R2,S4,True,6768677.67382266,500000.0,4,False
939,9390.0,0.0,10,R3,A1,True,1420995.142570975,500000.0,2,True
939,9390.0,0.0,10,R3,A2,True,7043863.120225582,500000.0,3,False
939,9390.0,0.0,10,R4,A3,True,7830535.74603555,500000.0,1,False
939,9390.0,0.0,10,R4,A4,True,6768677.67382266,500000.0,4,False
940,9400.0,0.0,10,M1,R1,True,7830535.74603555,1000000.0,1,False
940,9400.0,0.0,10,M1,R2,False,734281.3381066156,1000000.0,2,True
940,9400.0,0.0,10,M1,R3,True,6768677.673822663,1000000.0,4,False
940,9400.0,0.0,10,M1,R4,True,7043863.120225582,1000000.0,3,False
940,9400.0,0.0,10,R1,S1,True,541666.2941863016,500000.0,2,True
940,9400.0,0.0,10,R1,S2,True,7043863.120225582,500000.0,3,False
940,9400.0,0.0,10,R2,S3,True,7830535.74603555,500000.0,1,False
940,9400.0,0.0,10,R2,S4,True,6768677.67382266,500000.0,4,False
940,9400.0,0.0,10,R3,A1,True,1409298.7749004075,500000.0,2,True
940,9400.0,0.0,10,R3,A2,True,7043863.120225582,500000.0,3,False
940,9400.0,0.0,10,R4,A3,True,7830535.74603555,500000.0,1,False
940,9400.0,0.0,10,R4,A4,True,6768677.67382266,500000.0,4,False
941,9410.0,0.0,10,M1,R1,True,7830535.74603555,1000000.0,1,False
941,9410.0,0.0,10,M1,R2,False,718668.1687342909,1000000.0,2,True
941,9410.0,0.0,10,M1,R3,True,6768677.673822663,1000000.0,4,False
941,9410.0,0.0,10,M1,R4,True,7043863.120225582,1000000.0,3,False
941,9410.0,0.0,10,R1,S1,True,530751.5051188493,500000.0,2,True
941,9410.0,0.0,10,R1,S2,True,7043863.120225582,500000.0,3,False
941,9410.0,0.0,10,R2,S3,True,7830535.74603555,500000.0,1,False
941,9410.0,0.0,10,R2,S4,True,6768677.67382266,500000.0,4,False
941,9410.0,0.0,10,R3,A1,True,1397537.02653172,500000.0,2,True
941,9410.0,0.0,10,R3,A2,True,7043863.120225582,500000.0,3,False
941,9410.0,0.0,10,R4,A3,True,7830535.74603555,500000.0,1,False
941,9410.0,0.0,10,R4,A4,True,6768677.67382266,500000.0,4,False
942,9420.0,0.0,10,M1,R1,True,7830535.74603555,1000000.0,1,False
942,9420.0,0.0,10,M1,R2,False,703043.5697256032,1000000.0,2,True
942,9420.0,0.0,10,M1,R3,True,6768677.673822663,1000000.0,4,False
942,9420.0,0.0,10,M1,R4,True,7043863.120225582,1000000.0,3,False
942,9420.0,0.0,10,R1,S1,True,520099.54933792603,500000.0,2,True
942,9420.0,0.0,10,R1,S2,True,7043863.120225582,500000.0,3,False
942,9420.0,0.0,10,R2,S3,True,7830535.74603555,500000.0,1,False
942,9420.0,0.0,10,R2,S4,True,6768677.67382266,500000.0,4,False
942,9420.0,0.0,10,R3,A1,True,1385709.8265491936,500000.0,2,True
942,9420.0,0.0,10,R3,A2,True,7043863.120225582,500000.0,3,False
942,9420.0,0.0,10,R4,A3,True,7830535.74603555,500000.0,1,False
942,9420.0,0.0,10,R4,A4,True,6768677.67382266,500000.0,4,False
943,9430.0,0.0,10,M1,R1,True,7830535.74603555,1000000.0,1,False
943,9430.0,0.0,10,M1,R2,False,687414.3511367348,1000000.0,2,True
943,9430.0,0.0,10,M1,R3,True,6768677.673822663,1000000.0,4,False
943,9430.0,0.0,10,M1,R4,True,7043863.120225582,1000000.0,3,False
943,9430.0,0.0,10,R1,S1,True,509724.70666415495,500000.0,2,True
943,9430.0,0.0,10,R1,S2,True,7043863.120225582,500000.0,3,False
943,9430.0,0.0,10,R2,S3,True,7830535.74603555,500000.0,1,False
943,9430.0,0.0,10,R2,S4,True,6768677.67382266,500000.0,4,False
943,9430.0,0.0,10,R3,A1,True,1373817.1379273334,500000.0,2,True
943,9430.0,0.0,10,R3,A2,True,7043863.120225582,500000.0,3,False
943,9430.0,0.0,10,R4,A3,True,7830535.74603555,500000.0,1,False
943,9430.0,0.0,10,R4,A4,True,6768677.67382266,500000.0,4,False
944,9440.0,0.0,9,M1,R1,True,7830535.74603555,1000000.0,1,False
944,9440.0,0.0,9,M1,R2,False,671787.7868687239,1000000.0,2,True
944,9440.0,0.0,9,M1,R3,True,6768677.673822663,1000000.0,4,False
944,9440.0,0.0,9,M1,R4,True,7043863.120225582,1000000.0,3,False
944,9440.0,0.0,9,R1,S1,False,499641.3880252217,500000.0,2,True
944,9440.0,0.0,9,R1,S2,True,7043863.120225582,500000.0,3,False
944,9440.0,0.0,9,R2,S3,True,7830535.74603555,500000.0,1,False
944,9440.0,0.0,9,R2,S4,True,6768677.67382266,500000.0,4,False
944,9440.0,0.0,9,R3,A1,True,1361858.9574934533,500000.0,2,True
944,9440.0,0.0,9,R3,A2,True,7043863.120225582,500000.0,3,False
944,9440.0,0.0,9,R4,A3,True,7830535.74603555,500000.0,1,False
944,9440.0,0.0,9,R4,A4,True,6768677.67382266,500000.0,4,False
945,9450.0,0.0,9,M1,R1,True,7830535.74603555,1000000.0,1,False
945,9450.0,0.0,9,M1,R2,False,656171.635314448,1000000.0,2,True
945,9450.0,0.0,9,M1,R3,True,6768677.673822663,1000000.0,4,False
945,9450.0,0.0,9,M1,R4,True,7043863.120225582,1000000.0,3,False
945,9450.0,0.0,9,R1,S1,False,489864.0897729641,500000.0,2,True
945,9450.0,0.0,9,R1,S2,True,7043863.120225582,500000.0,3,False
945,9450.0,0.0,9,R2,S3,True,7830535.74603555,500000.0,1,False
945,9450.0,0.0,9,R2,S4,True,6768677.67382266,500000.0,4,False
945,9450.0,0.0,9,R3,A1,True,1349835.3183518157,500000.0,2,True
945,9450.0,0.0,9,R3,A2,True,7043863.120225582,500000.0,3,False
945,9450.0,0.0,9,R4,A3,True,7830535.74603555,500000.0,1,False
945,9450.0,0.0,9,R4,A4,True,6768677.67382266,500000.0,4,False
946,9460.0,0.0,9,M1,R1,True,7830535.74603555,1000000.0,1,False
946,9460.0,0.0,9,M1,R2,False,640574.1599465765,1000000.0,2,True
946,9460.0,0.0,9,M1,R3,True,6768677.673822663,1000000.0,4,False
946,9460.0,0.0,9,M1,R4,True,7043863.120225582,1000000.0,3,False
946,9460.0,0.0,9,R1,S1,False,480407.3441140919,500000.0,2,True
946,9460.0,0.0,9,R1,S2,True,7043863.120225582,500000.0,3,False
946,9460.0,0.0,9,R2,S3,True,7830535.74603555,500000.0,1,False
946,9460.0,0.0,9,R2,S4,True,6768677.67382266,500000.0,4,False
946,9460.0,0.0,9,R3,A1,True,1337746.2926845294,500000.0,2,True
946,9460.0,0.0,9,R3,A2,True,7043863.120225582,500000.0,3,False
946,9460.0,0.0,9,R4,A3,True,7830535.74603555,500000.0,1,False
946,9460.0,0.0,9,R4,A4,True,6768677.67382266,500000.0,4,False
947,9470.0,0.0,9,M1,R1,True,7830535.74603555,1000000.0,1,False
947,9470.0,0.0,9,M1,R2,False,625004.1496807055,1000000.0,2,True
947,9470.0,0.0,9,M1,R3,True,6768677.673822663,1000000.0,4,False
947,9470.0,0.0,9,M1,R4,True,7043863.120225582,1000000.0,3,False
947,9470.0,0.0,9,R1,S1,False,471285.6657870643,500000.0,2,True
947,9470.0,0.0,9,R1,S2,True,7043863.120225582,500000.0,3,False
947,9470.0,0.0,9,R2,S3,True,7830535.74603555,500000.0,1,False
947,9470.0,0.0,9,R2,S4,True,6768677.67382266,500000.0,4,False
947,9470.0,0.0,9,R3,A1,True,1325591.9943626113,500000.0,2,True
947,9470.0,0.0,9,R3,A2,True,7043863.120225582,500000.0,3,False
947,9470.0,0.0,9,R4,A3,True,7830535.74603555,500000.0,1,False
947,9470.0,0.0,9,R4,A4,True,6768677.67382266,500000.0,4,False
948,9480.0,0.0,9,M1,R1,True,7830535.74603555,1000000.0,1,False
948,9480.0,0.0,9,M1,R2,False,609470.9388231864,1000000.0,2,True
948,9480.0,0.0,9,M1,R3,True,6768677.673822663,1000000.0,4,False
948,9480.0,0.0,9,M1,R4,True,7043863.120225582,1000000.0,3,False
948,9480.0,0.0,9,R1,S1,False,462513.49518168846,500000.0,2,True
948,9480.0,0.0,9,R1,S2,True,7043863.120225582,500000.0,3,False
948,9480.0,0.0,9,R2,S3,True,7830535.74603555,500000.0,1,False
948,9480.0,0.0,9,R2,S4,True,6768677.67382266,500000.0,4,False
948,9480.0,0.0,9,R3,A1,True,1313372.581702522,500000.0,2,True
948,9480.0,0.0,9,R3,A2,True,7043863.120225582,500000.0,3,False
948,9480.0,0.0,9,R4,A3,True,7830535.74603555,500000.0,1,False
948,9480.0,0.0,9,R4,A4,True,6768677.67382266,500000.0,4,False
949,9490.0,0.0,9,M1,R1,True,7830535.74603555,1000000.0,1,False
949,9490.0,0.0,9,M1,R2,False,593984.4263867473,1000000.0,2,True
949,9490.0,0.0,9,M1,R3,True,6768677.673822663,1000000.0,4,False
949,9490.0,0.0,9,M1,R4,True,7043863.120225582,1000000.0,3,False
949,9490.0,0.0,9,R1,S1,False,454105.13816574175,500000.0,2,True
949,9490.0,0.0,9,R1,S2,True,7043863.120225582,500000.0,3,False
949,9490.0,0.0,9,R2,S3,True,7830535.74603555,500000.0,1,False
949,9490.0,0.0,9,R2,S4,True,6768677.67382266,500000.0,4,False
949,9490.0,0.0,9,R3,A1,True,1301088.2603753228,500000.0,2,True
949,9490.0,0.0,9,R3,A2,True,7043863.120225582,500000.0,3,False
949,9490.0,0.0,9,R4,A3,True,7830535.74603555,500000.0,1,False
949,9490.0,0.0,9,R4,A4,True,6768677.67382266,500000.0,4,False
950,9500.0,0.0,9,M1,R1,True,7830535.74603555,1000000.0,1,False
950,9500.0,0.0,9,M1,R2,False,578555.0945288083,1000000.0,2,True
950,9500.0,0.0,9,M1,R3,True,6768677.673822663,1000000.0,4,False
950,9500.0,0.0,9,M1,R4,True,7043863.120225582,1000000.0,3,False
950,9500.0,0.0,9,R1,S1,False,446074.70295316266,500000.0,2,True
950,9500.0,0.0,9,R1,S2,True,7043863.120225582,500000.0,3,False
950,9500.0,0.0,9,R2,S3,True,7830535.74603555,500000.0,1,False
950,9500.0,0.0,9,R2,S4,True,6768677.67382266,500000.0,4,False
950,9500.0,0.0,9,R3,A1,True,1288739.2864758228,500000.0,2,True
950,9500.0,0.0,9,R3,A2,True,7043863.120225582,500000.0,3,False
950,9500.0,0.0,9,R4,A3,True,7830535.74603555,500000.0,1,False
950,9500.0,0.0,9,R4,A4,True,6768677.67382266,500000.0,4,False
951,9510.0,0.0,9,M1,R1,True,7830535.74603555,1000000.0,1,False
951,9510.0,0.0,9,M1,R2,False,563194.0258378623,1000000.0,2,True
951,9510.0,0.0,9,M1,R3,True,6768677.673822663,1000000.0,4,False
951,9510.0,0.0,9,M1,R4,True,7043863.120225582,1000000.0,3,False
951,9510.0,0.0,9,R1,S1,False,438436.03441995906,500000.0,2,True
951,9510.0,0.0,9,R1,S2,True,7043863.120225582,500000.0,3,False
951,9510.0,0.0,9,R2,S3,True,7830535.74603555,500000.0,1,False
951,9510.0,0.0,9,R2,S4,True,6768677.67382266,500000.0,4,False
951,9510.0,0.0,9,R3,A1,True,1276325.969759206,500000.0,2,True
951,9510.0,0.0,9,R3,A2,True,7043863.120225582,500000.0,3,False
951,9510.0,0.0,9,R4,A3,True,7830535.74603555,500000.0,1,False
951,9510.0,0.0,9,R4,A4,True,6768677.67382266,500000.0,4,False
952,9520.0,0.0,9,M1,R1,True,7830535.74603555,1000000.0,1,False
952,9520.0,0.0,9,M1,R2,False,547912.9191623522,1000000.0,2,True
952,9520.0,0.0,9,M1,R3,True,6768677.673822663,1000000.0,4,False
952,9520.0,0.0,9,M1,R4,True,7043863.120225582,1000000.0,3,False
952,9520.0,0.0,9,R1,S1,False,431202.64634506503,500000.0,2,True
952,9520.0,0.0,9,R1,S2,True,7043863.120225582,500000.0,3,False
952,9520.0,0.0,9,R2,S3,True,7830535.74603555,500000.0,1,False
952,9520.0,0.0,9,R2,S4,True,6768677.67382266,500000.0,4,False
952,9520.0,0.0,9,R3,A1,True,1263848.677053019,500000.0,2,True
952,9520.0,0.0,9,R3,A2,True,7043863.120225582,500000.0,3,False
952,9520.0,0.0,9,R4,A3,True,7830535.74603555,500000.0,1,False
952,9520.0,0.0,9,R4,A4,True,6768677.67382266,500000.0,4,False
953,9530.0,0.0,9,M1,R1,True,7830535.74603555,1000000.0,1,False
953,9530.0,0.0,9,M1,R2,False,532724.1036450309,1000000.0,2,True
953,9530.0,0.0,9,M1,R3,True,6768677.673822663,1000000.0,4,False
953,9530.0,0.0,9,M1,R4,True,7043863.120225582,1000000.0,3,False
953,9530.0,0.0,9,R1,S1,False,424387.65212247527,500000.0,2,True
953,9530.0,0.0,9,R1,S2,True,7043863.120225582,500000.0,3,False
953,9530.0,0.0,9,R2,S3,True,7830535.74603555,500000.0,1,False
953,9530.0,0.0,9,R2,S4,True,6768677.67382266,500000.0,4,False
953,9530.0,0.0,9,R3,A1,True,1251307.8358524332,500000.0,2,True
953,9530.0,0.0,9,R3,A2,True,7043863.120225582,500000.0,3,False
953,9530.0,0.0,9,R4,A3,True,7830535.74603555,500000.0,1,False
953,9530.0,0.0,9,R4,A4,True,6768677.67382266,500000.0,4,False
954,9540.0,0.0,9,M1,R1,True,7830535.74603555,1000000.0,1,False
954,9540.0,0.0,9,M1,R2,False,517640.5505937461,1000000.0,2,True
954,9540.0,0.0,9,M1,R3,True,6768677.673822663,1000000.0,4,False
954,9540.0,0.0,9,M1,R4,True,7043863.120225582,1000000.0,3,False
954,9540.0,0.0,9,R1,S1,False,418003.69455584703,500000.0,2,True
954,9540.0,0.0,9,R1,S2,True,7043863.120225582,500000.0,3,False
954,9540.0,0.0,9,R2,S3,True,7830535.74603555,500000.0,1,False
954,9540.0,0.0,9,R2,S4,True,6768677.67382266,500000.0,4,False
954,9540.0,0.0,9,R3,A1,True,1238703.9381069865,500000.0,2,True
954,9540.0,0.0,9,R3,A2,True,7043863.120225582,500000.0,3,False
954,9540.0,0.0,9,R4,A3,True,7830535.74603555,500000.0,1,False
954,9540.0,0.0,9,R4,A4,True,6768677.67382266,500000.0,4,False
955,9550.0,0.0,9,M1,R1,True,7830535.74603555,1000000.0,1,False
955,9550.0,0.0,9,M1,R2,False,502675.882788132,1000000.0,2,True
955,9550.0,0.0,9,M1,R3,True,6768677.673822663,1000000.0,4,False
955,9550.0,0.0,9,M1,R4,True,7043863.120225582,1000000.0,3,False
955,9550.0,0.0,9,R1,S1,False,412062.875405684,500000.0,2,True
955,9550.0,0.0,9,R1,S2,True,7043863.120225582,500000.0,3,False
955,9550.0,0.0,9,R2,S3,True,7830535.74603555,500000.0,1,False
955,9550.0,0.0,9,R2,S4,True,6768677.67382266,500000.0,4,False
955,9550.0,0.0,9,R3,A1,True,1226037.5442070623,500000.0,2,True
955,9550.0,0.0,9,R3,A2,True,7043863.120225582,500000.0,3,False
955,9550.0,0.0,9,R4,A3,True,7830535.74603555,500000.0,1,False
955,9550.0,0.0,9,R4,A4,True,6768677.67382266,500000.0,4,False
956,9560.0,0.0,9,M1,R1,True,7830535.74603555,1000000.0,1,False
956,9560.0,0.0,9,M1,R2,False,487844.3807912245,1000000.0,2,True
956,9560.0,0.0,9,M1,R3,True,6768677.673822663,1000000.0,4,False
956,9560.0,0.0,9,M1,R4,True,7043863.120225582,1000000.0,3,False
956,9560.0,0.0,9,R1,S1,False,406576.6854098287,500000.0,2,True
956,9560.0,0.0,9,R1,S2,True,7043863.120225582,500000.0,3,False
956,9560.0,0.0,9,R2,S3,True,7830535.74603555,500000.0,1,False
956,9560.0,0.0,9,R2,S4,True,6768677.67382266,500000.0,4,False
956,9560.0,0.0,9,R3,A1,True,1213309.2871786505,500000.0,2,True
956,9560.0,0.0,9,R3,A2,True,7043863.120225582,500000.0,3,False
956,9560.0,0.0,9,R4,A3,True,7830535.74603555,500000.0,1,False
956,9560.0,0.0,9,R4,A4,True,6768677.67382266,500000.0,4,False
957,9570.0,0.0,9,M1,R1,True,7830535.74603555,1000000.0,1,False
957,9570.0,0.0,9,M1,R2,False,473160.98580654553,1000000.0,2,True
957,9570.0,0.0,9,M1,R3,True,6768677.673822663,1000000.0,4,False
957,9570.0,0.0,9,M1,R4,True,7043863.120225582,1000000.0,3,False
957,9570.0,0.0,9,R1,S1,False,401555.93553850456,500000.0,2,True
957,9570.0,0.0,9,R1,S2,True,7043863.120225582,500000.0,3,False
957,9570.0,0.0,9,R2,S3,True,7830535.74603555,500000.0,1,False
957,9570.0,0.0,9,R2,S4,True,6768677.67382266,500000.0,4,False
957,9570.0,0.0,9,R3,A1,True,1200519.8770947799,500000.0,2,True
957,9570.0,0.0,9,R3,A2,True,7043863.120225582,500000.0,3,False
957,9570.0,0.0,9,R4,A3,True,7830535.74603555,500000.0,1,False
957,9570.0,0.0,9,R4,A4,True,6768677.67382266,500000.0,4,False
958,9580.0,0.0,9,M1,R1,True,7830535.74603555,1000000.0,1,False
958,9580.0,0.0,9,M1,R2,False,458641.2985960604,1000000.0,2,True
958,9580.0,0.0,9,M1,R3,True,6768677.673822663,1000000.0,4,False
958,9580.0,0.0,9,M1,R4,True,7043863.120225582,1000000.0,3,False
958,9580.0,0.0,9,R1,S1,False,397010.69027356524,500000.0,2,True
958,9580.0,0.0,9,R1,S2,True,7043863.120225582,500000.0,3,False
958,9580.0,0.0,9,R2,S3,True,7830535.74603555,500000.0,1,False
958,9580.0,0.0,9,R2,S4,True,6768677.67382266,500000.0,4,False
958,9580.0,0.0,9,R3,A1,True,1187670.1057123092,500000.0,2,True
958,9580.0,0.0,9,R3,A2,True,7043863.120225582,500000.0,3,False
958,9580.0,0.0,9,R4,A3,True,7830535.74603555,500000.0,1,False
958,9580.0,0.0,9,R4,A4,True,6768677.67382266,500000.0,4,False
959,9590.0,0.0,9,M1,R1,True,7830535.74603555,1000000.0,1,False
959,9590.0,0.0,9,M1,R2,False,444301.573953294,1000000.0,2,True
959,9590.0,0.0,9,M1,R3,True,6768677.673822663,1000000.0,4,False
959,9590.0,0.0,9,M1,R4,True,7043863.120225582,1000000.0,3,False
959,9590.0,0.0,9,R1,S1,False,392950.2037162473,500000.0,2,True
959,9590.0,0.0,9,R1,S2,True,7043863.120225582,500000.0,3,False
959,9590.0,0.0,9,R2,S3,True,7830535.74603555,500000.0,1,False
959,9590.0,0.0,9,R2,S4,True,6768677.67382266,500000.0,4,False
959,9590.0,0.0,9,R3,A1,True,1174760.8513425912,500000.0,2,True
959,9590.0,0.0,9,R3,A2,True,7043863.120225582,500000.0,3,False
959,9590.0,0.0,9,R4,A3,True,7830535.74603555,500000.0,1,False
959,9590.0,0.0,9,R4,A4,True,6768677.67382266,500000.0,4,False
960,9600.0,0.0,9,M1,R1,True,7830535.74603555,1000000.0,1,False
960,9600.0,0.0,9,M1,R2,False,430158.71021085826,1000000.0,2,True
960,9600.0,0.0,9,M1,R3,True,6768677.673822663,1000000.0,4,False
960,9600.0,0.0,9,M1,R4,True,7043863.120225582,1000000.0,3,False
960,9600.0,0.0,9,R1,S1,False,389382.85932717734,500000.0,2,True
960,9600.0,0.0,9,R1,S2,True,7043863.120225582,500000.0,3,False
960,9600.0,0.0,9,R2,S3,True,7830535.74603555,500000.0,1,False
960,9600.0,0.0,9,R2,S4,True,6768677.67382266,500000.0,4,False
960,9600.0,0.0,9,R3,A1,True,1161793.0839645253,500000.0,2,True
960,9600.0,0.0,9,R3,A2,True,7043863.120225582,500000.0,3,False
960,9600.0,0.0,9,R4,A3,True,7830535.74603555,500000.0,1,False
960,9600.0,0.0,9,R4,A4,True,6768677.67382266,500000.0,4,False
961,9610.0,0.0,9,M1,R1,True,7830535.74603555,1000000.0,1,False
961,9610.0,0.0,9,M1,R2,False,416230.233253631,1000000.0,2,True
961,9610.0,0.0,9,M1,R3,True,6768677.673822663,1000000.0,4,False
961,9610.0,0.0,9,M1,R4,True,7043863.120225582,1000000.0,3,False
961,9610.0,0.0,9,R1,S1,False,386316.114085808,500000.0,2,True
961,9610.0,0.0,9,R1,S2,True,7043863.120225582,500000.0,3,False
961,9610.0,0.0,9,R2,S3,True,7830535.74603555,500000.0,1,False
961,9610.0,0.0,9,R2,S4,True,6768677.67382266,500000.0,4,False
961,9610.0,0.0,9,R3,A1,True,1148767.8705883753,500000.0,2,True
961,9610.0,0.0,9,R3,A2,True,7043863.120225582,500000.0,3,False
961,9610.0,0.0,9,R4,A3,True,7830535.74603555,500000.0,1,False
961,9610.0,0.0,9,R4,A4,True,6768677.67382266,500000.0,4,False
962,9620.0,0.0,9,M1,R1,True,7830535.74603555,1000000.0,1,False
962,9620.0,0.0,9,M1,R2,False,402534.27450988453,1000000.0,2,True
962,9620.0,0.0,9,M1,R3,True,6768677.673822663,1000000.0,4,False
962,9620.0,0.0,9,M1,R4,True,7043863.120225582,1000000.0,3,False
962,9620.0,0.0,9,R1,S1,False,383756.4478229801,500000.0,2,True
962,9620.0,0.0,9,R1,S2,True,7043863.120225582,500000.0,3,False
962,9620.0,0.0,9,R2,S3,True,7830535.74603555,500000.0,1,False
962,9620.0,0.0,9,R2,S4,True,6768677.67382266,500000.0,4,False
962,9620.0,0.0,9,R3,A1,True,1135686.3808785044,500000.0,2,True
962,9620.0,0.0,9,R3,A2,True,7043863.120225582,500000.0,3,False
962,9620.0,0.0,9,R4,A3,True,7830535.74603555,500000.0,1,False
962,9620.0,0.0,9,R4,A4,True,6768677.67382266,500000.0,4,False
963,9630.0,0.0,9,M1,R1,True,7830535.74603555,1000000.0,1,False
963,9630.0,0.0,9,M1,R2,False,389089.54240427865,1000000.0,2,True
963,9630.0,0.0,9,M1,R3,True,6768677.673822663,1000000.0,4,False
963,9630.0,0.0,9,M1,R4,True,7043863.120225582,1000000.0,3,False
963,9630.0,0.0,9,R1,S1,False,381709.31843029516,500000.0,2,True
963,9630.0,0.0,9,R1,S2,True,7043863.120225582,500000.0,3,False
963,9630.0,0.0,9,R2,S3,True,7830535.74603555,500000.0,1,False
963,9630.0,0.0,9,R2,S4,True,6768677.67382266,500000.0,4,False
963,9630.0,0.0,9,R3,A1,True,1122549.8930428897,500000.0,2,True
963,9630.0,0.0,9,R3,A2,True,7043863.120225582,500000.0,3,False
963,9630.0,0.0,9,R4,A3,True,7830535.74603555,500000.0,1,False
963,9630.0,0.0,9,R4,A4,True,6768677.67382266,500000.0,4,False
964,9640.0,0.0,9,M1,R1,True,7830535.74603555,1000000.0,1,False
964,9640.0,0.0,9,M1,R2,False,375915.2867807291,1000000.0,2,True
964,9640.0,0.0,9,M1,R3,True,6768677.673822663,1000000.0,4,False
964,9640.0,0.0,9,M1,R4,True,7043863.120225582,1000000.0,3,False
964,9640.0,0.0,9,R1,S1,False,380179.1235835203,500000.0,2,True
964,9640.0,0.0,9,R1,S2,True,7043863.120225582,500000.0,3,False
964,9640.0,0.0,9,R2,S3,True,7830535.74603555,500000.0,1,False
964,9640.0,0.0,9,R2,S4,True,6768677.67382266,500000.0,4,False
964,9640.0,0.0,9,R3,A1,True,1109359.7999968766,500000.0,2,True
964,9640.0,0.0,9,R3,A2,True,7043863.120225582,500000.0,3,False
964,9640.0,0.0,9,R4,A3,True,7830535.74603555,500000.0,1,False
964,9640.0,0.0,9,R4,A4,True,6768677.67382266,500000.0,4,False
965,9650.0,0.0,9,M1,R1,True,7830535.74603555,1000000.0,1,False
965,9650.0,0.0,9,M1,R2,False,363031.2558413005,1000000.0,2,True
965,9650.0,0.0,9,M1,R3,True,6768677.673822663,1000000.0,4,False
965,9650.0,0.0,9,M1,R4,True,7043863.120225582,1000000.0,3,False
965,9650.0,0.0,9,R1,S1,False,379169.16953570145,500000.0,2,True
965,9650.0,0.0,9,R1,S2,True,7043863.120225582,500000.0,3,False
965,9650.0,0.0,9,R2,S3,True,7830535.74603555,500000.0,1,False
965,9650.0,0.0,9,R2,S4,True,6768677.67382266,500000.0,4,False
965,9650.0,0.0,9,R3,A1,True,1096117.615808079,500000.0,2,True
965,9650.0,0.0,9,R3,A2,True,7043863.120225582,500000.0,3,False
965,9650.0,0.0,9,R4,A3,True,7830535.74603555,500000.0,1,False
965,9650.0,0.0,9,R4,A4,True,6768677.67382266,500000.0,4,False
966,9660.0,0.0,9,M1,R1,True,7830535.74603555,1000000.0,1,False
966,9660.0,0.0,9,M1,R2,False,350457.6452012511,1000000.0,2,True
966,9660.0,0.0,9,M1,R3,True,6768677.673822663,1000000.0,4,False
966,9660.0,0.0,9,M1,R4,True,7043863.120225582,1000000.0,3,False
966,9660.0,0.0,9,R1,S1,False,378681.6474404707,500000.0,2,True
966,9660.0,0.0,9,R1,S2,True,7043863.120225582,500000.0,3,False
966,9660.0,0.0,9,R2,S3,True,7830535.74603555,500000.0,1,False
966,9660.0,0.0,9,R2,S4,True,6768677.67382266,500000.0,4,False
966,9660.0,0.0,9,R3,A1,True,1082824.9824286904,500000.0,2,True
966,9660.0,0.0,9,R3,A2,True,7043863.120225582,500000.0,3,False
966,9660.0,0.0,9,R4,A3,True,7830535.74603555,500000.0,1,False
966,9660.0,0.0,9,R4,A4,True,6768677.67382266,500000.0,4,False
967,9670.0,0.0,9,M1,R1,True,7830535.74603555,1000000.0,1,False
967,9670.0,0.0,9,M1,R2,False,338215.03873141017,1000000.0,2,True
967,9670.0,0.0,9,M1,R3,True,6768677.673822663,1000000.0,4,False
967,9670.0,0.0,9,M1,R4,True,7043863.120225582,1000000.0,3,False
967,9670.0,0.0,9,R1,S1,False,378717.617559304,500000.0,2,True
967,9670.0,0.0,9,R1,S2,True,7043863.120225582,500000.0,3,False
967,9670.0,0.0,9,R2,S3,True,7830535.74603555,500000.0,1,False
967,9670.0,0.0,9,R2,S4,True,6768677.67382266,500000.0,4,False
967,9670.0,0.0,9,R3,A1,True,1069483.6767206746,500000.0,2,True
967,9670.0,0.0,9,R3,A2,True,7043863.120225582,500000.0,3,False
967,9670.0,0.0,9,R4,A3,True,7830535.74603555,500000.0,1,False
967,9670.0,0.0,9,R4,A4,True,6768677.67382266,500000.0,4,False
968,9680.0,0.0,9,M1,R1,True,7830535.74603555,1000000.0,1,False
968,9680.0,0.0,9,M1,R2,False,326324.3409484095,1000000.0,2,True
968,9680.0,0.0,9,M1,R3,True,6768677.673822663,1000000.0,4,False
968,9680.0,0.0,9,M1,R4,True,7043863.120225582,1000000.0,3,False
968,9680.0,0.0,9,R1,S1,False,379277.0015907429,500000.0,2,True
968,9680.0,0.0,9,R1,S2,True,7043863.120225582,500000.0,3,False
968,9680.0,0.0,9,R2,S3,True,7830535.74603555,500000.0,1,False
968,9680.0,0.0,9,R2,S4,True,6768677.67382266,500000.0,4,False
968,9680.0,0.0,9,R3,A1,True,1056095.6177782875,500000.0,2,True
968,9680.0,0.0,9,R3,A2,True,7043863.120225582,500000.0,3,False
968,9680.0,0.0,9,R4,A3,True,7830535.74603555,500000.0,1,False
968,9680.0,0.0,9,R4,A4,True,6768677.67382266,500000.0,4,False
969,9690.0,0.0,9,M1,R1,True,7830535.74603555,1000000.0,1,False
969,9690.0,0.0,9,M1,R2,False,314806.70082157786,1000000.0,2,True
969,9690.0,0.0,9,M1,R3,True,6768677.673822663,1000000.0,4,False
969,9690.0,0.0,9,M1,R4,True,7043863.120225582,1000000.0,3,False
969,9690.0,0.0,9,R1,S1,False,380358.58323785354,500000.0,2,True
969,9690.0,0.0,9,R1,S2,True,7043863.120225582,500000.0,3,False
969,9690.0,0.0,9,R2,S3,True,7830535.74603555,500000.0,1,False
969,9690.0,0.0,9,R2,S4,True,6768677.67382266,500000.0,4,False
969,9690.0,0.0,9,R3,A1,True,1042662.8745512165,500000.0,2,True
969,9690.0,0.0,9,R3,A2,True,7043863.120225582,500000.0,3,False
969,9690.0,0.0,9,R4,A3,True,7830535.74603555,500000.0,1,False
969,9690.0,0.0,9,R4,A4,True,6768677.67382266,500000.0,4,False
970,9700.0,0.0,9,M1,R1,True,7830535.74603555,1000000.0,1,False
970,9700.0,0.0,9,M1,R2,False,303683.4269925659,1000000.0,2,True
970,9700.0,0.0,9,M1,R3,True,6768677.673822663,1000000.0,4,False
970,9700.0,0.0,9,M1,R4,True,7043863.120225582,1000000.0,3,False
970,9700.0,0.0,9,R1,S1,False,381960.01700523845,500000.0,2,True
970,9700.0,0.0,9,R1,S2,True,7043863.120225582,500000.0,3,False
970,9700.0,0.0,9,R2,S3,True,7830535.74603555,500000.0,1,False
970,9700.0,0.0,9,R2,S4,True,6768677.67382266,500000.0,4,False
970,9700.0,0.0,9,R3,A1,True,1029187.6737702588,500000.0,2,True
970,9700.0,0.0,9,R3,A2,True,7043863.120225582,500000.0,3,False
970,9700.0,0.0,9,R4,A3,True,7830535.74603555,500000.0,1,False
970,9700.0,0.0,9,R4,A4,True,6768677.67382266,500000.0,4,False
971,9710.0,0.0,9,M1,R1,True,7830535.74603555,1000000.0,1,False
971,9710.0,0.0,9,M1,R2,False,292975.89454964886,1000000.0,2,True
971,9710.0,0.0,9,M1,R3,True,6768677.673822663,1000000.0,4,False
971,9710.0,0.0,9,M1,R4,True,7043863.120225582,1000000.0,3,False
971,9710.0,0.0,9,R1,S1,False,384077.8450924138,500000.0,2,True
971,9710.0,0.0,9,R1,S2,True,7043863.120225582,500000.0,3,False
971,9710.0,0.0,9,R2,S3,True,7830535.74603555,500000.0,1,False
971,9710.0,0.0,9,R2,S4,True,6768677.67382266,500000.0,4,False
971,9710.0,0.0,9,R3,A1,True,1015672.4081757969,500000.0,2,True
971,9710.0,0.0,9,R3,A2,True,7043863.120225582,500000.0,3,False
971,9710.0,0.0,9,R4,A3,True,7830535.74603555,500000.0,1,False
971,9710.0,0.0,9,R4,A4,True,6768677.67382266,500000.0,4,False
972,9720.0,0.0,9,M1,R1,True,7830535.74603555,1000000.0,1,False
972,9720.0,0.0,9,M1,R2,False,282705.44366154657,1000000.0,2,True
972,9720.0,0.0,9,M1,R3,True,6768677.673822663,1000000.0,4,False
972,9720.0,0.0,9,M1,R4,True,7043863.120225582,1000000.0,3,False
972,9720.0,0.0,9,R1,S1,False,386707.5221291288,500000.0,2,True
972,9720.0,0.0,9,R1,S2,True,7043863.120225582,500000.0,3,False
972,9720.0,0.0,9,R2,S3,True,7830535.74603555,500000.0,1,False
972,9720.0,0.0,9,R2,S4,True,6768677.67382266,500000.0,4,False
972,9720.0,0.0,9,R3,A1,True,1002119.6450474694,500000.0,2,True
972,9720.0,0.0,9,R3,A2,True,7043863.120225582,500000.0,3,False
972,9720.0,0.0,9,R4,A3,True,7830535.74603555,500000.0,1,False
972,9720.0,0.0,9,R4,A4,True,6768677.67382266,500000.0,4,False
973,9730.0,0.0,9,M1,R1,True,7830535.74603555,1000000.0,1,False
973,9730.0,0.0,9,M1,R2,False,272893.2705535444,1000000.0,2,True
973,9730.0,0.0,9,M1,R3,True,6768677.673822663,1000000.0,4,False
973,9730.0,0.0,9,M1,R4,True,7043863.120225582,1000000.0,3,False
973,9730.0,0.0,9,R1,S1,False,389843.44738359575,500000.0,2,True
973,9730.0,0.0,9,R1,S2,True,7043863.120225582,500000.0,3,False
973,9730.0,0.0,9,R2,S3,True,7830535.74603555,500000.0,1,False
973,9730.0,0.0,9,R2,S4,True,6768677.67382266,500000.0,4,False
973,9730.0,0.0,9,R3,A1,True,988532.1350312429,500000.0,2,True
973,9730.0,0.0,9,R3,A2,True,7043863.120225582,500000.0,3,False
973,9730.0,0.0,9,R4,A3,True,7830535.74603555,500000.0,1,False
973,9730.0,0.0,9,R4,A4,True,6768677.67382266,500000.0,4,False
974,9740.0,0.0,9,M1,R1,True,7830535.74603555,1000000.0,1,False
974,9740.0,0.0,9,M1,R2,False,263560.31149836106,1000000.0,2,True
974,9740.0,0.0,9,M1,R3,True,6768677.673822663,1000000.0,4,False
974,9740.0,0.0,9,M1,R4,True,7043863.120225582,1000000.0,3,False
974,9740.0,0.0,9,R1,S1,False,393479.0039693361,500000.0,2,True
974,9740.0,0.0,9,R1,S2,True,7043863.120225582,500000.0,3,False
974,9740.0,0.0,9,R2,S3,True,7830535.74603555,500000.0,1,False
974,9740.0,0.0,9,R2,S4,True,6768677.67382266,500000.0,4,False
974,9740.0,0.0,9,R3,A1,True,974912.8212576144,500000.0,2,True
974,9740.0,0.0,9,R3,A2,True,7043863.120225582,500000.0,3,False
974,9740.0,0.0,9,R4,A3,True,7830535.74603555,500000.0,1,False
974,9740.0,0.0,9,R4,A4,True,6768677.67382266,500000.0,4,False
975,9750.0,0.0,9,M1,R1,True,7830535.74603555,1000000.0,1,False
975,9750.0,0.0,9,M1,R2,False,254727.12069150977,1000000.0,2,True
975,9750.0,0.0,9,M1,R3,True,6768677.673822663,1000000.0,4,False
975,9750.0,0.0,9,M1,R4,True,7043863.120225582,1000000.0,3,False
975,9750.0,0.0,9,R1,S1,False,397606.60448289465,500000.0,2,True
975,9750.0,0.0,9,R1,S2,True,7043863.120225582,500000.0,3,False
975,9750.0,0.0,9,R2,S3,True,7830535.74603555,500000.0,1,False
975,9750.0,0.0,9,R2,S4,True,6768677.67382266,500000.0,4,False
975,9750.0,0.0,9,R3,A1,True,961264.8487417854,500000.0,2,True
975,9750.0,0.0,9,R3,A2,True,7043863.120225582,500000.0,3,False
975,9750.0,0.0,9,R4,A3,True,7830535.74603555,500000.0,1,False
975,9750.0,0.0,9,R4,A4,True,6768677.67382266,500000.0,4,False
976,9760.0,0.0,9,M1,R1,True,7830535.74603555,1000000.0,1,False
976,9760.0,0.0,9,M1,R2,False,246413.74308072845,1000000.0,2,True
976,9760.0,0.0,9,M1,R3,True,6768677.673822663,1000000.0,4,False
976,9760.0,0.0,9,M1,R4,True,7043863.120225582,1000000.0,3,False
976,9760.0,0.0,9,R1,S1,False,402217.74242511636,500000.0,2,True
976,9760.0,0.0,9,R1,S2,True,7043863.120225582,500000.0,3,False
976,9760.0,0.0,9,R2,S3,True,7830535.74603555,500000.0,1,False
976,9760.0,0.0,9,R2,S4,True,6768677.67382266,500000.0,4,False
976,9760.0,0.0,9,R3,A1,True,947591.5740534886,500000.0,2,True
976,9760.0,0.0,9,R3,A2,True,7043863.120225582,500000.0,3,False
976,9760.0,0.0,9,R4,A3,True,7830535.74603555,500000.0,1,False
976,9760.0,0.0,9,R4,A4,True,6768677.67382266,500000.0,4,False
977,9770.0,0.0,9,M1,R1,True,7830535.74603555,1000000.0,1,False
977,9770.0,0.0,9,M1,R2,False,238639.5834154624,1000000.0,2,True
977,9770.0,0.0,9,M1,R3,True,6768677.673822663,1000000.0,4,False
977,9770.0,0.0,9,M1,R4,True,7043863.120225582,1000000.0,3,False
977,9770.0,0.0,9,R1,S1,False,407303.0486945005,500000.0,2,True
977,9770.0,0.0,9,R1,S2,True,7043863.120225582,500000.0,3,False
977,9770.0,0.0,9,R2,S3,True,7830535.74603555,500000.0,1,False
977,9770.0,0.0,9,R2,S4,True,6768677.67382266,500000.0,4,False
977,9770.0,0.0,9,R3,A1,True,933896.5752404914,500000.0,2,True
977,9770.0,0.0,9,R3,A2,True,7043863.120225582,500000.0,3,False
977,9770.0,0.0,9,R4,A3,True,7830535.74603555,500000.0,1,False
977,9770.0,0.0,9,R4,A4,True,6768677.67382266,500000.0,4,False
978,9780.0,0.0,9,M1,R1,True,7830535.74603555,1000000.0,1,False
978,9780.0,0.0,9,M1,R2,False,231423.27296867728,1000000.0,2,True
978,9780.0,0.0,9,M1,R3,True,6768677.673822663,1000000.0,4,False
978,9780.0,0.0,9,M1,R4,True,7043863.120225582,1000000.0,3,False
978,9780.0,0.0,9,R1,S1,False,412852.35239329265,500000.0,2,True
978,9780.0,0.0,9,R1,S2,True,7043863.120225582,500000.0,3,False
978,9780.0,0.0,9,R2,S3,True,7830535.74603555,500000.0,1,False
978,9780.0,0.0,9,R2,S4,True,6768677.67382266,500000.0,4,False
978,9780.0,0.0,9,R3,A1,True,920183.6619857218,500000.0,2,True
978,9780.0,0.0,9,R3,A2,True,7043863.120225582,500000.0,3,False
978,9780.0,0.0,9,R4,A3,True,7830535.74603555,500000.0,1,False
978,9780.0,0.0,9,R4,A4,True,6768677.67382266,500000.0,4,False
979,9790.0,0.0,9,M1,R1,True,7830535.74603555,1000000.0,1,False
979,9790.0,0.0,9,M1,R2,False,224782.53555225834,1000000.0,2,True
979,9790.0,0.0,9,M1,R3,True,6768677.673822663,1000000.0,4,False
979,9790.0,0.0,9,M1,R4,True,7043863.120225582,1000000.0,3,False
979,9790.0,0.0,9,R1,S1,False,418854.74515593704,500000.0,2,True
979,9790.0,0.0,9,R1,S2,True,7043863.120225582,500000.0,3,False
979,9790.0,0.0,9,R2,S3,True,7830535.74603555,500000.0,1,False
979,9790.0,0.0,9,R2,S4,True,6768677.67382266,500000.0,4,False
979,9790.0,0.0,9,R3,A1,True,906456.885973439,500000.0,2,True
979,9790.0,0.0,9,R3,A2,True,7043863.120225582,500000.0,3,False
979,9790.0,0.0,9,R4,A3,True,7830535.74603555,500000.0,1,False
979,9790.0,0.0,9,R4,A4,True,6768677.67382266,500000.0,4,False
980,9800.0,0.0,9,M1,R1,True,7830535.74603555,1000000.0,1,False
980,9800.0,0.0,9,M1,R2,False,218734.0545915514,1000000.0,2,True
980,9800.0,0.0,9,M1,R3,True,6768677.673822663,1000000.0,4,False
980,9800.0,0.0,9,M1,R4,True,7043863.120225582,1000000.0,3,False
980,9800.0,0.0,9,R1,S1,False,425298.6481951325,500000.0,2,True
980,9800.0,0.0,9,R1,S2,True,7043863.120225582,500000.0,3,False
980,9800.0,0.0,9,R2,S3,True,7830535.74603555,500000.0,1,False
980,9800.0,0.0,9,R2,S4,True,6768677.67382266,500000.0,4,False
980,9800.0,0.0,9,R3,A1,True,892720.5514348501,500000.0,2,True
980,9800.0,0.0,9,R3,A2,True,7043863.120225582,500000.0,3,False
980,9800.0,0.0,9,R4,A3,True,7830535.74603555,500000.0,1,False
980,9800.0,0.0,9,R4,A4,True,6768677.67382266,500000.0,4,False
981,9810.0,0.0,9,M1,R1,True,7830535.74603555,1000000.0,1,False
981,9810.0,0.0,9,M1,R2,False,213293.34313689792,1000000.0,2,True
981,9810.0,0.0,9,M1,R3,True,6768677.673822663,1000000.0,4,False
981,9810.0,0.0,9,M1,R4,True,7043863.120225582,1000000.0,3,False
981,9810.0,0.0,9,R1,S1,False,432171.8812623257,500000.0,2,True
981,9810.0,0.0,9,R1,S2,True,7043863.120225582,500000.0,3,False
981,9810.0,0.0,9,R2,S3,True,7830535.74603555,500000.0,1,False
981,9810.0,0.0,9,R2,S4,True,6768677.67382266,500000.0,4,False
981,9810.0,0.0,9,R3,A1,True,878979.2258379741,500000.0,2,True
981,9810.0,0.0,9,R3,A2,True,7043863.120225582,500000.0,3,False
981,9810.0,0.0,9,R4,A3,True,7830535.74603555,500000.0,1,False
981,9810.0,0.0,9,R4,A4,True,6768677.67382266,500000.0,4,False
982,9820.0,0.0,9,M1,R1,True,7830535.74603555,1000000.0,1,False
982,9820.0,0.0,9,M1,R2,False,208474.61876355455,1000000.0,2,True
982,9820.0,0.0,9,M1,R3,True,6768677.673822663,1000000.0,4,False
982,9820.0,0.0,9,M1,R4,True,7043863.120225582,1000000.0,3,False
982,9820.0,0.0,9,R1,S1,False,439461.73273618036,500000.0,2,True
982,9820.0,0.0,9,R1,S2,True,7043863.120225582,500000.0,3,False
982,9820.0,0.0,9,R2,S3,True,7830535.74603555,500000.0,1,False
982,9820.0,0.0,9,R2,S4,True,6768677.67382266,500000.0,4,False
982,9820.0,0.0,9,R3,A1,True,865237.7506804668,500000.0,2,True
982,9820.0,0.0,9,R3,A2,True,7043863.120225582,500000.0,3,False
982,9820.0,0.0,9,R4,A3,True,7830535.74603555,500000.0,1,False
982,9820.0,0.0,9,R4,A4,True,6768677.67382266,500000.0,4,False
983,9830.0,0.0,9,M1,R1,True,7830535.74603555,1000000.0,1,False
983,9830.0,0.0,9,M1,R2,False,204290.68534021144,1000000.0,2,True
983,9830.0,0.0,9,M1,R3,True,6768677.673822663,1000000.0,4,False
983,9830.0,0.0,9,M1,R4,True,7043863.120225582,1000000.0,3,False
983,9830.0,0.0,9,R1,S1,False,447155.0300826444,500000.0,2,True
983,9830.0,0.0,9,R1,S2,True,7043863.120225582,500000.0,3,False
983,9830.0,0.0,9,R2,S3,True,7830535.74603555,500000.0,1,False
983,9830.0,0.0,9,R2,S4,True,6768677.67382266,500000.0,4,False
983,9830.0,0.0,9,R3,A1,True,851501.2523374205,500000.0,2,True
983,9830.0,0.0,9,R3,A2,True,7043863.120225582,500000.0,3,False
983,9830.0,0.0,9,R4,A3,True,7830535.74603555,500000.0,1,False
983,9830.0,0.0,9,R4,A4,True,6768677.67382266,500000.0,4,False
984,9840.0,0.0,9,M1,R1,True,7830535.74603555,1000000.0,1,False
984,9840.0,0.0,9,M1,R2,False,200752.82362593646,1000000.0,2,True
984,9840.0,0.0,9,M1,R3,True,6768677.673822663,1000000.0,4,False
984,9840.0,0.0,9,M1,R4,True,7043863.120225582,1000000.0,3,False
984,9840.0,0.0,9,R1,S1,False,455238.20997231477,500000.0,2,True
984,9840.0,0.0,9,R1,S2,True,7043863.120225582,500000.0,3,False
984,9840.0,0.0,9,R2,S3,True,7830535.74603555,500000.0,1,False
984,9840.0,0.0,9,R2,S4,True,6768677.67382266,500000.0,4,False
984,9840.0,0.0,9,R3,A1,True,837775.1529088715,500000.0,2,True
984,9840.0,0.0,9,R3,A2,True,7043863.120225582,500000.0,3,False
984,9840.0,0.0,9,R4,A3,True,7830535.74603555,500000.0,1,False
984,9840.0,0.0,9,R4,A4,True,6768677.67382266,500000.0,4,False
985,9850.0,0.0,9,M1,R1,True,7830535.74603555,1000000.0,1,False
985,9850.0,0.0,9,M1,R2,False,197870.69258264292,1000000.0,2,True
985,9850.0,0.0,9,M1,R3,True,6768677.673822663,1000000.0,4,False
985,9850.0,0.0,9,M1,R4,True,7043863.120225582,1000000.0,3,False
985,9850.0,0.0,9,R1,S1,False,463697.3873926812,500000.0,2,True
985,9850.0,0.0,9,R1,S2,True,7043863.120225582,500000.0,3,False
985,9850.0,0.0,9,R2,S3,True,7830535.74603555,500000.0,1,False
985,9850.0,0.0,9,R2,S4,True,6768677.67382266,500000.0,4,False
985,9850.0,0.0,9,R3,A1,True,824065.1810038734,500000.0,2,True
985,9850.0,0.0,9,R3,A2,True,7043863.120225582,500000.0,3,False
985,9850.0,0.0,9,R4,A3,True,7830535.74603555,500000.0,1,False
985,9850.0,0.0,9,R4,A4,True,6768677.67382266,500000.0,4,False
986,9860.0,0.0,9,M1,R1,True,7830535.74603555,1000000.0,1,False
986,9860.0,0.0,9,M1,R2,False,195652.24316426693,1000000.0,2,True
986,9860.0,0.0,9,M1,R3,True,6768677.673822663,1000000.0,4,False
986,9860.0,0.0,9,M1,R4,True,7043863.120225582,1000000.0,3,False
986,9860.0,0.0,9,R1,S1,False,472518.42315262643,500000.0,2,True
986,9860.0,0.0,9,R1,S2,True,7043863.120225582,500000.0,3,False
986,9860.0,0.0,9,R2,S3,True,7830535.74603555,500000.0,1,False
986,9860.0,0.0,9,R2,S4,True,6768677.67382266,500000.0,4,False
986,9860.0,0.0,9,R3,A1,True,810377.3823895239,500000.0,2,True
986,9860.0,0.0,9,R3,A2,True,7043863.120225582,500000.0,3,False
986,9860.0,0.0,9,R4,A3,True,7830535.74603555,500000.0,1,False
986,9860.0,0.0,9,R4,A4,True,6768677.67382266,500000.0,4,False
987,9870.0,0.0,9,M1,R1,True,7830535.74603555,1000000.0,1,False
987,9870.0,0.0,9,M1,R2,False,194103.64616569944,1000000.0,2,True
987,9870.0,0.0,9,M1,R3,True,6768677.673822663,1000000.0,4,False
987,9870.0,0.0,9,M1,R4,True,7043863.120225582,1000000.0,3,False
987,9870.0,0.0,9,R1,S1,False,481686.9892421913,500000.0,2,True
987,9870.0,0.0,9,R1,S2,True,7043863.120225582,500000.0,3,False
987,9870.0,0.0,9,R2,S3,True,7830535.74603555,500000.0,1,False
987,9870.0,0.0,9,R2,S4,True,6768677.67382266,500000.0,4,False
987,9870.0,0.0,9,R3,A1,True,796718.1304243077,500000.0,2,True
987,9870.0,0.0,9,R3,A2,True,7043863.120225582,500000.0,3,False
987,9870.0,0.0,9,R4,A3,True,7830535.74603555,500000.0,1,False
987,9870.0,0.0,9,R4,A4,True,6768677.67382266,500000.0,4,False
988,9880.0,0.0,9,M1,R1,True,7830535.74603555,1000000.0,1,False
988,9880.0,0.0,9,M1,R2,False,193229.23548768056,1000000.0,2,True
988,9880.0,0.0,9,M1,R3,True,6768677.673822663,1000000.0,4,False
988,9880.0,0.0,9,M1,R4,True,7043863.120225582,1000000.0,3,False
988,9880.0,0.0,9,R1,S1,False,491188.6315800496,500000.0,2,True
988,9880.0,0.0,9,R1,S2,True,7043863.120225582,500000.0,3,False
988,9880.0,0.0,9,R2,S3,True,7830535.74603555,500000.0,1,False
988,9880.0,0.0,9,R2,S4,True,6768677.67382266,500000.0,4,False
988,9880.0,0.0,9,R3,A1,True,783094.1361853891,500000.0,2,True
988,9880.0,0.0,9,R3,A2,True,7043863.120225582,500000.0,3,False
988,9880.0,0.0,9,R4,A3,True,7830535.74603555,500000.0,1,False
988,9880.0,0.0,9,R4,A4,True,6768677.67382266,500000.0,4,False
989,9890.0,0.0,10,M1,R1,True,7830535.74603555,1000000.0,1,False
989,9890.0,0.0,10,M1,R2,False,193031.4679038539,1000000.0,2,True
989,9890.0,0.0,10,M1,R3,True,6768677.673822663,1000000.0,4,False
989,9890.0,0.0,10,M1,R4,True,7043863.120225582,1000000.0,3,False
989,9890.0,0.0,10,R1,S1,True,501008.829752403,500000.0,2,True
989,9890.0,0.0,10,R1,S2,True,7043863.120225582,500000.0,3,False
989,9890.0,0.0,10,R2,S3,True,7830535.74603555,500000.0,1,False
989,9890.0,0.0,10,R2,S4,True,6768677.67382266,500000.0,4,False
989,9890.0,0.0,10,R3,A1,True,769512.4581895443,500000.0,2,True
989,9890.0,0.0,10,R3,A2,True,7043863.120225582,500000.0,3,False
989,9890.0,0.0,10,R4,A3,True,7830535.74603555,500000.0,1,False
989,9890.0,0.0,10,R4,A4,True,6768677.67382266,500000.0,4,False
990,9900.0,0.0,10,M1,R1,True,7830535.74603555,1000000.0,1,False
990,9900.0,0.0,10,M1,R2,False,193510.900110742,1000000.0,2,True
990,9900.0,0.0,10,M1,R3,True,6768677.673822663,1000000.0,4,False
990,9900.0,0.0,10,M1,R4,True,7043863.120225582,1000000.0,3,False
990,9900.0,0.0,10,R1,S1,True,511133.0534185061,500000.0,2,True
990,9900.0,0.0,10,R1,S2,True,7043863.120225582,500000.0,3,False
990,9900.0,0.0,10,R2,S3,True,7830535.74603555,500000.0,1,False
990,9900.0,0.0,10,R2,S4,True,6768677.67382266,500000.0,4,False
990,9900.0,0.0,10,R3,A1,True,755980.5115966214,500000.0,2,True
990,9900.0,0.0,10,R3,A2,True,7043863.120225582,500000.0,3,False
990,9900.0,0.0,10,R4,A3,True,7830535.74603555,500000.0,1,False
990,9900.0,0.0,10,R4,A4,True,6768677.67382266,500000.0,4,False
991,9910.0,0.0,10,M1,R1,True,7830535.74603555,1000000.0,1,False
991,9910.0,0.0,10,M1,R2,False,194666.18350999715,1000000.0,2,True
991,9910.0,0.0,10,M1,R3,True,6768677.673822663,1000000.0,4,False
991,9910.0,0.0,10,M1,R4,True,7043863.120225582,1000000.0,3,False
991,9910.0,0.0,10,R1,S1,True,521546.8151280128,500000.0,2,True
991,9910.0,0.0,10,R1,S2,True,7043863.120225582,500000.0,3,False
991,9910.0,0.0,10,R2,S3,True,7830535.74603555,500000.0,1,False
991,9910.0,0.0,10,R2,S4,True,6768677.67382266,500000.0,4,False
991,9910.0,0.0,10,R3,A1,True,742506.0767735861,500000.0,2,True
991,9910.0,0.0,10,R3,A2,True,7043863.120225582,500000.0,3,False
991,9910.0,0.0,10,R4,A3,True,7830535.74603555,500000.0,1,False
991,9910.0,0.0,10,R4,A4,True,6768677.67382266,500000.0,4,False
992,9920.0,0.0,10,M1,R1,True,7830535.74603555,1000000.0,1,False
992,9920.0,0.0,10,M1,R2,False,196494.07682575026,1000000.0,2,True
992,9920.0,0.0,10,M1,R3,True,6768677.673822663,1000000.0,4,False
992,9920.0,0.0,10,M1,R4,True,7043863.120225582,1000000.0,3,False
992,9920.0,0.0,10,R1,S1,True,532235.7193626212,500000.0,2,True
992,9920.0,0.0,10,R1,S2,True,7043863.120225582,500000.0,3,False
992,9920.0,0.0,10,R2,S3,True,7830535.74603555,500000.0,1,False
992,9920.0,0.0,10,R2,S4,True,6768677.67382266,500000.0,4,False
992,9920.0,0.0,10,R3,A1,True,729097.3070858807,500000.0,2,True
992,9920.0,0.0,10,R3,A2,True,7043863.120225582,500000.0,3,False
992,9920.0,0.0,10,R4,A3,True,7830535.74603555,500000.0,1,False
992,9920.0,0.0,10,R4,A4,True,6768677.67382266,500000.0,4,False
993,9930.0,0.0,10,M1,R1,True,7830535.74603555,1000000.0,1,False
993,9930.0,0.0,10,M1,R2,False,198989.47630979278,1000000.0,2,True
993,9930.0,0.0,10,M1,R3,True,6768677.673822663,1000000.0,4,False
993,9930.0,0.0,10,M1,R4,True,7043863.120225582,1000000.0,3,False
993,9930.0,0.0,10,R1,S1,True,543185.5076779176,500000.0,2,True
993,9930.0,0.0,10,R1,S2,True,7043863.120225582,500000.0,3,False
993,9930.0,0.0,10,R2,S3,True,7830535.74603555,500000.0,1,False
993,9930.0,0.0,10,R2,S4,True,6768677.67382266,500000.0,4,False
993,9930.0,0.0,10,R3,A1,True,715762.7357714603,500000.0,2,True
993,9930.0,0.0,10,R3,A2,True,7043863.120225582,500000.0,3,False
993,9930.0,0.0,10,R4,A3,True,7830535.74603555,500000.0,1,False
993,9930.0,0.0,10,R4,A4,True,6768677.67382266,500000.0,4,False
994,9940.0,0.0,10,M1,R1,True,7830535.74603555,1000000.0,1,False
994,9940.0,0.0,10,M1,R2,False,202145.46294557984,1000000.0,2,True
994,9940.0,0.0,10,M1,R3,True,6768677.673822663,1000000.0,4,False
994,9940.0,0.0,10,M1,R4,True,7043863.120225582,1000000.0,3,False
994,9940.0,0.0,10,R1,S1,True,554382.0998799852,500000.0,2,True
994,9940.0,0.0,10,R1,S2,True,7043863.120225582,500000.0,3,False
994,9940.0,0.0,10,R2,S3,True,7830535.74603555,500000.0,1,False
994,9940.0,0.0,10,R2,S4,True,6768677.67382266,500000.0,4,False
994,9940.0,0.0,10,R3,A1,True,702511.2817414557,500000.0,2,True
994,9940.0,0.0,10,R3,A2,True,7043863.120225582,500000.0,3,False
994,9940.0,0.0,10,R4,A3,True,7830535.74603555,500000.0,1,False
994,9940.0,0.0,10,R4,A4,True,6768677.67382266,500000.0,4,False
995,9950.0,0.0,10,M1,R1,True,7830535.74603555,1000000.0,1,False
995,9950.0,0.0,10,M1,R2,False,205953.36573995848,1000000.0,2,True
995,9950.0,0.0,10,M1,R3,True,6768677.673822663,1000000.0,4,False
995,9950.0,0.0,10,M1,R4,True,7043863.120225582,1000000.0,3,False
995,9950.0,0.0,10,R1,S1,True,565811.6312247356,500000.0,2,True
995,9950.0,0.0,10,R1,S2,True,7043863.120225582,500000.0,3,False
995,9950.0,0.0,10,R2,S3,True,7830535.74603555,500000.0,1,False
995,9950.0,0.0,10,R2,S4,True,6768677.67382266,500000.0,4,False
995,9950.0,0.0,10,R3,A1,True,689352.2541402912,500000.0,2,True
995,9950.0,0.0,10,R3,A2,True,7043863.120225582,500000.0,3,False
995,9950.0,0.0,10,R4,A3,True,7830535.74603555,500000.0,1,False
995,9950.0,0.0,10,R4,A4,True,6768677.67382266,500000.0,4,False
996,9960.0,0.0,10,M1,R1,True,7830535.74603555,1000000.0,1,False
996,9960.0,0.0,10,M1,R2,False,210402.839899491,1000000.0,2,True
996,9960.0,0.0,10,M1,R3,True,6768677.673822663,1000000.0,4,False
996,9960.0,0.0,10,M1,R4,True,7043863.120225582,1000000.0,3,False
996,9960.0,0.0,10,R1,S1,True,577460.4856754915,500000.0,2,True
996,9960.0,0.0,10,R1,S2,True,7043863.120225582,500000.0,3,False
996,9960.0,0.0,10,R2,S3,True,7830535.74603555,500000.0,1,False
996,9960.0,0.0,10,R2,S4,True,6768677.67382266,500000.0,4,False
996,9960.0,0.0,10,R3,A1,True,676295.3554873088,500000.0,2,True
996,9960.0,0.0,10,R3,A2,True,7043863.120225582,500000.0,3,False
996,9960.0,0.0,10,R4,A3,True,7830535.74603555,500000.0,1,False
996,9960.0,0.0,10,R4,A4,True,6768677.67382266,500000.0,4,False
997,9970.0,0.0,10,M1,R1,True,7830535.74603555,1000000.0,1,False
997,9970.0,0.0,10,M1,R2,False,215481.9584351415,1000000.0,2,True
997,9970.0,0.0,10,M1,R3,True,6768677.673822663,1000000.0,4,False
997,9970.0,0.0,10,M1,R4,True,7043863.120225582,1000000.0,3,False
997,9970.0,0.0,10,R1,S1,True,589315.3252959793,500000.0,2,True
997,9970.0,0.0,10,R1,S2,True,7043863.120225582,500000.0,3,False
997,9970.0,0.0,10,R2,S3,True,7830535.74603555,500000.0,1,False
997,9970.0,0.0,10,R2,S4,True,6768677.67382266,500000.0,4,False
997,9970.0,0.0,10,R3,A1,True,663350.6832119597,500000.0,2,True
997,9970.0,0.0,10,R3,A2,True,7043863.120225582,500000.0,3,False
997,9970.0,0.0,10,R4,A3,True,7830535.74603555,500000.0,1,False
997,9970.0,0.0,10,R4,A4,True,6768677.67382266,500000.0,4,False
998,9980.0,0.0,10,M1,R1,True,7830535.74603555,1000000.0,1,False
998,9980.0,0.0,10,M1,R2,False,221177.3155316873,1000000.0,2,True
998,9980.0,0.0,10,M1,R3,True,6768677.673822663,1000000.0,4,False
998,9980.0,0.0,10,M1,R4,True,7043863.120225582,1000000.0,3,False
998,9980.0,0.0,10,R1,S1,True,601363.115891547,500000.0,2,True
998,9980.0,0.0,10,R1,S2,True,7043863.120225582,500000.0,3,False
998,9980.0,0.0,10,R2,S3,True,7830535.74603555,500000.0,1,False
998,9980.0,0.0,10,R2,S4,True,6768677.67382266,500000.0,4,False
998,9980.0,0.0,10,R3,A1,True,650528.7293856073,500000.0,2,True
998,9980.0,0.0,10,R3,A2,True,7043863.120225582,500000.0,3,False
998,9980.0,0.0,10,R4,A3,True,7830535.74603555,500000.0,1,False
998,9980.0,0.0,10,R4,A4,True,6768677.67382266,500000.0,4,False
999,9990.0,0.0,10,M1,R1,True,7830535.74603555,1000000.0,1,False
999,9990.0,0.0,10,M1,R2,False,227474.139861444,1000000.0,2,True
999,9990.0,0.0,10,M1,R3,True,6768677.673822663,1000000.0,4,False
999,9990.0,0.0,10,M1,R4,True,7043863.120225582,1000000.0,3,False
999,9990.0,0.0,10,R1,S1,True,613591.1490411112,500000.0,2,True
999,9990.0,0.0,10,R1,S2,True,7043863.120225582,500000.0,3,False
999,9990.0,0.0,10,R2,S3,True,7830535.74603555,500000.0,1,False
999,9990.0,0.0,10,R2,S4,True,6768677.67382266,500000.0,4,False
999,9990.0,0.0,10,R3,A1,True,637840.3784453482,500000.0,2,True
999,9990.0,0.0,10,R3,A2,True,7043863.120225582,500000.0,3,False
999,9990.0,0.0,10,R4,A3,True,7830535.74603555,500000.0,1,False
999,9990.0,0.0,10,R4,A4,True,6768677.67382266,500000.0,4,False
1000,10000.0,0.0,10,M1,R1,True,7830535.74603555,1000000.0,1,False
1000,10000.0,0.0,10,M1,R2,False,234356.41591795898,1000000.0,2,True
1000,10000.0,0.0,10,M1,R3,True,6768677.673822663,1000000.0,4,False
1000,10000.0,0.0,10,M1,R4,True,7043863.120225582,1000000.0,3,False
1000,10000.0,0.0,10,R1,S1,True,625987.06068641,500000.0,2,True
1000,10000.0,0.0,10,R1,S2,True,7043863.120225582,500000.0,3,False
1000,10000.0,0.0,10,R2,S3,True,7830535.74603555,500000.0,1,False
1000,10000.0,0.0,10,R2,S4,True,6768677.67382266,500000.0,4,False
1000,10000.0,0.0,10,R3,A1,True,625296.9026993724,500000.0,2,True
1000,10000.0,0.0,10,R3,A2,True,7043863.120225582,500000.0,3,False
1000,10000.0,0.0,10,R4,A3,True,7830535.74603555,500000.0,1,False
1000,10000.0,0.0,10,R4,A4,True,6768677.67382266,500000.0,4,False
